488 488 488 488 488 488 488 488 488 488 488 488 488 488 488 488 488 512 512 512 512 512 512 512 512 512 512 512 512 512 512 512 512 512 512 512 512 512 512 512 512 512 512 512 512 512 512 512 512 512
488 488 488 488 488 488 488 488 488 488 488 488 488 488 488 488 488 512 512 512 512 512 512 512 512 512 512 512 512 512 512 512 512 512 512 512 512 512 512 512 512 512 512 512 512 512 512 512 512 512
488 488 488 488 488 488 488 488 488 488 488 488 488 488 488 488 488 512 512 512 512 512 512 512 512 512 512 512 512 512 512 512 512 512 512 512 512 512 512 512 512 512 512 512 512 512 512 512 512 512
488 488 488 488 488 488 488 488 488 488 488 488 488 488 488 488 488 512 512 512 512 512 512 512 512 512 512 512 512 512 512 512 512 512 512 512 512 512 512 512 512 512 512 512 512 512 512 512 512 512
488 488 488 488 488 488 488 488 488 488 488 488 488 488 488 488 488 512 512 512 512 512 512 512 512 512 512 512 512 512 512 512 512 512 512 512 512 512 512 512 512 512 512 512 512 512 512 512 512 512
488 488 488 488 488 488 488 488 488 488 488 488 488 488 488 488 488 512 512 512 512 512 512 512 512 512 512 512 512 512 512 512 512 512 512 512 512 512 512 512 512 512 512 512 512 512 512 512 512 512
488 488 488 488 488 488 488 488 488 488 488 488 488 488 488 488 488 512 512 512 512 512 512 512 512 512 512 512 512 512 512 512 512 512 512 512 512 512 512 512 512 512 512 512 512 512 512 512 512 512
488 488 488 488 488 488 488 488 488 488 488 488 488 488 488 488 488 512 512 512 512 512 512 512 512 512 512 512 512 512 512 512 512 512 512 512 512 512 512 512 512 512 512 512 512 512 512 512 512 512
488 488 488 488 488 488 488 488 488 488 488 488 488 488 488 488 488 512 512 512 512 512 512 512 512 512 512 512 512 512 512 512 512 512 512 512 512 512 512 512 512 512 512 512 512 512 512 512 512 512
488 488 488 488 488 488 488 488 488 488 488 488 488 488 488 488 488 512 512 512 512 512 512 512 512 512 512 512 512 512 512 512 512 512 512 512 512 512 512 512 512 512 512 512 512 512 512 512 512 512
488 488 488 488 488 488 488 488 488 488 488 488 488 488 488 488 488 512 512 512 512 512 512 512 512 512 512 512 512 512 512 512 512 512 512 512 512 512 512 512 512 512 512 512 512 512 512 512 512 512
488 488 488 488 488 488 488 488 488 488 488 488 488 488 488 488 488 512 512 512 512 512 512 512 512 512 512 512 512 512 512 512 512 512 512 512 512 512 512 512 512 512 512 512 512 512 512 512 512 512
488 488 488 488 488 488 488 488 488 488 488 488 488 488 488 488 488 512 512 512 512 512 512 512 512 512 512 512 512 512 512 512 512 512 512 512 512 512 512 512 512 512 512 512 512 512 512 512 512 512
488 488 488 488 488 488 488 488 488 488 488 488 488 488 488 488 488 512 512 512 512 512 512 512 512 512 512 512 512 512 512 512 512 512 512 512 512 512 512 512 512 512 512 512 512 512 512 512 512 512
488 488 488 488 488 488 488 488 488 488 488 488 488 488 488 488 488 512 512 512 512 512 512 512 512 512 512 512 512 512 512 512 512 512 512 512 512 512 512 512 512 512 512 512 512 512 512 512 512 512
488 488 488 488 488 488 488 488 488 488 488 488 488 488 488 488 488 512 512 512 512 512 512 512 512 512 512 512 512 512 512 512 512 512 512 512 512 512 512 512 512 512 512 512 512 512 512 512 512 512
488 488 488 488 488 488 488 488 488 488 488 488 488 488 488 488 488 512 512 512 512 512 512 512 512 512 512 512 512 512 512 512 512 512 512 512 512 512 512 512 512 512 512 512 512 512 512 512 512 512
512 512 512 512 512 512 512 512 512 512 512 512 512 512 512 512 512 488 488 488 488 488 488 488 488 488 488 488 488 488 488 488 488 488 488 488 488 488 488 488 488 488 488 488 488 488 488 488 488 488
512 512 512 512 512 512 512 512 512 512 512 512 512 512 512 512 512 488 488 488 488 488 488 488 488 488 488 488 488 488 488 488 488 488 488 488 488 488 488 488 488 488 488 488 488 488 488 488 488 488
512 512 512 512 512 512 512 512 512 512 512 512 512 512 512 512 512 488 488 488 488 488 488 488 488 488 488 488 488 488 488 488 488 488 488 488 488 488 488 488 488 488 488 488 488 488 488 488 488 488
512 512 512 512 512 512 512 512 512 512 512 512 512 512 512 512 512 488 488 488 488 488 488 488 488 488 488 488 488 488 488 488 488 488 488 488 488 488 488 488 488 488 488 488 488 488 488 488 488 488
512 512 512 512 512 512 512 512 512 512 512 512 512 512 512 512 512 488 488 488 488 488 488 488 488 488 488 488 488 488 488 488 488 488 488 488 488 488 488 488 488 488 488 488 488 488 488 488 488 488
512 512 512 512 512 512 512 512 512 512 512 512 512 512 512 512 512 488 488 488 488 488 488 488 488 488 488 488 488 488 488 488 488 488 488 488 488 488 488 488 488 488 488 488 488 488 488 488 488 488
512 512 512 512 512 512 512 512 512 512 512 512 512 512 512 512 512 488 488 488 488 488 488 488 488 488 488 488 488 488 488 488 488 488 488 488 488 488 488 488 488 488 488 488 488 488 488 488 488 488
512 512 512 512 512 512 512 512 512 512 512 512 512 512 512 512 512 488 488 488 488 488 488 488 488 488 488 488 488 488 488 488 488 488 488 488 488 488 488 488 488 488 488 488 488 488 488 488 488 488
512 512 512 512 512 512 512 512 512 512 512 512 512 512 512 512 512 488 488 488 488 488 488 488 488 488 488 488 488 488 488 488 488 488 488 488 488 488 488 488 488 488 488 488 488 488 488 488 488 488
512 512 512 512 512 512 512 512 512 512 512 512 512 512 512 512 512 488 488 488 488 488 488 488 488 488 488 488 488 488 488 488 488 488 488 488 488 488 488 488 488 488 488 488 488 488 488 488 488 488
512 512 512 512 512 512 512 512 512 512 512 512 512 512 512 512 512 488 488 488 488 488 488 488 488 488 488 488 488 488 488 488 488 488 488 488 488 488 488 488 488 488 488 488 488 488 488 488 488 488
512 512 512 512 512 512 512 512 512 512 512 512 512 512 512 512 512 488 488 488 488 488 488 488 488 488 488 488 488 488 488 488 488 488 488 488 488 488 488 488 488 488 488 488 488 488 488 488 488 488
512 512 512 512 512 512 512 512 512 512 512 512 512 512 512 512 512 488 488 488 488 488 488 488 488 488 488 488 488 488 488 488 488 488 488 488 488 488 488 488 488 488 488 488 488 488 488 488 488 488
512 512 512 512 512 512 512 512 512 512 512 512 512 512 512 512 512 488 488 488 488 488 488 488 488 488 488 488 488 488 488 488 488 488 488 488 488 488 488 488 488 488 488 488 488 488 488 488 488 488
512 512 512 512 512 512 512 512 512 512 512 512 512 512 512 512 512 488 488 488 488 488 488 488 488 488 488 488 488 488 488 488 488 488 488 488 488 488 488 488 488 488 488 488 488 488 488 488 488 488
512 512 512 512 512 512 512 512 512 512 512 512 512 512 512 512 512 488 488 488 488 488 488 488 488 488 488 488 488 488 488 488 488 488 488 488 488 488 488 488 488 488 488 488 488 488 488 488 488 488
512 512 512 512 512 512 512 512 512 512 512 512 512 512 512 512 512 488 488 488 488 488 488 488 488 488 488 488 488 488 488 488 488 488 488 488 488 488 488 488 488 488 488 488 488 488 488 488 488 488
512 512 512 512 512 512 512 512 512 512 512 512 512 512 512 512 512 488 488 488 488 488 488 488 488 488 488 488 488 488 488 488 488 488 488 488 488 488 488 488 488 488 488 488 488 488 488 488 488 488
512 512 512 512 512 512 512 512 512 512 512 512 512 512 512 512 512 488 488 488 488 488 488 488 488 488 488 488 488 488 488 488 488 488 488 488 488 488 488 488 488 488 488 488 488 488 488 488 488 488
512 512 512 512 512 512 512 512 512 512 512 512 512 512 512 512 512 488 488 488 488 488 488 488 488 488 488 488 488 488 488 488 488 488 488 488 488 488 488 488 488 488 488 488 488 488 488 488 488 488
512 512 512 512 512 512 512 512 512 512 512 512 512 512 512 512 512 488 488 488 488 488 488 488 488 488 488 488 488 488 488 488 488 488 488 488 488 488 488 488 488 488 488 488 488 488 488 488 488 488
512 512 512 512 512 512 512 512 512 512 512 512 512 512 512 512 512 488 488 488 488 488 488 488 488 488 488 488 488 488 488 488 488 488 488 488 488 488 488 488 488 488 488 488 488 488 488 488 488 488
512 512 512 512 512 512 512 512 512 512 512 512 512 512 512 512 512 488 488 488 488 488 488 488 488 488 488 488 488 488 488 488 488 488 488 488 488 488 488 488 488 488 488 488 488 488 488 488 488 488
512 512 512 512 512 512 512 512 512 512 512 512 512 512 512 512 512 488 488 488 488 488 488 488 488 488 488 488 488 488 488 488 488 488 488 488 488 488 488 488 488 488 488 488 488 488 488 488 488 488
512 512 512 512 512 512 512 512 512 512 512 512 512 512 512 512 512 488 488 488 488 488 488 488 488 488 488 488 488 488 488 488 488 488 488 488 488 488 488 488 488 488 488 488 488 488 488 488 488 488
512 512 512 512 512 512 512 512 512 512 512 512 512 512 512 512 512 488 488 488 488 488 488 488 488 488 488 488 488 488 488 488 488 488 488 488 488 488 488 488 488 488 488 488 488 488 488 488 488 488
512 512 512 512 512 512 512 512 512 512 512 512 512 512 512 512 512 488 488 488 488 488 488 488 488 488 488 488 488 488 488 488 488 488 488 488 488 488 488 488 488 488 488 488 488 488 488 488 488 488
512 512 512 512 512 512 512 512 512 512 512 512 512 512 512 512 512 488 488 488 488 488 488 488 488 488 488 488 488 488 488 488 488 488 488 488 488 488 488 488 488 488 488 488 488 488 488 488 488 488
512 512 512 512 512 512 512 512 512 512 512 512 512 512 512 512 512 488 488 488 488 488 488 488 488 488 488 488 488 488 488 488 488 488 488 488 488 488 488 488 488 488 488 488 488 488 488 488 488 488
512 512 512 512 512 512 512 512 512 512 512 512 512 512 512 512 512 488 488 488 488 488 488 488 488 488 488 488 488 488 488 488 488 488 488 488 488 488 488 488 488 488 488 488 488 488 488 488 488 488
512 512 512 512 512 512 512 512 512 512 512 512 512 512 512 512 512 488 488 488 488 488 488 488 488 488 488 488 488 488 488 488 488 488 488 488 488 488 488 488 488 488 488 488 488 488 488 488 488 488
512 512 512 512 512 512 512 512 512 512 512 512 512 512 512 512 512 488 488 488 488 488 488 488 488 488 488 488 488 488 488 488 488 488 488 488 488 488 488 488 488 488 488 488 488 488 488 488 488 488
512 512 512 512 512 512 512 512 512 512 512 512 512 512 512 512 512 488 488 488 488 488 488 488 488 488 488 488 488 488 488 488 488 488 488 488 488 488 488 488 488 488 488 488 488 488 488 488 488 488
0 0 0
0 0 -17
0 0 -9
0 0 -5
0 0 -7
0 0 -6
0 0 12
0 -17 0
0 -9 0
0 -13 0
0 -11 0
0 -12 0
0 5 0
1 0 0
1 0 -17
1 0 -9
1 0 -5
1 0 -3
1 0 -4
1 0 14
1 -17 0
1 -9 0
1 -5 0
1 -7 0
1 -8 0
1 10 0
2 0 0
2 0 -17
2 0 8
2 0 4
2 0 2
2 0 1
2 -17 0
2 8 0
2 4 0
2 6 0
2 5 0
3 0 0
3 0 -17
3 0 8
3 0 4
3 0 6
3 0 6
3 0 5
3 -17 0
3 -9 0
3 -5 0
3 -5 0
3 -7 0
3 -8 0
3 9 0
4 0 0
4 0 -17
4 0 8
4 0 4
4 0 6
4 0 7
4 -17 0
4 8 0
4 12 0
4 10 0
4 11 0
5 0 0
5 0 -17
5 0 -9
5 0 -5
5 0 -7
5 0 -6
5 0 12
5 -17 0
5 -9 0
5 -5 0
5 -7 0
5 -8 0
5 10 0
6 0 0
6 0 -17
6 0 -9
6 0 -13
6 0 -11
6 0 -10
6 0 7
6 -17 0
6 8 0
6 12 0
6 14 0
6 13 0
7 0 0
7 0 -17
7 0 8
7 0 4
7 0 2
7 0 1
7 -17 0
7 -9 0
7 -5 0
7 -7 0
7 -8 0
7 9 0
8 0 0
8 0 -17
8 0 -17
8 0 -9
8 0 -5
8 0 -7
8 0 -8
8 0 10
9 0 0
9 0 -17
9 0 8
9 0 4
9 0 6
9 0 7
9 -17 0
9 8 0
9 12 0
9 14 0
9 15 0
9 15 0
9 16 0
10 0 0
10 0 -17
10 0 8
10 0 4
10 0 6
10 0 5
10 -17 0
10 -9 0
10 -5 0
10 -3 0
10 -2 0
10 15 0
11 0 0
11 0 -17
11 0 -9
11 0 -13
11 0 -15
11 0 -16
11 0 1
11 -17 0
11 -9 0
11 -5 0
11 -3 0
11 -4 0
11 13 0
12 0 0
12 0 -17
12 0 -9
12 0 -13
12 0 -11
12 0 -12
12 0 6
12 -17 0
12 -9 0
12 -13 0
12 -11 0
12 -12 0
12 5 0
13 0 0
13 0 -17
13 0 -9
13 0 -5
13 0 -7
13 0 -6
13 0 12
14 0 0
14 0 -17
14 0 -9
14 0 -13
14 0 -11
14 0 -10
14 0 8
15 0 0
15 0 -17
15 0 -9
15 0 -5
15 0 -7
15 0 -8
15 0 10
16 0 0
16 0 -17
16 0 -9
16 0 -13
16 0 -11
16 0 -10
16 0 7
16 -17 0
16 -9 0
16 -5 0
16 -3 0
16 -4 0
16 13 0
17 0 0
17 0 -17
17 0 -9
17 0 -13
17 0 -11
17 0 -10
17 0 7
17 -17 0
17 -9 0
17 -13 0
17 -11 0
17 -12 0
17 5 0
18 0 0
18 0 -17
18 0 -9
18 0 -5
18 0 -7
18 0 -6
18 0 12
18 -17 0
18 -17 0
18 -9 0
18 -13 0
18 -15 0
18 -14 0
18 4 0
19 0 0
19 0 -17
19 0 -9
19 0 -5
19 0 -3
19 0 -2
19 0 -1
19 0 16
20 0 0
20 0 -17
20 0 8
20 0 4
20 0 2
20 0 1
21 0 0
21 0 0
21 0 -17
21 0 8
21 0 4
21 0 6
21 0 5
22 0 0
22 0 -17
22 0 8
22 0 4
22 0 2
22 0 3
23 0 0
23 0 -17
23 0 -9
23 0 -13
23 0 -11
23 0 -10
23 0 7
23 -17 0
23 -9 0
23 -5 0
23 -7 0
23 -8 0
23 10 0
24 0 0
24 0 -17
24 0 8
24 0 12
24 0 14
24 0 13
25 0 0
25 0 -17
25 0 -9
25 0 -5
25 0 -3
25 0 -2
25 0 15
26 0 0
26 0 -17
26 0 8
26 0 12
26 0 10
26 0 9
26 -17 0
26 -9 0
26 -5 0
26 -3 0
26 -2 0
26 -2 0
26 -1 0
26 16 0
27 0 0
27 0 -17
27 0 -9
27 0 -13
27 0 -15
27 0 -16
27 0 2
27 -17 0
27 8 0
27 12 0
27 10 0
27 11 0
28 0 0
28 0 -17
28 0 -9
28 0 -13
28 0 -11
28 0 -12
28 0 -12
28 0 5
28 -17 0
28 8 0
28 12 0
28 14 0
28 13 0
29 0 0
29 0 -17
29 0 -9
29 0 -5
29 0 -3
29 0 -4
29 0 14
29 -17 0
29 -9 0
29 -5 0
29 -3 0
29 -4 0
29 14 0
30 0 0
30 0 -17
30 0 8
30 0 12
30 0 10
30 0 11
30 -17 0
30 -9 0
30 -13 0
30 -11 0
30 -12 0
30 5 0
31 0 0
31 0 -17
31 0 8
31 0 12
31 0 10
31 0 9
31 -17 0
31 -9 0
31 -9 0
31 -5 0
31 -3 0
31 -4 0
31 13 0
32 0 0
32 0 -17
32 0 8
32 0 12
32 0 10
32 0 11
32 -17 0
32 8 0
32 12 0
32 10 0
32 11 0
33 0 0
33 0 -17
33 0 -9
33 0 -13
33 0 -11
33 0 -12
33 0 6
33 -17 0
33 -9 0
33 -13 0
33 -11 0
33 -12 0
33 6 0
34 0 0
34 0 -17
34 0 -9
34 0 -5
34 0 -3
34 0 -2
34 0 -1
34 0 16
34 -17 0
34 -9 0
34 -13 0
34 -11 0
34 -10 0
34 8 0
35 0 0
35 0 -17
35 0 -9
35 0 -5
35 0 -3
35 0 -2
35 0 -1
35 0 17
35 -17 0
35 -9 0
35 -13 0
35 -11 0
35 -12 0
35 -12 0
35 6 0
36 0 0
36 0 -17
36 0 -9
36 0 -5
36 0 -3
36 0 -2
36 0 -1
36 0 16
36 -17 0
36 8 0
36 12 0
36 10 0
36 9 0
36 9 0
37 0 0
37 0 -17
37 0 8
37 0 4
37 0 6
37 0 5
37 -17 0
37 -9 0
37 -5 0
37 -3 0
37 -2 0
37 -1 0
37 17 0
38 0 0
38 0 -17
38 0 8
38 0 12
38 0 10
38 0 11
38 -17 0
38 -9 0
38 -5 0
38 -7 0
38 -8 0
38 10 0
39 0 0
39 0 -17
39 0 -9
39 0 -5
39 0 -3
39 0 -2
39 0 -1
39 0 16
39 -17 0
39 8 0
39 12 0
39 14 0
39 15 0
39 16 0
40 0 0
40 0 -17
40 0 -9
40 0 -13
40 0 -11
40 0 -10
40 0 7
40 -17 0
40 8 0
40 4 0
40 2 0
40 3 0
41 0 0
41 0 -17
41 0 -9
41 0 -13
41 0 -11
41 0 -12
41 0 5
41 -17 0
41 8 0
41 4 0
41 6 0
41 5 0
42 0 0
42 0 -17
42 0 -9
42 0 -9
42 0 -13
42 0 -15
42 0 -16
42 0 2
42 -17 0
42 -9 0
42 -5 0
42 -7 0
42 -8 0
42 9 0
43 0 0
43 0 -17
43 0 8
43 0 4
43 0 6
43 0 5
43 -17 0
43 -9 0
43 -13 0
43 -15 0
43 -16 0
43 2 0
44 0 0
44 0 -17
44 0 -9
44 0 -13
44 0 -11
44 0 -12
44 0 6
45 0 0
45 0 -17
45 0 -9
45 0 -13
45 0 -11
45 0 -10
45 0 8
46 0 0
46 0 -17
46 0 -9
46 0 -5
46 0 -7
46 0 -6
46 0 11
47 0 0
47 0 -17
47 0 8
47 0 4
47 0 6
47 0 7
47 0 7
48 0 0
48 0 0
48 0 -17
48 0 -9
48 0 -13
48 0 -15
48 0 -14
48 0 3
49 0 0
49 0 -17
49 0 -9
49 0 -5
49 0 -3
49 0 -2
49 0 15
49 -17 0
49 -9 0
49 -5 0
49 -7 0
49 -8 0
49 9 0
50 0 0
50 0 0
50 0 -17
50 0 -9
50 0 -13
50 0 -15
50 0 -16
50 0 1
50 -17 0
50 -9 0
50 -13 0
50 -15 0
50 -15 0
50 -16 0
50 2 0
51 0 0
51 0 -17
51 0 -9
51 0 -13
51 0 -15
51 0 -14
51 0 4
51 -17 0
51 -9 0
51 -5 0
51 -7 0
51 -8 0
51 10 0
52 0 0
52 0 -17
52 0 -9
52 0 -13
52 0 -15
52 0 -14
52 0 3
52 0 3
53 0 0
53 0 -17
53 0 -9
53 0 -13
53 0 -11
53 0 -10
53 0 7
53 -17 0
53 -9 0
53 -5 0
53 -3 0
53 -4 0
53 14 0
54 0 0
54 0 -17
54 0 8
54 0 12
54 0 14
54 0 15
54 -17 0
54 -9 0
54 -13 0
54 -13 0
54 -15 0
54 -14 0
54 -14 0
54 4 0
55 0 0
55 0 -17
55 0 -9
55 0 -5
55 0 -3
55 0 -4
55 0 14
56 0 0
56 0 -17
56 0 -9
56 0 -5
56 0 -3
56 0 -3
56 0 -2
56 0 -1
56 0 16
57 0 0
57 0 -17
57 0 -9
57 0 -9
57 0 -13
57 0 -15
57 0 -16
57 0 1
58 0 0
58 0 -17
58 0 -17
58 0 -9
58 0 -5
58 0 -7
58 0 -6
58 0 11
58 -17 0
58 -9 0
58 -13 0
58 -11 0
58 -10 0
58 7 0
59 0 0
59 0 -17
59 0 8
59 0 12
59 0 14
59 0 15
59 -17 0
59 -9 0
59 -13 0
59 -11 0
59 -12 0
59 5 0
60 0 0
60 0 -17
60 0 -9
60 0 -5
60 0 -5
60 0 -3
60 0 -3
60 0 -4
60 0 13
61 0 0
61 0 -17
61 0 8
61 0 4
61 0 6
61 0 5
61 -17 0
61 -9 0
61 -5 0
61 -7 0
61 -6 0
61 12 0
62 0 0
62 0 -17
62 0 -9
62 0 -5
62 0 -3
62 0 -2
62 0 15
62 -17 0
62 -9 0
62 -5 0
62 -3 0
62 -2 0
62 -1 0
62 17 0
63 0 0
63 0 -17
63 0 8
63 0 4
63 0 6
63 0 7
63 -17 0
63 -9 0
63 -13 0
63 -11 0
63 -10 0
63 8 0
64 0 0
64 0 -17
64 0 8
64 0 12
64 0 10
64 0 11
64 -17 0
64 -9 0
64 -5 0
64 -3 0
64 -4 0
64 13 0
65 0 0
65 0 -17
65 0 8
65 0 12
65 0 14
65 0 13
66 0 0
66 0 -17
66 0 -9
66 0 -5
66 0 -7
66 0 -8
66 0 9
67 0 0
67 0 -17
67 0 8
67 0 12
67 0 10
67 0 9
67 0 9
68 0 0
68 0 -17
68 0 8
68 0 12
68 0 10
68 0 11
69 0 0
69 0 -17
69 0 8
69 0 4
69 0 6
69 0 7
69 -17 0
69 -9 0
69 -5 0
69 -7 0
69 -8 0
69 9 0
70 0 0
70 0 -17
70 0 8
70 0 4
70 0 2
70 0 1
71 0 0
71 0 -17
71 0 -9
71 0 -5
71 0 -3
71 0 -4
71 0 14
72 0 0
72 0 -17
72 0 -9
72 0 -13
72 0 -15
72 0 -16
72 0 1
72 0 1
73 0 0
73 0 -17
73 0 -9
73 0 -5
73 0 -7
73 0 -6
73 0 12
73 -17 0
73 8 0
73 12 0
73 14 0
73 13 0
74 0 0
74 0 -17
74 0 8
74 0 12
74 0 14
74 0 15
75 0 0
75 0 -17
75 0 8
75 0 4
75 0 2
75 0 1
75 -17 0
75 -9 0
75 -13 0
75 -11 0
75 -10 0
75 8 0
76 0 0
76 0 -17
76 0 -9
76 0 -5
76 0 -3
76 0 -2
76 0 -1
76 0 16
76 -17 0
76 -9 0
76 -5 0
76 -7 0
76 -8 0
76 10 0
77 0 0
77 0 -17
77 0 8
77 0 4
77 0 2
77 0 1
77 -17 0
77 -9 0
77 -13 0
77 -15 0
77 -14 0
77 3 0
78 0 0
78 0 -17
78 0 8
78 0 4
78 0 6
78 0 7
78 -17 0
78 -9 0
78 -5 0
78 -3 0
78 -4 0
78 14 0
79 0 0
79 0 -17
79 0 8
79 0 4
79 0 2
79 0 1
79 -17 0
79 -9 0
79 -9 0
79 -5 0
79 -7 0
79 -6 0
79 12 0
80 0 0
80 0 -17
80 0 -9
80 0 -13
80 0 -11
80 0 -10
80 0 7
80 -17 0
80 -9 0
80 -5 0
80 -3 0
80 -4 0
80 -4 0
80 14 0
81 0 0
81 0 -17
81 0 -9
81 0 -13
81 0 -11
81 0 -10
81 0 8
82 0 0
82 0 -17
82 0 8
82 0 4
82 0 6
82 0 7
83 0 0
83 0 -17
83 0 -9
83 0 -9
83 0 -5
83 0 -3
83 0 -4
83 0 14
83 -17 0
83 -9 0
83 -5 0
83 -7 0
83 -6 0
83 11 0
84 0 0
84 0 -17
84 0 -9
84 0 -5
84 0 -3
84 0 -2
84 0 -1
84 0 17
84 -17 0
84 -9 0
84 -5 0
84 -3 0
84 -2 0
84 -1 0
84 17 0
85 0 0
85 0 -17
85 0 -17
85 0 -9
85 0 -5
85 0 -3
85 0 -2
85 0 -1
85 0 17
86 0 0
86 0 -17
86 0 -9
86 0 -5
86 0 -7
86 0 -8
86 0 10
87 0 0
87 0 -17
87 0 -9
87 0 -13
87 0 -11
87 0 -10
87 0 8
87 -17 0
87 -9 0
87 -13 0
87 -11 0
87 -12 0
87 5 0
88 0 0
88 0 -17
88 0 -9
88 0 -5
88 0 -3
88 0 -2
88 0 -1
88 0 17
89 0 0
89 0 -17
89 0 -9
89 0 -13
89 0 -15
89 0 -14
89 0 4
89 -17 0
89 -9 0
89 -13 0
89 -11 0
89 -12 0
89 5 0
90 0 0
90 0 -17
90 0 -9
90 0 -5
90 0 -7
90 0 -6
90 0 11
90 -17 0
90 8 0
90 12 0
90 10 0
90 9 0
91 0 0
91 0 -17
91 0 -9
91 0 -13
91 0 -15
91 0 -16
91 0 2
92 0 0
92 0 -17
92 0 -9
92 0 -5
92 0 -3
92 0 -4
92 0 13
92 -17 0
92 -9 0
92 -5 0
92 -7 0
92 -8 0
92 10 0
93 0 0
93 0 -17
93 0 -9
93 0 -13
93 0 -15
93 0 -16
93 0 2
94 0 0
94 0 -17
94 0 -9
94 0 -5
94 0 -7
94 0 -8
94 0 9
95 0 0
95 0 -17
95 0 -9
95 0 -5
95 0 -3
95 0 -4
95 0 13
95 -17 0
95 -9 0
95 -5 0
95 -3 0
95 -4 0
95 13 0
96 0 0
96 0 -17
96 0 8
96 0 4
96 0 6
96 0 5
97 0 0
97 0 -17
97 0 -9
97 0 -5
97 0 -3
97 0 -4
97 0 14
97 -17 0
97 -9 0
97 -13 0
97 -15 0
97 -16 0
97 -16 0
97 1 0
98 0 0
98 0 -17
98 0 -9
98 0 -5
98 0 -7
98 0 -8
98 0 9
99 0 0
99 0 -17
99 0 -9
99 0 -13
99 0 -11
99 0 -10
99 0 8
99 -17 0
99 -9 0
99 -13 0
99 -11 0
99 -10 0
99 8 0
-1 -1 -1
74
21
95
64
88
59
85
65
3
81
49
53
30
12
40
39
13
73
75
15
16
26
84
19
42
17
5
87
82
10
33
14
89
27
25
28
90
45
23
80
97
94
62
78
96
47
29
38
36
61
77
22
4
50
35
66
55
11
70
32
99
56
44
68
54
1
37
60
24
63
43
2
93
83
48
69
20
76
51
57
9
7
6
18
0
46
86
72
8
31
92
91
58
34
71
52
79
41
98
67
