50 100 1
0 18
0 21
1 9
1 32
1 36
2 47
3 18
3 39
4 42
4 44
5 25
6 7
7 21
7 34
7 44
7 46
8 34
9 14
9 17
10 25
10 31
11 38
12 5
12 49
13 13
13 17
15 15
15 41
16 16
16 30
17 13
17 26
18 20
21 0
21 25
22 7
22 23
23 0
23 17
25 38
26 2
26 38
27 2
27 43
27 46
28 1
28 6
28 31
28 46
29 6
29 18
29 30
30 33
30 42
30 43
31 43
31 44
31 47
32 3
32 14
32 30
32 40
32 46
33 17
33 36
33 45
33 46
34 22
34 43
35 4
35 28
35 39
35 42
36 2
36 36
37 47
38 15
38 16
38 38
39 1
39 20
39 37
40 2
40 35
40 43
41 1
41 5
41 11
42 41
43 2
44 2
44 12
44 25
44 39
45 11
46 0
47 27
48 13
48 40
49 26
39
4
6
40
22
49
30
73
58
74
96
67
81
28
63
27
45
37
93
20
46
76
13
17
91
92
89
23
9
98
36
51
75
26
33
87
43
86
47
35
99
78
7
79
64
85
62
32
48
84
21
29
3
95
71
38
0
25
94
60
52
77
5
24
61
44
10
97
11
72
80
69
54
59
90
57
16
12
55
83
2
70
53
65
41
34
68
18
14
15
66
31
1
88
19
42
82
50
56
8
-1
1
0
0
0
-1
0
1
1
0
-1
0
0
1
1
0
0
0
1
-2
-2
-1
0
0
2
0
0
0
0
-1
-2
-1
0
-1
-1
-1
0
0
-2
0
1
0
0
0
0
1
1
0
2
0
1
1
1
0
-1
1
-1
-1
0
1
0
0
0
-1
-1
1
3
1
-1
1
0
-1
-1
0
-1
1
0
-1
0
1
-2
0
0
0
-1
-2
1
0
0
1
-2
-1
-1
-1
-2
1
0
0
1
0
0
1
1
-2
-2
1
0
0
1
1
-1
0
0
-1
0
-1
1
0
0
0
-2
1
0
-2
0
1
-1
-1
-1
1
0
1
-2
0
1
0
-1
-1
1
-1
1
1
1
1
1
0
0
0
1
-1
-1
-1
-2
1
-2
0
0
-1
-1
0
0
1
1
0
-1
1
0
-1
0
2
-1
-1
1
1
-1
1
0
-1
1
-1
1
0
-2
1
1
0
0
0
2
0
0
0
0
-1
0
-2
1
-1
-2
0
-1
1
0
1
0
2
3
2
0
-2
0
0
0
-1
0
0
-1
3
1
0
-1
-2
0
1
0
1
1
-2
0
0
0
-1
-1
0
0
-1
1
1
0
-1
-1
0
1
0
1
0
0
0
-2
-1
0
-1
0
0
0
1
1
0
-1
0
1
0
-1
2
2
1
0
-1
-1
-1
-1
0
-1
-2
-1
0
0
1
0
-1
-2
1
-2
0
0
-1
1
1
0
1
2
-1
-1
0
0
0
-1
0
3
-1
-1
-2
1
-1
0
1
-1
1
0
2
-2
1
0
-1
-1
0
1
1
-1
0
0
-1
-1
1
-1
0
0
0
1
0
0
1
1
-2
0
0
-1
0
0
0
0
-1
-1
0
-3
0
0
1
1
2
1
-1
0
1
-2
-1
1
-1
0
1
0
0
-1
-1
0
1
-2
0
0
-1
-1
1
0
-1
0
0
0
1
-1
-1
-1
-1
-1
-2
0
0
0
-1
0
0
-2
0
1
0
-1
2
0
0
0
-1
0
0
1
-1
0
2
-1
1
1
0
-1
1
-1
0
0
0
0
1
-2
0
0
0
1
0
0
0
1
1
-1
0
1
-2
-2
-2
-1
0
-1
0
-1
0
1
1
0
-1
-1
0
0
1
-1
1
-1
1
-1
0
1
1
-1
-1
-1
-2
1
-1
0
-3
0
1
0
1
1
2
0
1
0
2
0
1
-3
0
-1
0
1
1
0
-1
0
0
-2
0
0
0
1
-2
-1
1
-1
0
-2
0
0
2
1
0
0
1
-1
-1
-1
0
1
-1
-1
-1
0
-2
0
0
0
-1
0
1
2
0
2
-1
-1
0
2
1
0
0
-1
0
3
-1
1
2
-1
-2
0
0
0
1
0
0
1
0
1
0
0
1
-1
0
2
0
1
-1
3
-1
0
1
0
0
-2
0
0
-1
-1
1
1
-1
1
-1
-1
1
0
-2
-1
-2
2
1
0
0
2
0
0
0
0
-1
1
-1
0
-1
0
-1
0
1
0
0
-1
0
0
1
1
0
0
1
0
0
0
0
-1
2
-1
-2
0
-1
-1
1
2
-2
0
1
1
0
-1
0
1
-1
-1
-1
0
-2
-1
0
0
0
1
2
-1
0
-1
0
0
0
0
0
0
-3
2
1
1
0
-1
0
0
-1
-2
0
-1
-1
-1
0
1
-2
1
1
-1
-1
0
-2
1
0
0
0
1
0
0
-1
1
0
1
-1
1
0
1
0
0
1
1
0
1
0
1
-1
-1
-1
-1
0
1
1
0
-2
0
0
0
0
0
1
0
1
0
1
-1
0
1
1
1
1
0
0
0
0
-1
0
1
0
1
-2
-1
-1
1
1
1
1
-1
-1
-1
0
0
2
1
-2
-2
-1
0
-1
0
0
-2
-1
-1
2
-1
0
1
-1
-1
-1
0
1
-1
0
-2
-1
0
0
0
1
1
0
0
0
1
-2
0
0
0
0
1
2
-1
1
0
0
-1
0
1
2
2
0
0
-2
-2
-1
-1
0
2
1
1
-1
1
0
0
-2
0
0
1
1
-1
0
0
1
2
0
0
0
-1
1
0
0
-1
0
0
-1
-1
-1
0
0
-1
0
-1
-1
-1
0
1
-1
0
1
-1
0
0
1
-1
-2
0
0
0
-1
1
0
0
0
1
1
0
0
-1
0
0
0
-1
-2
0
0
0
0
0
0
0
1
-1
0
-1
1
0
0
1
1
-1
0
0
0
0
1
0
-2
-1
0
0
-1
-1
-1
1
0
0
-1
0
3
1
1
1
0
-1
0
0
-1
-1
0
0
1
-2
0
0
-2
1
0
1
-2
1
0
0
0
-1
1
-1
-1
1
-2
-1
0
-1
0
0
0
2
-1
-1
-1
-1
-1
-1
0
1
0
0
-1
1
0
0
0
0
0
1
-1
0
0
0
-1
-2
0
-1
0
0
-1
0
1
-1
-3
0
1
0
0
0
-2
1
-1
0
0
0
1
-1
1
0
-2
-1
-1
0
0
-1
1
2
0
-2
0
-1
-1
2
0
-1
-1
-1
0
0
-1
-1
2
1
1
-2
1
2
2
0
-1
1
2
1
-1
-1
0
-1
-1
0
-1
-1
0
0
2
0
-1
0
1
0
0
1
0
1
-1
-2
1
1
1
-1
-1
0
0
0
0
2
2
2
1
1
0
0
0
2
1
0
1
-1
1
-2
0
1
2
0
1
-1
0
0
1
-2
0
0
0
0
0
0
-1
0
-1
-3
1
-1
0
-1
2
-1
0
1
1
1
0
0
0
3
1
0
-2
0
-1
-2
2
-2
0
0
-1
-1
0
-2
2
0
0
-2
0
-1
-1
1
0
1
-3
0
0
-1
1
-3
1
0
-1
1
0
0
0
3
-1
-2
1
0
0
2
-1
-1
1
1
0
-2
-1
2
0
3
0
-1
0
2
1
-1
-1
2
1
0
0
-1
0
-1
2
-2
0
0
1
-1
0
0
1
0
0
-2
1
0
1
-2
-1
-1
1
0
0
-1
1
-3
0
1
-2
-1
2
-1
1
-1
0
1
1
-1
-1
0
1
-1
0
0
0
-1
0
0
0
2
-1
1
1
1
0
-1
2
0
-3
2
-1
1
1
1
1
-1
-1
-1
0
0
0
1
0
1
0
1
0
-1
1
1
1
0
1
1
0
1
1
0
0
1
0
2
-1
0
-2
0
1
-1
-1
0
0
-1
1
1
-1
0
2
-1
1
1
-1
0
1
0
1
1
-1
1
1
1
-1
-1
2
-1
0
-1
-1
0
-1
2
0
0
0
-1
0
1
0
1
1
1
0
0
1
-1
2
1
0
1
0
0
-1
1
0
2
-1
0
-4
-1
1
-1
3
0
1
1
1
1
-1
0
-1
0
-1
0
-1
0
0
1
1
0
-1
-1
-1
1
1
0
1
1
-2
0
-1
0
0
0
1
-2
1
0
0
1
2
1
1
0
-1
-1
1
-1
0
-1
-1
-1
0
0
2
2
1
-1
-2
-1
2
0
0
1
1
0
0
-2
-1
0
-1
-1
2
-1
0
2
0
0
0
0
1
1
1
1
0
-2
0
1
0
1
-1
2
0
0
-2
1
2
0
1
2
-1
-2
1
3
2
0
1
0
0
-1
2
0
1
0
0
-1
0
1
-1
0
0
0
0
0
-1
0
-2
0
1
0
0
-1
0
0
-1
-1
-1
2
-1
0
0
0
0
0
0
-1
0
0
1
1
-1
0
-1
-1
0
0
2
-1
-2
1
-1
2
-1
0
1
1
-2
-1
0
0
2
1
-2
0
1
0
-1
0
-1
0
0
1
0
-1
0
-1
0
0
0
-2
1
0
-1
-2
1
1
0
0
-1
0
1
0
0
2
0
0
0
2
1
0
-1
-1
-1
1
1
0
-1
2
-2
-2
-1
-1
1
-2
-1
-1
0
-1
1
0
0
0
-2
0
-1
-1
-1
-1
3
-1
0
-2
0
-1
1
1
1
0
0
0
0
1
2
1
-2
-1
0
0
3
0
0
0
-1
1
1
1
-1
0
-1
0
0
1
-1
0
0
1
1
1
1
1
0
0
-1
0
1
1
-2
0
-1
1
1
-2
0
0
0
0
1
2
1
-2
0
0
-1
1
0
0
-1
0
0
-1
1
-2
-1
1
0
0
1
1
-1
-2
0
1
0
-1
0
-1
-2
-2
-1
0
0
-1
1
-1
-1
0
1
0
2
-1
1
-1
1
1
-1
0
1
0
1
0
-1
-1
-1
-1
0
-1
1
1
-1
0
1
-1
-2
0
1
0
1
0
1
0
0
1
-1
0
0
1
-1
-1
0
1
1
0
-1
-1
0
1
-1
-1
-1
1
2
1
1
0
0
1
-1
-2
0
0
-2
2
0
0
1
0
1
1
1
0
2
1
1
-1
-1
-1
0
0
0
0
1
-2
-2
-1
-1
-2
2
-1
1
0
1
1
-1
-2
2
-1
0
1
1
1
1
0
-2
0
1
0
1
1
-2
-1
1
-1
1
0
2
2
-1
1
0
1
0
1
0
-1
1
0
1
1
-1
-1
-1
-1
1
0
1
1
-1
1
1
1
2
0
-1
0
-2
0
1
0
-1
-1
1
1
-1
-1
1
1
0
0
-1
-1
-2
-2
-1
0
-1
-3
-1
-1
1
0
0
0
0
-2
2
1
-1
-1
1
1
2
-1
0
0
1
2
0
-2
-1
0
-2
0
0
0
0
0
0
0
0
2
2
0
1
1
-2
0
0
-1
0
0
-1
-1
1
1
0
0
0
2
1
2
-1
1
-1
1
0
-1
1
-2
1
2
1
1
1
-1
-1
1
-1
0
-2
1
-1
1
-1
0
0
0
-1
-1
-1
1
1
0
0
0
2
-1
-2
1
0
1
1
2
-2
-1
0
0
0
1
-2
-1
1
2
-1
-2
0
0
1
0
1
0
1
3
0
1
-1
0
1
-1
2
0
1
1
1
-2
1
-2
2
0
1
1
-1
0
-1
0
0
1
-1
2
0
1
1
1
0
0
1
-1
-1
-1
-2
1
-1
0
-1
0
0
0
0
0
-2
1
0
0
-1
1
-2
0
0
0
0
1
0
0
0
0
0
0
0
1
0
1
0
-1
0
-1
1
0
2
0
1
0
1
0
0
0
0
-1
2
0
1
0
0
1
2
-1
0
-1
-1
2
-1
0
0
-1
0
0
0
-1
1
0
-1
1
0
1
2
1
1
-1
0
0
0
0
0
-2
1
-1
2
1
-1
-1
-1
-2
-1
1
-1
1
-1
2
-1
1
1
0
1
1
0
0
0
1
0
2
1
1
-1
-1
0
-1
-1
1
1
0
-2
0
1
2
0
1
-1
-1
0
0
1
0
-1
1
0
1
-1
0
1
1
2
-1
1
0
-2
0
-1
-2
-1
0
0
2
2
0
3
0
-1
1
0
0
0
1
0
0
1
1
-2
-1
1
-1
0
-1
0
2
-1
1
1
1
0
0
1
0
-1
0
3
1
0
0
-2
0
0
0
-1
0
0
0
1
1
0
0
0
0
2
0
0
0
0
-1
0
-1
-2
-2
0
2
-2
1
1
0
0
0
1
-1
1
2
0
0
0
-1
0
-1
-1
-1
-2
-1
1
1
-2
1
0
0
-1
2
-1
-2
0
1
2
-1
2
-1
1
-1
-1
2
-1
1
1
0
0
-1
0
-1
-1
0
0
2
1
0
1
2
2
-1
1
0
-1
-1
-1
1
2
2
2
1
2
0
-2
0
0
1
-1
-1
0
-2
-1
-1
0
1
0
1
0
0
0
-2
1
-1
-1
-1
2
1
0
1
-1
-1
1
-2
0
1
0
1
1
0
1
0
-2
1
1
1
1
-2
-2
0
0
1
0
0
1
0
1
2
0
-2
-1
0
0
0
1
1
1
0
1
-1
0
1
-1
-1
0
-1
0
-1
-1
0
0
2
0
2
0
-2
0
0
1
0
-1
1
-1
0
0
-1
1
1
0
-1
-2
0
1
0
0
0
0
0
1
1
0
-1
-1
-1
1
1
-1
0
-1
-2
-1
0
0
0
-2
1
1
-1
1
0
1
-1
-1
-1
0
0
-1
0
0
-2
0
1
0
-1
1
1
0
0
0
1
2
0
-1
0
1
-1
0
1
0
-2
1
2
-2
2
1
-1
-1
0
1
0
-1
2
0
1
1
0
0
-1
0
0
-1
-1
0
1
1
0
1
0
1
-1
-1
0
3
-1
0
-1
1
-2
-2
-1
-1
0
1
-1
0
1
-2
-1
0
-2
-1
-1
2
0
0
0
-1
0
0
0
0
2
0
-1
0
0
-2
1
-2
2
1
-2
-1
1
1
0
1
1
0
1
-1
1
-1
0
1
-2
-2
1
0
-2
-2
-2
0
-1
0
-1
0
0
0
0
-1
-1
-1
0
-1
0
0
-2
0
2
1
1
0
1
1
-2
0
2
1
0
0
-1
-2
0
-1
-1
-1
-1
-1
0
0
-1
0
1
1
-1
-1
1
1
-1
0
-1
1
-1
2
-1
-1
-1
0
0
-1
0
-1
-1
0
1
0
0
1
0
0
1
0
-1
0
0
-1
2
-1
1
-2
0
0
-1
-2
0
-1
2
2
1
-1
2
2
-1
0
0
1
-1
2
0
0
0
0
0
1
1
-1
0
-1
-1
-1
1
1
-1
0
0
0
2
1
1
-1
1
-2
1
-1
-1
0
0
1
0
0
-1
-1
-2
0
1
-2
2
2
1
-3
0
1
0
0
0
0
0
-1
0
0
1
-1
-1
-1
0
-1
0
-1
1
0
0
0
2
-2
1
1
1
0
0
2
0
1
0
-1
0
0
-1
0
3
-1
1
-1
1
1
-2
-1
1
-1
-1
1
0
-1
0
-1
-1
1
0
0
0
0
1
0
0
0
-1
0
1
0
-1
0
0
1
0
0
1
0
-1
-1
0
0
0
1
0
0
1
-1
-1
-2
-1
1
1
0
-3
0
0
0
1
0
-2
0
0
-1
1
0
0
0
0
0
1
0
1
2
-1
0
1
-1
0
0
0
-1
0
-1
-1
2
0
-2
0
0
-2
-1
0
0
2
1
1
0
-1
0
0
1
0
0
-2
1
2
3
2
2
0
1
-1
0
1
0
0
1
0
2
-1
2
2
-1
0
0
-1
-1
0
0
1
-2
1
0
-1
1
1
0
1
-1
1
-1
2
1
-1
0
0
0
1
2
-2
0
2
-1
0
0
0
-1
1
1
-1
-2
-2
-1
-1
-1
1
-1
-2
0
0
-1
0
1
-1
0
1
0
0
1
-1
2
-1
0
0
-1
0
-1
-2
0
-2
0
1
-1
0
-1
1
0
-1
0
0
0
1
-1
-1
1
-1
-1
0
1
0
1
-1
1
0
0
-1
-2
0
0
1
0
1
-1
-1
-1
0
1
1
0
-1
0
-1
0
1
0
0
0
1
1
-2
1
-1
-1
-1
-1
1
0
0
-1
1
0
0
-1
-1
1
0
0
-2
-2
1
-1
0
1
1
0
0
-1
-1
1
-2
0
1
-1
1
-1
-2
1
0
-2
-1
0
-1
0
0
0
-1
-1
-1
1
1
0
1
-1
0
0
-2
-1
1
1
-1
1
-3
0
-1
-1
0
1
1
-1
-1
-1
1
0
0
1
-1
1
-1
0
0
1
-1
0
1
-1
-2
0
1
1
0
0
1
0
1
1
0
-2
0
0
-1
0
2
1
1
0
2
2
-1
-1
1
1
0
2
-1
0
-1
1
0
-1
1
2
-2
-1
1
0
0
0
-1
-1
0
1
0
0
-1
1
-1
0
2
0
1
-2
2
-2
-2
0
1
-2
0
-2
1
-1
0
0
0
1
0
1
-1
1
0
1
-1
1
1
1
0
1
1
-1
0
-1
-1
-1
1
-1
0
0
1
0
1
0
0
0
1
-1
1
-1
0
0
1
0
0
0
-1
0
1
0
-1
1
1
0
1
-3
1
1
-1
1
1
1
2
-1
0
-1
-2
0
-1
-1
0
1
1
0
0
0
2
0
0
0
0
0
0
2
0
0
0
-2
1
1
1
1
0
1
0
0
1
1
1
-2
0
-1
0
0
0
-1
0
1
-1
-1
0
0
2
-2
-1
0
1
0
0
-1
0
1
1
0
0
0
0
-1
1
0
0
-2
-1
0
0
2
1
-1
0
1
0
1
0
-1
0
-1
0
2
1
-1
0
0
-1
0
0
1
-1
0
0
1
1
2
1
-1
0
1
1
0
0
1
2
1
-2
0
1
2
0
-1
1
0
0
0
0
1
0
1
0
0
0
0
-1
1
0
0
1
1
1
0
0
-1
0
-2
-1
-1
0
-1
0
1
0
-1
0
1
1
1
-2
0
0
0
-2
0
-1
1
0
0
0
-1
-2
0
0
0
-1
0
-1
1
0
1
1
0
-1
0
1
0
-1
-1
0
1
0
0
1
0
1
2
0
-1
0
-1
0
1
-1
2
2
-1
-1
1
1
1
1
1
-1
0
0
1
0
0
0
-1
-1
0
0
-1
-1
0
0
1
-1
1
0
2
0
1
1
1
-1
0
0
-1
-1
1
0
1
0
1
0
3
0
0
0
0
-3
0
1
0
-2
1
1
0
0
1
-1
1
0
1
2
-1
1
1
0
0
-1
0
-1
0
1
-1
1
0
1
0
0
-2
1
0
1
1
0
-1
0
0
2
0
-2
0
0
0
-2
1
0
0
1
-1
-2
1
1
0
0
1
1
1
1
-1
-1
0
2
0
1
0
0
-1
0
0
1
0
-1
0
-1
0
0
2
-1
0
-1
0
1
-1
2
-1
1
0
-1
-1
0
1
0
0
2
0
1
-1
0
-1
-1
1
0
-1
-1
1
-1
-2
-1
-1
0
0
0
-1
0
2
1
0
-2
1
-2
0
0
2
-1
0
0
-1
1
-1
0
-1
0
1
2
-1
-1
1
1
-2
0
0
-2
0
0
0
-1
1
0
-1
0
0
0
0
0
0
-2
0
-1
0
-1
1
1
2
-1
1
0
1
0
0
0
0
1
0
0
-2
-2
1
-1
-1
0
1
1
1
2
0
-1
1
1
-1
1
1
1
0
-1
0
1
0
1
1
2
-1
2
0
3
-1
0
1
1
-1
1
0
0
0
0
0
-1
0
0
-1
-2
0
1
2
1
-1
2
0
0
0
-1
0
-2
-1
1
-1
0
-2
0
0
1
2
-1
1
1
1
-2
-1
1
0
0
-1
0
0
0
0
0
0
-1
0
0
0
0
1
0
0
-2
-1
0
0
0
0
-1
0
-2
1
1
2
-1
2
-1
-1
1
0
0
1
-1
-1
-1
0
-2
0
-1
0
0
-2
-1
0
0
1
0
0
0
-2
2
0
0
-1
1
-1
0
0
1
-1
1
1
-1
2
0
-1
-2
0
-2
-2
1
-1
-1
0
2
-1
0
1
1
-1
-2
-1
-1
1
2
1
1
-2
0
1
1
0
1
2
0
0
1
0
0
-1
-1
0
0
0
0
1
0
-1
-1
1
0
2
0
0
0
1
0
0
0
-1
1
0
0
2
-1
-1
0
2
-1
0
2
1
1
0
2
0
-1
-1
2
1
-1
0
0
0
0
-1
0
1
1
0
1
-1
-1
-1
0
0
-1
0
1
-1
0
0
0
0
2
1
1
0
1
-1
1
0
-1
2
1
-1
0
1
-1
1
0
-1
2
1
0
0
-2
1
0
0
-1
2
-2
0
-1
1
1
0
1
0
-1
1
1
-1
1
1
1
1
0
0
0
-1
0
-1
0
-2
-2
0
-1
0
0
0
0
-2
1
1
-1
1
-1
1
0
1
-1
0
0
2
0
1
0
2
0
0
1
1
1
0
1
0
2
1
0
0
0
0
0
0
-1
-1
0
1
-2
-1
1
2
1
0
0
-1
-1
1
0
0
0
0
1
0
-1
2
-2
-1
0
1
0
-1
0
0
0
1
0
-1
-2
-1
0
-1
0
-1
0
-1
-1
0
-1
-1
-2
-2
-1
-1
-1
-1
1
0
0
0
0
1
-2
1
1
-2
-2
-1
-2
2
0
1
0
2
-1
-1
-2
0
-1
0
0
0
2
0
-1
-2
1
-1
0
-1
0
0
1
1
-1
0
0
1
-1
-1
0
-1
0
0
1
0
0
-1
1
1
0
1
-1
0
1
2
0
0
-1
-1
-1
-1
1
-2
0
0
1
0
-1
0
0
-2
0
-1
0
1
1
-1
0
0
-3
0
-1
1
0
0
-1
0
-1
1
1
-1
0
0
1
2
-1
-2
-1
-2
0
0
-1
-2
-1
-1
-2
-1
1
0
0
0
-1
1
-1
-2
0
1
1
0
1
0
1
0
-1
1
0
0
0
-2
-1
0
-1
-1
-1
1
1
0
2
0
-1
2
-1
-1
-1
0
-1
0
-1
0
-1
-1
1
-1
1
1
0
0
1
1
0
0
0
-1
0
2
-1
1
0
0
-1
1
2
1
-1
-1
0
0
0
0
2
1
1
-1
1
0
1
1
2
-1
-1
0
-1
0
0
-2
1
0
1
1
-1
0
-1
-2
-1
0
-1
0
1
-1
-1
1
0
0
-2
0
-1
0
-2
0
0
-1
-2
-1
0
-1
1
-1
0
1
-1
0
0
-1
0
1
-1
0
1
0
-1
0
0
1
0
1
0
1
0
1
-1
0
0
1
1
0
0
-2
-1
0
1
0
-1
-2
-1
-1
-1
2
0
1
1
3
1
0
-1
2
-1
0
0
1
2
1
3
0
0
-2
-2
0
3
0
1
2
1
0
2
1
-1
1
-1
-3
2
3
-1
0
0
1
-1
-1
-1
1
1
0
0
1
0
-1
-1
-1
1
1
0
-1
-1
2
1
1
-1
-1
0
1
0
1
-1
0
0
0
0
1
1
0
2
0
-1
0
1
0
0
1
0
0
0
0
-2
0
0
1
-1
0
0
1
0
-1
0
1
0
1
0
0
0
0
1
0
1
0
1
0
1
1
1
2
0
-2
-1
2
0
0
0
1
-1
0
2
-1
3
1
-1
0
0
1
0
0
0
-2
0
-2
1
0
-2
0
0
0
-1
0
0
1
3
-1
2
0
1
0
0
-2
2
-1
1
-1
0
0
0
-1
-1
-1
-1
0
0
-2
2
0
0
-1
-1
-1
3
1
-1
0
1
1
1
-1
0
0
2
0
1
0
0
-1
-1
-1
-1
2
2
1
-1
0
-1
0
0
0
-2
0
1
0
1
0
-1
2
2
1
0
1
0
0
0
0
1
1
0
0
1
0
0
-1
1
0
-1
0
2
-1
-1
1
-2
-1
1
-1
0
1
0
-1
2
-2
1
1
-1
1
0
-1
-1
0
-1
2
1
0
0
0
-1
1
0
-1
0
0
2
-1
-1
2
0
0
0
0
-1
0
0
-1
2
-2
1
1
-1
0
1
0
-1
0
0
-1
1
-1
-2
-2
1
0
-1
1
-2
0
2
1
-1
1
1
-1
0
-2
-1
0
0
-1
0
0
0
0
0
1
0
2
0
0
-2
1
0
1
0
2
1
1
-1
2
0
3
1
2
-1
-2
-2
-1
0
1
-1
-1
-1
2
2
0
0
0
0
1
-2
0
1
1
-1
-2
0
0
1
0
0
1
1
-1
-1
-1
-2
1
-1
-1
-1
-1
0
2
0
-1
-1
-1
1
1
1
0
-1
1
1
0
1
1
-1
-1
-1
0
1
1
-1
-3
3
0
0
-1
1
0
1
0
-1
-1
-2
0
0
0
-1
0
1
-2
1
2
0
0
-1
-1
2
2
1
0
0
0
0
-2
0
0
-1
-1
1
-1
-1
-1
0
1
1
-1
1
0
-2
-1
1
1
0
0
-2
-1
0
-1
1
0
0
1
-2
1
-1
0
2
-1
-1
1
1
-1
-1
0
-2
2
1
2
-2
1
-1
0
1
-1
-1
0
1
-1
0
0
-1
1
0
-1
0
0
0
0
-1
0
-1
0
0
0
-1
0
0
-1
0
0
-1
0
0
0
-1
-1
-1
1
-1
-1
0
-2
-2
-1
-1
0
-1
2
0
-1
0
0
2
0
0
-1
-1
-2
-1
-1
1
0
1
1
0
-1
1
0
0
1
-1
0
-1
0
-1
1
0
0
0
0
0
0
1
0
0
0
2
0
1
2
-1
0
2
3
-1
-1
0
0
-2
-1
1
0
0
0
1
1
1
-1
-1
-1
1
-1
0
-1
1
1
-2
1
0
1
0
1
-1
-1
0
0
-1
0
1
-1
-2
1
-1
0
1
0
1
1
-1
0
-1
0
1
1
-2
-1
2
1
-1
1
-2
1
0
0
-1
-1
-1
-1
0
1
0
0
0
1
-2
-1
1
0
-3
0
-1
-1
-1
1
0
0
2
0
0
0
0
0
1
0
0
-1
1
1
-1
1
1
0
0
1
-2
1
0
0
-1
-1
1
-1
-1
-1
1
0
-3
0
0
1
2
0
1
1
-1
0
-2
3
0
-1
-1
0
0
-1
-2
2
0
0
1
-2
1
-1
0
1
-1
-1
0
0
0
-1
1
1
0
-1
0
-1
-1
0
0
1
-2
-1
-1
-1
-1
2
0
2
-1
0
0
-2
-1
0
0
0
0
0
0
0
0
-2
-1
1
1
-1
-1
-1
0
0
-1
0
0
0
-1
0
0
2
-2
0
-2
1
0
1
0
0
0
1
-3
-1
1
0
-1
0
0
1
0
0
2
-2
-1
0
0
0
1
0
1
-1
1
0
-1
-1
1
1
0
1
1
1
-1
0
-1
0
0
1
-1
0
0
0
-1
0
0
1
-1
-1
2
1
0
1
-3
2
0
-1
-1
0
1
-1
0
0
-1
2
1
0
0
-1
1
-1
-1
0
2
1
0
-1
1
0
1
1
1
-3
0
2
1
-1
0
1
0
-1
1
-1
1
0
1
0
1
0
-1
0
-1
0
0
0
-1
-1
-1
1
1
1
0
-1
1
0
0
0
1
1
0
3
0
-1
-1
0
0
0
0
-1
1
0
0
0
2
1
1
0
0
-1
0
1
1
-1
1
0
0
-1
1
-3
-2
0
0
0
0
1
0
0
1
1
0
0
0
1
0
0
1
1
0
1
0
1
2
1
2
-2
1
1
-1
-1
0
-2
0
1
0
0
-2
1
1
1
-1
0
1
1
-2
0
1
-1
1
2
-1
-1
0
1
1
0
0
-1
1
0
-2
0
-1
0
-3
-1
1
0
-1
-1
-1
-1
1
1
-1
0
1
0
0
-1
1
2
1
0
-1
1
1
1
-1
1
-1
-1
-1
-1
-1
0
-3
1
0
1
-1
1
-1
-1
0
2
0
1
-1
0
0
-1
2
0
0
0
-1
-1
1
0
0
0
0
1
-1
0
0
-2
-1
0
0
1
-1
0
-1
0
0
0
0
0
0
0
1
-1
-1
0
0
0
1
2
-1
1
0
-1
1
0
1
1
1
0
-1
-1
0
-1
-1
0
-1
-1
0
-1
0
-1
0
0
1
-1
1
0
1
-1
-1
1
1
-1
-1
1
1
-3
2
-1
0
-2
0
0
-1
-2
-1
0
0
-1
1
-1
-1
-1
0
1
0
0
1
3
-1
-2
-1
2
0
0
-1
1
0
-1
0
0
1
0
-1
-1
0
1
2
0
0
1
-1
0
1
1
-1
0
0
-2
1
-1
-1
2
1
1
1
0
0
2
0
-2
1
-2
-1
-1
0
0
1
1
0
1
-1
0
-1
0
0
0
-1
0
-1
0
-1
0
0
1
-1
0
0
0
0
-2
1
-1
0
-1
-1
1
-2
0
1
-2
-1
2
0
0
-1
-1
-1
2
0
1
1
0
0
0
0
1
-2
-1
0
-1
1
0
2
-1
1
0
1
2
2
-2
0
-1
-2
1
2
2
0
0
1
-1
0
-1
1
-1
0
1
1
2
0
1
1
1
0
-1
-1
-1
0
1
1
1
0
1
0
1
0
0
2
-1
0
1
0
-1
-1
0
0
0
0
1
2
0
0
0
1
-1
0
0
1
0
-2
1
1
-1
-1
-2
1
0
0
0
0
-1
2
2
0
-2
0
-3
-1
0
1
1
2
0
-1
-1
-1
0
-1
1
1
2
1
-1
-1
1
1
0
0
1
0
-1
1
-1
0
0
-2
-1
0
1
1
1
1
1
1
0
0
0
0
-1
-1
-1
0
1
-1
0
-2
1
0
-1
0
1
1
1
-1
0
1
0
-2
-1
1
0
1
0
-1
1
-1
1
-1
0
2
1
1
0
0
1
0
0
-2
-1
0
0
0
1
0
1
0
-1
0
0
-2
-1
0
-1
1
-1
1
-1
-3
0
0
0
0
0
1
0
-1
0
1
0
0
-1
-2
0
0
0
0
0
0
0
-1
0
0
-2
-1
0
0
-1
1
0
0
-2
-1
0
0
2
-1
0
1
0
0
1
2
0
-1
0
0
-2
0
1
0
-1
-1
1
-1
-1
-2
2
-1
0
0
0
2
2
0
-2
2
0
2
3
0
-2
-1
1
-2
1
1
2
0
-1
1
1
2
1
1
1
0
-2
0
0
0
0
-1
1
2
0
-1
-2
-2
1
-1
0
-1
1
0
0
0
-1
0
0
0
-1
1
-1
2
-1
0
0
-1
0
0
0
0
-2
1
-1
1
0
0
0
0
-1
-3
0
0
-1
0
0
0
1
3
-1
-2
-2
0
-1
0
1
0
0
0
0
-2
0
2
0
-1
2
1
0
-1
1
1
0
-1
1
0
0
0
-1
1
-1
1
-1
0
2
-1
0
1
0
-1
0
1
-2
1
1
0
1
-1
0
2
0
1
2
0
1
-1
-1
0
-1
-2
0
1
-2
-2
-2
0
-1
0
0
1
1
-2
0
-2
0
-1
-3
1
0
-1
0
0
-1
0
0
2
0
-1
1
0
1
1
1
-1
0
1
2
0
0
0
-1
0
1
2
-1
-2
1
0
1
0
1
0
2
0
0
2
-1
0
-1
0
-2
0
2
-1
-1
0
1
0
0
1
2
-1
0
0
0
-1
-1
0
-1
0
0
1
-1
-2
0
1
-1
-1
2
-1
-1
1
0
-1
1
0
2
0
-1
0
0
0
0
1
0
0
1
1
1
-1
1
0
1
0
0
-1
1
-1
-2
0
-2
1
1
-1
-1
-1
0
-1
-1
1
0
-1
-1
-2
0
-1
-1
1
0
1
1
1
-1
0
-1
0
0
0
-1
-1
1
-1
1
-2
2
-1
0
1
0
0
1
0
0
-2
-2
0
2
0
1
0
1
0
0
-1
0
0
0
1
-1
0
0
0
-2
-1
0
0
0
1
0
1
-2
-1
-1
-1
0
-1
1
2
0
-2
1
0
0
0
1
1
1
0
0
2
0
1
0
-1
0
0
0
-1
-1
-1
-1
0
1
0
-1
-2
-2
0
1
-1
-1
0
0
0
-1
0
0
1
0
0
2
2
-1
-1
0
2
1
-1
1
1
0
-2
0
-1
0
-1
2
-1
0
-1
-1
1
0
1
-1
1
0
0
-1
0
-1
-1
1
0
1
0
0
0
-2
1
-1
-1
1
0
1
0
0
-1
0
2
1
-1
-1
1
-1
1
0
1
0
0
2
-1
1
-3
1
-1
2
0
-2
0
-2
-1
1
-1
1
1
1
0
1
0
1
0
0
0
0
0
1
-1
0
0
-2
1
0
-1
1
1
-1
-1
0
-1
1
-1
0
0
1
1
1
0
0
0
0
-1
1
0
2
-1
0
1
1
-1
1
-1
0
0
0
1
2
1
-1
-1
1
2
0
0
0
0
1
1
2
-1
1
-1
-1
-1
-1
1
1
1
0
1
1
1
1
-2
0
-1
-3
1
1
1
0
1
1
0
0
0
-1
0
0
0
-1
0
0
0
0
-1
-2
1
0
-2
1
1
-1
-1
2
1
-1
0
0
1
-1
-1
-1
0
3
-1
0
-2
0
1
-1
0
0
0
0
-1
0
-1
0
2
1
-1
0
-2
-1
0
-1
0
2
-1
0
0
1
0
1
1
-1
0
0
0
-1
1
-1
2
0
0
-1
0
0
-1
1
-3
0
1
-1
0
2
1
0
0
-2
0
-2
0
1
-1
1
0
0
1
0
0
0
1
1
1
0
1
1
3
1
-1
2
1
1
1
0
-1
-1
-1
0
-1
2
0
0
2
1
0
0
0
-1
0
0
-1
2
-1
2
1
-2
-2
0
1
0
1
0
1
0
1
-1
1
0
0
1
-1
1
0
1
0
-1
0
0
-2
-1
-1
1
0
0
1
1
-1
0
1
-2
-1
0
-1
2
0
0
0
1
0
-2
0
0
0
1
-1
1
0
-1
0
1
1
0
0
1
-1
0
0
0
1
0
-2
1
1
1
1
-1
1
-1
-1
-1
0
1
1
-1
2
0
0
-1
0
1
0
2
-1
0
-1
-1
-1
0
1
-1
2
-2
0
-1
0
-1
-1
0
1
0
0
0
1
0
0
2
0
0
0
1
-1
-1
-1
0
0
0
0
-1
2
-1
0
0
0
1
0
0
0
0
1
1
2
1
0
-2
0
0
1
-1
0
-1
1
0
1
0
1
0
0
1
-1
0
0
-1
0
0
0
-1
1
1
-1
1
-1
2
-2
-1
0
1
1
0
-1
1
-1
0
1
1
-1
0
0
1
0
0
-2
-1
1
-1
2
0
-2
1
1
2
0
-1
1
0
-1
0
0
-1
-2
0
0
-1
0
-1
1
0
1
0
1
0
1
0
0
-1
-1
0
0
1
1
1
0
0
0
-1
0
0
2
1
1
1
0
1
0
1
0
0
1
1
-1
-1
1
0
-1
0
-1
1
0
1
1
0
-1
0
-2
-1
1
0
1
-1
-1
0
-1
1
1
0
-1
0
1
0
0
-2
0
0
-2
1
1
2
0
0
-1
2
0
0
1
1
1
1
1
0
1
0
1
0
0
2
-1
0
2
1
1
2
-1
2
0
-1
0
0
0
0
2
-1
0
1
0
0
-1
0
-1
-1
-1
0
-1
0
0
-1
-2
2
1
0
0
-2
0
1
-1
0
1
-1
1
-1
0
1
-2
0
1
0
0
-1
-2
-1
0
-2
0
0
2
-1
0
0
1
-1
0
-1
0
-1
0
0
0
0
0
0
-1
1
0
1
1
0
-2
0
0
1
0
1
-1
0
1
0
1
0
-1
0
0
0
1
0
0
0
-1
0
1
0
0
-2
0
-1
-1
1
0
1
1
0
-1
0
0
-1
-1
0
-1
1
1
0
1
0
3
0
1
0
-2
-1
1
-1
-1
-1
0
2
2
-1
-1
1
0
-1
1
-1
-1
1
1
1
1
0
-1
0
1
2
-2
0
0
1
0
0
-2
1
0
0
0
-1
0
-1
0
-3
0
1
0
1
2
2
0
1
2
2
1
1
0
-2
-1
0
0
-1
0
0
-1
1
0
0
1
0
0
2
0
-2
0
0
-1
1
0
0
1
-1
0
0
-2
0
1
-2
0
-1
0
1
1
0
1
-2
1
-1
-2
-1
0
1
1
-1
1
2
-2
-1
1
1
-1
0
-1
1
0
-1
0
3
-1
-2
1
0
2
-1
1
-1
0
0
0
0
0
0
1
0
1
1
1
0
-1
0
1
-1
1
0
-3
0
1
2
-1
-1
-1
1
0
0
2
0
1
2
-2
-2
-1
3
-1
-1
2
0
-1
0
0
-1
0
0
0
-1
0
0
-1
-1
1
0
1
-1
0
0
0
0
1
-1
-1
2
0
-1
-1
0
2
1
0
0
-2
1
-1
0
-1
0
-1
1
-1
-2
-1
1
0
1
0
-1
-2
1
1
1
1
1
-2
0
0
0
0
0
-3
1
0
1
0
2
1
-2
0
-1
-1
-1
0
0
0
-1
0
-1
0
-1
0
1
-2
-2
1
0
1
-1
-1
0
0
0
-1
0
0
2
3
0
0
0
1
0
2
-1
0
-3
0
3
-3
0
-1
1
0
2
0
2
1
-1
-1
0
0
0
-1
2
0
-1
-1
-1
1
1
2
1
0
1
1
-2
0
-1
-1
0
0
-1
-1
1
1
-1
-1
0
0
-2
0
-2
-1
-1
-1
0
-1
-1
0
1
-1
2
3
-1
0
1
0
-1
1
0
-1
0
0
0
2
-1
1
0
0
0
1
2
-1
0
0
0
-1
-2
0
-1
2
0
0
1
-2
0
0
0
0
-1
-2
0
2
1
0
1
0
-1
0
-1
0
-1
1
1
0
2
0
-1
0
0
0
1
1
-3
0
-2
-2
0
2
-1
-1
0
-1
0
2
0
-1
0
-1
0
0
-1
-1
1
-1
0
1
0
0
1
1
0
-1
0
-1
-1
1
1
0
3
1
1
0
1
0
-1
2
1
2
0
0
3
0
-1
0
1
0
0
1
-1
2
1
-3
-1
0
0
2
1
0
-1
0
0
2
-1
-1
0
1
-2
-1
0
0
-1
1
2
0
0
0
-2
0
0
-1
0
0
0
1
-1
0
0
-1
-1
1
0
-1
0
1
-1
0
-2
1
-2
-1
-1
0
2
2
-1
0
2
-2
1
0
-1
-1
-1
1
0
0
-2
0
1
-1
-1
-1
0
0
-1
2
0
0
1
0
2
0
0
0
1
0
0
0
1
0
0
-2
1
1
0
0
0
0
1
0
0
0
1
0
0
-1
-1
1
1
-1
-2
0
0
-1
1
2
0
-1
0
-1
1
1
0
0
-1
0
2
1
1
0
-2
-1
0
1
1
0
2
0
1
-1
-2
0
1
2
0
-2
0
-1
0
-1
-1
0
1
-1
-2
1
0
0
-2
1
0
0
0
-1
0
0
0
0
-2
1
-2
-1
1
1
0
1
0
2
0
1
-1
1
0
-1
0
-1
1
1
-1
0
-1
-1
0
0
-2
0
1
1
1
1
2
1
-1
-1
1
1
1
0
0
0
-1
-1
0
0
-1
0
0
-1
0
-2
1
0
0
-2
-1
-1
0
-1
1
0
1
2
0
0
-1
1
0
1
-1
1
1
0
1
-1
0
0
0
2
0
0
0
1
1
1
-1
1
1
0
1
1
-1
1
-1
-1
-1
-1
1
0
-1
1
1
-1
1
0
2
1
1
0
-1
0
-1
-1
1
1
0
0
1
-1
1
1
0
-2
0
-1
0
-1
-1
1
0
0
-1
-1
1
-1
2
2
1
1
1
-1
0
-1
-2
0
0
1
-1
1
0
1
0
1
1
0
0
-1
-1
0
-1
1
0
2
-1
1
0
-1
0
1
0
1
0
0
1
1
-1
-1
0
1
0
-1
0
1
1
-1
0
-1
2
-1
1
1
1
2
-1
0
-1
1
-1
2
0
-1
1
0
0
0
1
1
0
1
0
1
-1
-1
-1
0
1
0
-1
0
1
-1
-2
0
2
0
0
2
-1
1
1
0
0
0
-1
0
-1
-2
1
0
0
0
2
-1
-1
1
1
-1
0
0
1
0
-1
-1
-1
0
-2
0
0
0
1
0
0
0
0
1
-1
-1
1
-1
0
1
0
-2
-1
0
-2
-1
0
2
1
-2
-1
0
-1
-1
1
-1
0
1
0
-1
1
0
0
-2
-3
0
1
1
-1
0
1
0
0
1
1
1
1
1
0
-1
0
-1
0
0
1
0
0
1
0
-1
-1
1
2
-1
1
0
0
1
-1
0
0
1
0
0
-1
0
3
-1
-1
-1
1
2
-2
1
1
-1
0
1
-1
0
1
0
-2
-1
-1
-1
0
2
-2
-1
2
0
-1
1
0
-1
0
-1
1
0
0
-1
-1
-2
-2
2
0
0
1
-1
-1
0
0
-1
0
-2
1
3
1
-2
2
-1
-1
0
0
-1
0
2
-1
-1
-1
-1
-2
1
1
1
1
1
0
1
1
2
-1
0
1
1
0
-1
-1
1
2
1
0
0
1
2
-1
1
0
-1
0
1
1
1
-1
-1
-1
0
2
1
-1
0
2
-2
0
-1
0
-1
-1
-3
0
1
-1
-1
1
1
0
-2
2
0
0
0
0
0
0
1
0
-1
1
-2
1
-1
2
1
-1
0
0
1
-1
1
-1
1
0
1
1
-1
-2
0
1
0
1
1
-1
-1
0
2
2
0
-1
0
0
-1
0
1
3
0
-1
1
-2
0
-1
0
-1
2
0
0
-1
1
1
0
1
0
1
2
1
0
-2
2
0
0
-1
-1
-1
0
-2
0
1
1
0
0
0
-1
2
-1
0
1
0
-1
0
1
0
1
0
1
1
0
2
-1
0
1
0
1
0
1
2
0
1
1
1
1
1
0
-1
-1
-1
1
-1
1
-2
1
1
0
-1
1
1
0
-1
2
-1
0
0
1
0
-2
0
1
0
1
0
-2
-1
1
0
1
1
2
1
0
0
0
1
1
0
-1
2
-1
0
0
0
1
-1
-1
0
0
0
0
1
1
1
2
1
0
0
0
1
-2
1
-1
0
1
-2
0
0
-1
-1
0
1
1
-1
-2
-1
1
-1
0
2
-1
-2
0
-2
0
-3
2
0
0
2
0
-1
-1
0
0
2
-1
2
-1
-1
0
1
0
0
0
1
2
2
-3
-1
0
1
1
-1
-1
1
1
0
-1
1
-2
-2
2
1
0
1
0
1
0
0
0
3
-1
-2
0
0
1
-1
-1
1
-1
-1
3
1
2
0
-2
1
0
0
1
0
-2
0
2
0
0
0
2
0
1
0
-1
0
-1
0
0
-1
0
1
2
1
1
0
-2
0
1
-1
0
0
2
1
-1
1
-1
2
-1
3
0
-1
0
-1
0
0
-2
0
1
2
-1
-1
0
0
0
0
0
0
2
1
0
2
1
0
0
-1
-1
1
0
1
1
0
1
0
0
0
-1
1
1
0
-1
0
0
-1
-2
-1
0
0
0
-1
1
-2
-1
0
0
-1
1
2
0
0
0
1
0
1
-1
0
0
-1
0
1
-1
-1
-1
2
-2
1
0
0
-1
-2
0
0
1
1
0
1
0
0
0
-2
0
2
0
2
0
-1
0
0
0
-2
-1
0
0
0
-1
2
0
-2
0
1
0
0
0
2
0
0
1
-3
0
1
0
1
1
1
0
0
-1
1
1
-1
0
0
1
0
0
0
1
0
0
-2
1
1
-1
1
0
-2
0
-2
-1
-1
-1
1
0
1
1
0
-1
1
1
-1
-1
1
-1
-1
-1
2
2
1
-1
0
0
0
0
1
-1
-1
-1
1
0
0
-1
0
0
1
1
0
-1
0
1
0
-1
0
-1
-1
0
1
1
-1
1
1
-1
1
1
0
1
-2
2
2
1
0
0
-1
0
-2
1
1
0
0
1
0
1
1
0
0
1
0
1
-1
2
-1
-1
0
0
-1
2
1
0
-1
-1
1
-1
1
1
-1
-1
-2
-2
-1
1
-1
0
1
0
0
-1
1
-1
1
0
-2
-1
-1
2
2
-1
0
1
-1
0
0
0
1
-1
-1
1
1
0
0
-1
0
0
1
0
-1
-1
0
0
0
-1
-1
-1
0
-1
1
2
0
-2
0
2
2
-1
-1
-1
-1
0
0
-3
0
-2
-1
-1
0
-1
0
0
0
0
0
-1
0
-2
-1
-1
0
1
1
0
0
1
0
1
0
0
2
0
0
2
-1
0
0
-2
0
0
-1
0
-1
0
2
1
0
0
0
1
2
0
1
-2
0
0
1
-1
0
-1
2
0
1
1
0
0
-2
-1
1
-2
-1
0
1
-1
-1
1
-1
1
-1
-1
-1
-3
2
2
-2
0
0
-2
-1
3
1
2
-2
0
-2
-1
0
1
0
2
1
1
1
0
-1
1
1
0
-1
-2
1
-2
0
1
-2
0
0
0
2
1
-1
0
0
-2
2
1
-1
3
0
1
0
0
-1
0
1
0
1
1
2
-1
-1
0
0
0
0
1
0
1
0
0
1
1
-1
-1
1
0
-1
-1
0
0
1
-1
1
2
1
1
1
0
1
0
0
-1
-1
0
-1
0
0
1
-1
2
-2
0
1
1
-1
-1
0
0
0
-1
0
-2
-1
0
-2
1
1
-1
1
1
-1
-1
1
-1
1
1
2
0
0
1
0
-1
0
2
1
-1
3
2
2
1
-1
3
0
0
0
1
0
1
-1
0
1
0
-1
-1
-2
-1
0
1
2
0
-1
-1
0
-1
-2
-1
0
2
2
0
-1
1
2
-2
0
-1
0
0
2
0
0
-1
0
-1
-1
0
0
1
1
0
0
-2
0
1
0
0
0
2
0
-2
1
-1
1
0
-1
1
-1
0
1
-1
2
0
-1
-1
0
-1
1
0
1
1
-1
-1
-1
-1
-3
1
-1
0
-1
1
-1
1
0
-1
-2
-1
1
0
1
0
0
-2
0
1
1
0
-1
-1
0
-1
0
-1
1
1
0
-2
-1
1
-1
0
-1
0
-2
1
0
-1
0
1
1
0
-1
2
0
0
-1
-1
0
-1
-1
-1
0
1
-1
1
-2
-2
-2
0
-1
1
0
0
-1
1
0
1
0
0
1
2
0
1
0
1
-1
0
0
1
-1
-1
0
-2
0
1
0
1
-2
-2
-1
0
-1
2
1
0
-1
0
1
-1
1
-1
-1
0
1
0
0
-1
1
-2
2
-2
-1
1
-2
-2
0
0
0
0
2
-1
0
0
1
0
0
0
-1
1
1
-1
0
-1
0
0
-2
1
0
0
-1
-1
1
0
0
1
1
0
0
1
-1
0
2
0
-1
0
-1
0
-1
1
-2
2
1
0
1
-1
-2
1
1
-1
-1
-1
-1
1
0
0
1
0
0
-1
1
-1
0
1
0
1
1
0
0
0
2
0
-1
-2
0
1
0
-1
-1
0
0
0
0
1
1
0
0
1
1
0
0
0
0
0
-1
2
1
1
0
-1
2
0
-1
-1
0
-2
2
-2
2
-1
-1
0
-1
0
0
-1
-2
0
-1
1
0
-1
0
1
2
0
0
0
0
-1
1
0
0
0
0
-1
1
0
1
2
-1
-1
-1
2
0
1
2
0
0
0
3
1
2
-2
0
1
0
1
-2
1
-1
0
0
0
0
0
1
1
3
0
0
-2
-1
0
0
0
-1
0
0
1
-1
-1
-1
1
-1
0
0
1
1
0
1
1
1
1
0
-1
-2
1
1
0
0
-1
-2
0
-1
0
0
0
-1
-1
2
1
0
-1
0
-1
-1
2
0
0
1
0
2
1
0
1
1
1
0
1
0
0
0
-1
1
1
-1
-2
-2
-1
0
1
-1
-1
0
2
1
1
2
-2
0
-1
-1
-1
0
2
0
-2
3
0
1
1
-1
1
0
1
1
-2
0
1
0
0
2
-1
0
0
0
0
0
0
-4
0
-1
1
0
1
0
0
-1
1
0
2
-1
0
-1
0
-2
0
-2
-1
0
1
2
-1
1
0
1
-1
-1
1
0
0
0
-1
2
2
0
1
-1
0
1
0
0
1
0
-1
0
-1
1
-1
1
-1
0
0
0
-1
0
-2
-1
-1
-1
0
1
1
-1
0
0
1
-1
2
0
1
0
-1
-2
-1
0
0
2
-1
1
1
1
-1
2
0
-1
0
2
-1
1
1
1
-1
1
0
-1
0
-2
-1
1
2
0
0
1
0
1
0
0
-1
1
0
1
1
1
-1
2
0
-1
0
0
-1
1
-2
0
0
3
-1
-1
1
-1
1
-1
2
-1
1
-1
1
-1
1
0
0
1
0
-1
2
0
0
2
-1
1
0
-1
-1
-1
0
1
2
0
1
1
0
1
-1
2
-1
-1
1
0
0
0
0
2
0
1
1
0
1
1
1
1
-1
-1
0
2
0
1
1
-2
0
1
1
0
1
0
1
0
0
-1
-1
1
0
-1
-1
0
0
1
-3
-1
2
0
-1
3
-2
2
-1
2
1
0
2
-1
1
-2
0
-1
1
0
0
0
0
0
1
-1
-1
0
0
0
0
0
-1
0
0
0
1
-1
1
-1
-1
-1
1
1
2
1
0
0
-1
0
0
0
1
0
0
0
1
0
0
-1
2
-1
-1
0
2
1
2
-1
1
0
0
0
0
2
0
1
1
-1
1
0
0
0
2
0
-1
0
-1
0
-1
-1
2
0
1
-1
0
-1
1
2
-1
-1
0
0
-1
1
0
0
2
1
2
-1
0
1
0
-1
-2
0
1
-1
-1
0
-1
0
2
-1
-1
1
0
1
-2
0
0
0
-1
-2
0
-1
-1
2
-2
1
0
1
1
2
0
-1
0
0
1
-1
1
-1
1
0
0
2
0
-1
1
-1
0
0
2
1
0
-1
-2
0
1
0
-1
0
0
0
-1
0
1
1
-1
-1
-1
1
-3
1
0
0
-3
1
1
-1
-2
0
0
-1
-2
-1
1
0
2
-1
-1
-2
-1
1
1
0
-1
-1
0
0
2
1
-1
0
0
0
0
0
1
1
-1
-1
0
0
3
1
1
0
1
0
0
1
-1
0
-1
1
0
1
-1
0
0
1
1
-1
1
0
-1
1
1
0
-2
0
1
-1
0
-1
1
0
-1
0
2
2
0
1
1
1
1
-2
0
0
3
0
0
-1
0
1
1
-1
-2
1
0
-1
-1
1
0
-1
-2
0
-1
0
-1
0
-1
1
1
0
-1
0
1
0
0
-1
0
0
-1
0
-1
1
-3
0
0
-1
0
-1
-1
0
1
-1
-1
0
-1
1
2
1
-1
-1
1
1
0
1
0
0
0
1
-3
-1
-1
1
-1
0
0
0
0
0
0
-2
0
1
-1
0
0
0
2
1
1
-2
-2
2
0
0
2
1
2
0
1
2
0
0
1
1
-1
2
-1
2
0
0
-1
0
0
0
-1
0
0
1
1
0
0
2
-1
0
-2
1
-1
0
-1
-1
-1
1
0
1
-1
0
0
0
-1
-1
0
0
-1
-1
0
1
-2
1
0
-2
0
1
-1
-1
-1
1
1
0
1
0
0
-2
-2
1
1
1
1
0
1
1
1
0
-1
0
0
0
0
2
-1
0
1
0
0
0
-1
1
1
-1
-1
0
0
-1
0
-1
-2
0
0
-1
0
-1
0
0
-1
-1
1
0
0
1
0
0
-1
-1
1
0
0
-1
1
1
-1
1
0
-1
-2
-1
0
0
-1
0
2
0
1
1
0
-1
-1
1
-1
0
-1
0
0
-2
-1
0
1
-2
-1
-1
1
0
0
1
0
1
-1
-1
0
-1
-1
-2
1
0
1
0
0
0
1
1
-1
0
0
0
1
-2
1
1
0
-1
-1
-2
0
1
-1
-3
1
0
-1
0
2
0
1
0
0
0
1
-1
1
-1
0
1
-1
1
0
0
-1
1
-2
0
-1
0
0
0
-1
1
-1
2
0
2
-2
-1
-3
-1
-1
-1
0
0
1
-2
0
3
0
0
