50 100 1
1 14
1 16
1 21
1 28
1 32
2 14
2 44
2 49
3 5
3 15
4 20
5 11
6 5
6 32
6 39
7 30
7 38
7 44
8 3
8 13
8 33
10 5
10 24
11 12
11 43
12 6
12 8
12 15
12 36
14 0
14 33
14 43
15 5
15 12
16 1
16 41
17 15
17 20
17 37
17 47
18 19
19 6
19 7
19 16
19 19
19 25
20 17
21 4
21 37
24 8
24 16
24 27
25 0
25 12
25 32
27 21
27 22
27 28
28 21
28 28
29 2
29 48
31 9
31 25
32 19
32 48
33 7
33 23
33 45
34 17
34 22
34 25
34 30
35 18
35 35
35 47
36 0
37 6
37 19
37 31
37 36
37 39
37 49
38 4
38 48
39 20
39 24
40 28
40 29
40 31
41 4
41 37
41 49
42 22
43 3
43 13
44 40
46 29
48 24
49 47
36
0
33
92
27
1
89
12
58
62
56
49
90
4
88
78
30
24
44
52
25
5
74
84
19
35
18
38
11
83
8
66
96
6
50
55
97
14
32
79
61
47
39
9
2
17
98
54
51
76
31
64
13
40
86
60
43
28
81
16
63
10
22
42
65
3
29
95
23
87
68
93
70
73
99
53
72
45
67
85
41
21
37
94
91
46
20
59
57
26
75
69
7
15
80
48
71
82
77
34
0
0
0
1
1
-1
1
0
-1
1
0
0
-2
1
1
0
0
0
0
2
0
0
0
0
0
0
0
0
0
1
1
1
-1
1
0
-1
1
1
0
-1
1
0
-1
0
-1
-1
0
1
1
-1
1
-2
1
-1
1
-1
0
-2
1
0
-1
1
-1
1
1
0
1
-1
0
0
-2
-2
-2
-1
1
-1
0
1
-1
-1
-1
1
0
0
0
3
0
0
0
-1
3
1
-1
1
0
-1
0
0
-1
0
-2
-1
1
1
0
0
1
0
-1
-2
0
0
-2
-1
-1
0
0
-1
0
-1
0
1
0
-1
2
1
0
-1
-1
-2
2
-3
2
2
2
1
-1
1
0
1
2
2
1
1
0
0
-1
-2
-1
-1
0
0
-3
0
1
1
-1
-1
0
1
0
1
-1
-1
-2
2
0
1
-1
2
-1
-1
1
0
0
1
2
1
0
1
-1
1
-1
2
-2
0
1
-1
-2
0
0
-2
1
-1
-1
0
1
0
-2
1
0
-1
0
2
0
0
1
-1
1
0
-1
-3
1
1
-1
-1
-1
1
0
2
0
-1
1
1
0
-1
3
0
1
0
0
1
0
0
1
1
1
-1
2
1
-2
-1
2
0
-2
-1
1
2
1
-1
1
0
-1
-1
-1
1
2
0
1
0
2
-1
0
0
-1
0
-2
0
1
0
1
0
1
-1
-1
-1
0
1
1
-2
1
0
-1
-1
0
1
-1
0
1
-1
0
0
1
0
0
1
1
-1
1
0
0
0
-1
0
1
0
2
-1
0
2
0
1
1
0
2
-1
-1
0
-1
-1
1
0
2
0
-2
0
0
0
-1
0
1
-1
-1
-1
-1
1
1
0
-2
-1
0
-1
0
1
0
1
0
-1
-2
0
-1
1
0
0
1
0
1
1
-1
1
-2
2
0
-1
-1
0
-1
0
1
0
0
1
-1
-1
0
1
2
1
2
0
-1
1
-2
0
0
0
0
0
2
0
1
1
2
-1
1
0
0
0
-1
2
0
1
0
1
-1
0
1
1
0
1
0
1
1
1
2
1
2
-1
0
3
-1
-1
1
-1
2
0
0
0
1
0
1
0
1
1
1
-1
0
-1
0
0
0
0
-1
0
0
2
1
0
-1
1
-2
0
0
0
0
-1
0
1
2
-1
1
-1
-1
1
2
1
1
0
0
0
0
1
-2
0
-1
1
-1
0
0
1
-1
-1
-1
0
0
0
-1
-1
-1
0
1
0
-1
0
0
-2
0
0
-2
1
1
0
-1
-2
1
2
0
-1
-1
1
0
-1
1
1
-1
1
-1
-1
0
1
1
1
1
-1
1
2
0
0
0
-1
1
-2
0
1
0
-2
-1
-2
0
0
-1
0
1
-2
0
-1
0
-1
0
1
0
0
-1
-1
1
0
0
1
0
1
0
0
-1
-1
-1
-1
0
1
1
0
0
1
1
1
1
1
3
0
0
0
3
2
0
1
1
2
-1
-1
1
0
-1
0
1
1
0
-1
0
1
1
0
0
1
2
0
0
-1
0
-1
-2
0
1
-2
1
0
0
-1
1
0
0
1
1
1
1
0
-1
-1
0
-1
-2
0
2
-1
-2
-1
2
-1
1
2
-1
0
1
-1
2
-1
0
0
0
0
1
0
2
-2
1
1
-2
0
0
-1
0
-1
2
-1
0
0
-2
1
0
-1
0
-1
1
1
-1
-1
-1
-1
-1
-2
0
0
1
0
0
1
0
1
-1
-1
1
0
-1
-2
1
0
-1
0
1
-2
-1
0
0
0
0
1
-1
-1
0
2
0
0
-1
0
-1
0
-1
2
0
2
-1
1
0
-1
-1
1
-1
1
2
2
-1
-2
1
1
-1
0
0
0
1
0
0
-1
0
0
-1
3
0
-2
0
-2
1
0
0
1
-1
-1
1
0
-1
-1
1
-1
-1
2
0
-1
0
1
-1
1
-1
0
0
1
0
-1
0
0
1
-1
0
0
0
-1
-1
1
-2
0
-1
-1
-1
1
0
1
2
2
0
0
0
-1
1
1
-1
-1
0
-1
0
-2
-2
1
0
-1
0
1
1
0
-1
0
-2
-1
0
0
0
0
-1
1
0
-1
0
1
0
1
0
1
1
1
-1
0
0
-1
1
1
0
2
0
1
0
0
0
0
0
1
1
0
0
0
1
0
-1
-1
-2
0
0
-1
1
-1
1
2
-1
2
0
-1
1
-1
1
-1
0
-1
1
-1
1
-1
0
0
1
-1
0
1
0
-1
0
1
0
1
1
2
0
0
-1
1
0
1
1
0
2
1
-1
-1
1
-2
0
1
1
0
0
1
-1
-2
0
-1
-1
0
0
0
-1
-1
2
0
0
0
0
0
0
0
-1
1
0
0
-1
0
1
1
-1
-1
0
-2
-1
0
-1
-2
-2
0
-1
-1
-1
-1
1
0
1
-1
0
0
1
-1
0
0
0
-1
0
0
0
1
0
2
0
0
-1
-1
2
-1
0
-2
0
0
-2
0
1
-1
0
0
-1
-1
1
1
0
0
3
0
-2
0
1
-2
0
0
-1
1
-1
0
-1
-1
1
0
0
1
0
1
0
-1
-1
0
0
0
0
1
2
-1
0
0
1
0
0
-1
0
1
0
-1
-1
-1
1
1
0
-2
0
1
1
0
0
1
1
0
-1
0
-1
0
1
1
-1
-1
-1
0
-1
1
-1
-1
-1
-1
1
0
1
-1
0
1
0
1
-1
0
0
0
0
2
2
1
0
1
0
1
-1
2
0
-1
-2
0
1
1
-1
0
0
1
0
0
-2
-1
1
-1
-1
-2
1
1
0
0
0
-2
0
-1
-1
1
-1
-1
0
1
0
-1
1
0
0
-2
0
-1
0
-2
0
0
1
0
-1
2
2
-1
-1
1
1
0
-1
1
0
0
-1
-3
-1
-2
1
-1
1
-1
0
2
1
-2
0
0
-1
1
0
0
-2
-1
2
-1
1
-2
0
1
1
0
0
1
0
1
0
-1
-1
-1
0
1
-1
-1
-1
-1
0
1
0
-1
-1
-3
1
1
1
0
-1
0
0
1
0
1
-2
0
-1
0
1
1
0
0
3
0
1
-1
1
0
2
-1
0
-2
1
-2
1
0
0
1
1
0
0
0
-2
-1
-1
2
0
-1
0
-1
3
1
-1
1
0
1
-2
0
-1
0
0
0
-1
-1
-1
-2
-2
-1
1
0
1
0
0
0
0
0
0
1
1
2
-1
-1
0
1
0
-2
0
-1
1
0
2
-1
-1
-1
2
-1
0
-1
2
-1
0
-1
0
1
0
1
-1
1
2
1
0
0
-1
2
-1
0
0
0
1
1
1
-1
0
0
1
1
0
2
-1
0
3
0
0
-2
0
0
-2
0
-1
0
0
0
-1
1
0
1
-1
1
0
-1
-1
-1
1
-1
-2
0
0
-1
3
0
1
-2
0
-1
0
-1
0
-1
1
-2
1
0
0
1
-1
2
1
0
1
0
0
2
0
0
-1
2
0
-2
0
1
1
0
0
-1
0
-1
-1
0
-1
-1
1
2
0
0
-1
0
-1
0
-1
-1
1
0
-1
0
1
1
2
1
1
1
-2
0
-1
0
0
0
0
1
-2
0
2
-1
2
-1
0
-1
-1
1
2
1
0
-2
-3
-1
0
0
1
2
2
0
-1
1
1
1
0
0
3
-1
0
2
1
-1
0
-1
-1
0
0
1
0
0
0
1
1
1
0
-1
2
-1
-1
-1
-1
0
0
-2
-1
0
-1
0
1
0
0
0
1
1
1
1
0
1
-1
1
0
1
-1
-2
0
0
-1
0
1
0
1
1
0
0
1
-1
2
0
1
0
0
1
0
-1
-1
1
2
3
-1
-1
1
-1
0
1
0
-1
1
1
-1
0
0
1
1
-2
-2
-1
-1
0
-2
1
2
1
-1
1
1
0
-1
1
-1
-1
0
0
0
0
1
-1
0
0
-1
0
1
-1
0
0
2
-1
0
1
0
0
0
1
-1
-1
0
1
0
0
2
0
0
-1
1
0
0
-1
0
1
1
-1
0
-1
0
-1
0
-2
-2
-2
-1
-1
1
1
-1
0
0
0
-1
1
2
-1
0
1
-2
-1
-1
1
-2
1
0
0
0
-3
0
1
1
0
0
1
-1
0
0
0
1
1
0
-1
0
0
-1
0
1
1
-1
0
1
1
-1
2
-1
1
0
1
2
1
-2
0
0
-1
-1
-1
0
-1
1
0
1
1
0
-1
0
-1
1
0
-1
0
2
1
0
0
2
0
-1
0
0
2
0
1
-1
1
1
0
-1
0
-1
1
1
-1
-1
0
1
0
0
1
0
-1
-1
0
-1
-1
0
-2
0
0
-1
-1
1
-1
-1
1
1
1
-1
2
1
0
1
1
0
0
1
0
-2
-1
0
-2
1
1
-1
1
-1
0
1
1
1
0
1
1
0
-2
-2
0
2
3
0
0
0
0
1
2
-2
0
-2
0
-1
0
1
0
0
1
1
-1
1
3
0
2
-2
1
-2
0
-1
0
1
0
1
0
2
1
-2
0
0
-1
0
-3
0
0
-1
-1
0
1
1
0
2
0
2
-1
0
-1
0
2
0
1
-1
-2
0
-1
-1
0
0
-1
2
-2
1
2
2
-1
0
0
1
0
0
1
0
0
-1
1
0
1
2
2
0
-1
-1
1
2
0
1
0
0
-1
0
1
-2
1
-1
2
2
0
-1
1
-1
0
2
-1
-2
-1
0
1
1
0
0
-1
-1
0
0
1
-2
1
1
1
0
1
0
2
2
0
0
0
-1
-1
1
-1
-1
0
-1
0
-2
1
0
0
0
2
2
0
2
0
-1
0
0
-1
0
-1
1
0
0
-1
0
0
-1
1
2
0
1
-1
-1
-2
0
0
1
0
-1
1
0
0
1
1
-1
0
-2
-1
1
-2
0
-2
1
-1
0
-1
1
0
0
0
-1
0
0
0
0
-1
-1
-1
-1
-1
1
-1
0
-2
0
0
-1
-1
-1
0
1
-2
-1
1
2
-2
-1
0
2
0
0
2
1
-1
-1
0
0
0
0
0
0
0
-1
-1
0
-1
1
2
0
0
-2
-1
-1
0
-1
-1
1
0
1
0
1
1
1
0
0
0
-1
-1
1
0
-1
-1
2
0
-1
0
0
2
0
-1
0
-1
-1
1
-1
0
0
-1
1
0
0
0
0
0
1
0
-1
-1
-1
1
2
1
-1
1
1
1
0
-1
0
-1
1
0
0
0
-1
0
-1
0
2
2
-1
-2
-2
1
0
1
1
1
0
-1
0
1
1
1
0
-1
-1
-1
1
1
2
-1
2
-1
0
-2
1
2
1
0
0
-1
1
-2
1
-1
0
0
0
1
-1
0
0
-1
0
2
1
0
-1
-1
1
1
-2
1
0
0
0
0
-1
0
1
1
0
1
0
0
-1
1
1
0
-1
0
0
-1
1
1
-1
1
-1
-1
0
0
0
0
0
2
-1
1
0
1
-1
0
1
-1
1
1
1
1
0
0
-2
-1
-1
-1
2
1
-1
0
0
0
1
1
1
1
2
0
-2
-1
0
0
0
-2
1
0
0
-1
1
1
2
1
0
1
0
0
0
0
-2
0
1
1
0
0
0
0
1
0
-1
-1
0
1
0
-1
-1
-2
-1
-1
-1
-1
0
2
0
0
1
1
1
-3
1
0
1
-1
1
0
-1
-3
-1
0
0
-1
2
0
1
2
-2
-1
0
0
1
-1
0
2
1
-1
2
0
2
1
-1
0
-1
-1
-2
1
-1
-1
-1
1
-4
0
0
1
0
0
1
-1
-1
-1
0
0
0
-1
0
0
-2
1
0
1
1
-1
1
1
-1
1
0
-1
0
0
1
0
0
0
-1
0
0
1
0
1
-1
0
-1
0
1
-1
-1
1
1
0
1
0
-1
0
1
1
1
2
-1
0
1
1
1
1
-2
0
1
-1
0
1
-1
1
1
-1
-1
-1
2
0
0
1
0
-2
-1
1
1
0
0
1
0
3
-1
1
0
0
1
2
-2
2
1
0
2
1
0
1
0
0
1
-1
0
0
0
-1
-1
0
-1
0
0
1
0
0
0
0
0
0
0
0
-1
0
-1
1
0
-2
1
1
1
0
0
-1
2
0
1
0
2
1
0
-1
0
-2
1
1
-1
0
1
0
0
2
1
-1
1
0
1
2
-1
-1
-1
0
2
1
1
-2
0
0
2
0
-2
-1
-2
1
-1
0
1
0
0
0
0
1
0
-1
0
-1
1
0
-2
1
2
1
-1
0
0
0
1
1
1
2
1
0
0
1
-2
2
1
0
-1
-2
0
0
-2
1
0
1
0
-1
0
0
-1
0
1
1
0
0
2
1
0
3
0
1
-2
0
-1
2
-1
0
-1
1
0
-1
-1
1
1
1
2
0
-1
2
1
1
0
0
-1
2
-2
-1
1
0
2
0
1
-1
-1
0
2
2
-1
0
1
-3
0
-1
-2
0
1
-1
1
-2
-1
1
2
0
1
-1
0
0
0
1
0
1
0
0
1
0
-1
1
0
-1
0
0
0
-1
0
-2
-1
-1
-1
-1
-1
0
-1
1
2
0
2
0
1
-1
-2
0
1
0
-1
0
0
0
1
-1
-1
0
-2
1
-1
-1
1
-1
-1
1
0
0
1
0
0
-1
1
-1
0
0
1
1
0
0
-1
0
-1
0
-3
-1
0
1
0
2
0
0
0
0
-2
0
0
0
0
-2
1
-1
0
1
-2
0
0
1
0
1
1
0
0
2
0
1
0
0
2
0
-1
2
0
-2
1
0
1
-1
0
0
-1
1
1
1
-2
0
-1
0
0
0
0
0
0
1
0
0
1
0
-2
1
1
-3
2
0
1
-2
0
-1
1
1
1
0
1
-1
2
-3
1
-1
-1
0
0
1
1
-1
-1
1
1
0
-1
-1
0
0
1
-2
-1
-1
-1
0
-1
-2
0
1
1
-1
-1
0
-1
-2
-1
0
-1
0
0
0
0
1
-1
0
0
0
-1
1
-1
1
-1
-1
1
-1
1
2
-2
0
0
2
0
1
-1
0
-1
0
1
1
0
-2
0
0
-1
2
2
2
0
-1
0
1
-2
0
2
-1
-1
0
1
1
0
0
1
1
-1
1
0
1
1
1
-1
-1
2
2
-3
1
1
0
0
-1
0
-1
-1
1
0
0
-1
-1
0
2
1
1
0
-1
0
0
-1
0
-1
0
1
0
0
2
0
2
1
0
-2
1
0
-1
0
1
0
1
0
0
-1
2
2
0
0
1
-1
0
-2
1
-1
0
0
1
0
1
0
0
2
0
1
0
0
0
-1
1
-1
0
1
0
0
-1
0
-2
1
-1
1
1
-1
-2
0
-1
0
1
-1
0
1
-1
-1
1
1
0
-1
1
0
-1
0
0
1
1
-2
0
-1
-1
-2
1
1
0
0
0
1
-2
-1
0
0
-1
-1
-2
0
0
-1
0
-1
0
0
1
1
0
0
1
-1
-3
1
0
0
-2
0
1
0
1
-1
0
1
-1
-1
-2
-1
0
-2
0
0
-1
1
-1
-1
0
-1
-1
0
0
0
-1
2
-1
0
1
1
1
0
-2
-1
0
0
0
-1
-3
-2
-1
1
-1
0
1
-1
0
-1
1
1
0
0
0
-1
1
1
2
-2
0
0
0
-1
1
3
1
-1
0
-2
0
2
0
-1
-1
-1
0
-1
0
1
1
1
0
0
0
0
-1
2
0
0
1
1
0
-2
0
1
1
1
0
0
-1
0
0
2
1
-1
3
1
1
3
-1
0
1
1
2
1
1
0
-1
-1
0
0
-1
1
1
0
1
1
1
-1
-1
-1
2
0
0
1
0
0
-1
0
0
-1
0
0
0
0
0
1
-1
-1
0
1
0
0
0
0
0
-1
1
1
0
-1
2
0
-1
-1
0
0
0
2
-1
1
-1
-1
1
1
1
-1
1
0
-1
-1
1
-1
0
1
-1
-1
-2
-1
-1
1
1
-1
1
1
-2
0
1
0
0
0
1
-1
-2
-2
-1
0
-2
-1
0
0
-1
0
0
0
2
2
1
0
0
-2
-1
-1
0
-1
0
1
0
0
1
0
-2
1
0
-1
1
-1
0
-1
-2
1
0
0
3
0
1
0
0
1
0
-2
1
0
-1
-1
2
0
2
-1
1
-1
1
0
1
1
-1
-1
0
0
1
2
-1
-1
1
-1
1
-2
0
0
-1
0
2
0
-1
-1
-1
0
2
0
1
-1
-1
0
2
-1
1
0
-1
1
0
-1
-2
1
-1
0
0
-1
-2
2
0
1
1
0
-1
1
1
3
1
1
-1
3
0
0
0
0
-2
1
0
0
0
1
1
1
0
1
0
-1
0
-1
0
0
-1
0
1
0
3
-1
0
0
1
0
1
1
1
1
2
-1
1
1
-1
-1
1
-1
1
1
0
0
0
0
2
-1
0
-1
-1
0
-1
1
-1
-1
0
1
-1
1
0
-1
-1
2
-1
0
1
-1
-1
1
0
0
-1
0
-1
1
1
-1
0
-1
-2
1
0
1
1
-1
0
1
1
0
1
1
0
-1
-1
2
0
0
3
0
0
0
-2
0
0
-1
0
2
0
-1
1
1
1
0
1
-1
-1
0
1
0
-1
-1
0
0
1
-1
-1
-1
0
-1
0
0
-1
0
0
-1
0
0
2
0
-1
-1
1
2
0
-1
1
1
1
0
-1
0
3
0
1
0
0
0
-1
0
0
0
0
0
1
0
1
1
0
3
-2
0
1
1
-1
1
0
0
-1
-1
-1
-2
1
-1
-1
-1
-2
0
-1
1
-1
0
0
1
-1
-1
0
1
0
-1
-1
0
1
2
0
0
-1
0
-1
1
0
-1
0
-1
-1
-1
0
1
-1
0
0
1
-2
-1
0
2
-2
0
1
0
-1
0
-1
0
2
-1
-1
-1
0
0
-1
-1
0
-1
0
1
0
1
1
-1
1
0
1
-1
0
-1
0
0
1
0
0
2
0
1
0
1
0
1
0
0
1
2
-1
2
1
1
0
-1
2
2
0
0
1
1
-1
-1
1
2
1
2
-2
0
0
0
0
-1
-1
0
0
-2
0
-1
1
2
-1
1
1
1
1
1
0
1
-1
0
0
1
-1
1
0
1
-1
0
1
-1
0
1
1
1
2
-2
1
0
0
2
-1
0
0
-1
0
-1
1
1
2
1
1
0
1
1
0
-1
-1
1
-2
1
1
-1
0
0
-1
0
1
0
0
-2
0
-1
0
0
1
-2
1
0
-1
0
1
0
0
1
-2
-2
-1
2
0
-1
0
-1
0
-1
2
1
1
1
1
1
1
0
-1
1
0
0
0
-1
0
-1
0
0
-1
1
0
0
-1
-1
0
-1
0
0
0
0
-1
0
1
-1
0
1
0
1
-1
-1
-2
1
-1
1
2
-2
-1
0
0
1
1
3
-1
1
1
-1
0
1
-1
0
0
-1
-1
0
1
1
0
-1
-1
0
1
0
0
0
0
0
0
1
-2
0
-1
1
-1
0
-2
0
1
0
-1
0
0
0
0
1
0
0
-1
0
1
-1
0
-1
1
1
-1
0
-1
-1
0
0
1
-1
1
0
1
1
-4
1
-2
1
0
0
1
0
1
1
0
0
0
1
-1
0
1
0
1
-1
-1
2
-1
0
-1
0
0
0
-2
1
0
-1
0
0
0
2
2
-1
0
1
1
-3
-1
1
-1
0
0
-2
0
0
-1
1
-1
2
-1
0
1
0
2
0
-1
-1
1
-1
1
-1
0
-1
-2
1
-1
2
-1
0
1
1
1
-1
0
2
0
0
2
1
-1
0
-1
1
0
0
2
1
1
3
1
-1
0
0
-1
-1
1
-1
1
1
-1
2
-2
-1
0
-1
0
0
0
-1
0
0
0
-1
1
-1
1
0
0
0
0
0
1
1
0
0
-1
-1
0
0
-1
0
0
0
0
-1
2
0
-1
0
-1
1
1
-1
-1
0
-1
1
-1
0
-2
-1
0
0
0
0
0
0
-1
1
0
0
-2
1
0
1
0
0
0
0
-2
-1
-1
0
0
2
0
0
1
1
1
-1
1
0
0
0
1
-1
2
-1
1
1
0
-2
-2
-1
0
2
1
0
0
1
0
-1
0
-1
0
1
1
0
0
0
1
0
0
-1
-1
1
-1
0
0
1
-2
-2
1
1
0
-2
-1
1
1
-1
0
-1
0
0
0
-1
-1
0
0
0
1
0
0
1
1
1
1
1
-1
1
0
-1
-2
-1
0
0
0
-2
0
0
2
-2
1
0
1
0
-1
2
1
1
0
0
0
0
0
-2
0
0
0
0
1
-2
0
-1
0
-1
0
-2
0
0
-1
0
1
-1
-1
-1
0
-1
0
-1
0
2
0
0
0
0
2
-2
-1
-1
0
0
0
-2
1
1
0
0
0
1
2
1
0
2
0
-2
-1
-1
1
0
-1
-1
1
-1
1
0
0
1
1
-1
-1
1
0
0
2
-1
-1
1
1
0
2
-1
0
-1
0
-1
-1
0
0
0
1
-2
-1
-2
1
-1
0
0
1
1
0
1
-2
0
-2
0
0
0
1
0
-1
-1
0
-1
0
-1
0
0
-1
1
2
1
0
1
1
-1
-1
0
1
0
1
1
0
0
1
1
-1
-1
0
-1
1
0
-1
1
0
1
0
0
0
-1
2
1
0
-1
-1
0
-1
-1
1
1
1
1
1
1
0
-1
-1
1
-1
0
-2
-1
2
1
0
1
-1
-1
-1
0
-2
-1
0
1
-1
0
1
-2
-2
-1
1
-1
-1
1
-1
-2
0
-1
0
1
0
-1
1
1
0
0
2
0
1
0
1
2
1
-1
0
-1
0
-2
-1
1
0
-1
1
2
0
1
-1
0
-1
-2
1
-1
0
0
-1
1
2
-1
1
0
-1
1
0
-1
1
-1
1
0
0
0
0
0
1
-1
1
-3
-1
0
-1
-1
-1
-1
0
-2
1
1
1
0
-1
1
0
0
0
-1
-1
1
-1
0
0
2
0
1
0
-1
0
0
-1
-1
-1
0
0
0
-1
0
-2
1
0
1
0
1
-1
-1
-1
0
-1
0
-1
-1
-1
1
0
-1
-1
0
0
-1
1
0
-2
1
1
1
0
0
0
1
0
0
-1
1
0
-1
1
-2
-1
1
0
0
-2
-2
2
-1
1
1
1
-1
1
1
0
1
1
2
0
-1
-1
-1
1
0
-1
-1
1
2
0
1
2
1
0
0
-2
0
0
1
1
-1
2
-1
1
1
-1
1
0
1
1
-1
0
-1
1
0
0
1
0
-1
2
1
-1
-2
-1
0
-1
-1
-1
1
0
0
-1
1
0
1
0
1
-1
0
0
0
1
1
0
1
3
0
1
0
0
1
0
-1
-1
0
2
2
1
0
3
0
1
-1
-1
0
-2
-1
1
0
-1
0
2
0
3
2
-2
1
0
0
1
1
1
0
-1
0
0
-1
0
0
-1
1
0
-2
-2
-1
0
-1
0
0
0
2
0
1
0
-1
0
-1
-1
-1
0
-1
2
0
1
0
1
0
-1
-1
1
1
1
1
-1
-1
-1
0
1
-2
1
0
2
1
0
0
1
-2
0
0
0
-1
2
-1
3
0
1
-1
0
0
-1
0
-1
0
0
-1
1
-1
0
-1
0
-1
-2
0
0
0
-1
0
-2
0
0
0
0
0
1
1
-1
0
0
0
0
1
0
0
1
0
1
2
0
1
1
-1
1
0
-2
-1
-1
1
-1
0
0
0
-1
0
1
1
-1
0
0
0
3
0
0
0
0
0
1
2
1
0
-1
0
1
1
0
1
-1
-2
-1
0
0
0
-1
-1
0
2
0
-1
0
0
-1
0
-1
-1
0
0
-1
0
0
1
0
0
-1
0
1
-1
1
-1
0
1
-2
0
-1
-1
0
0
-1
-1
2
0
0
0
0
0
0
1
0
1
0
-2
-1
2
-1
-1
2
-1
0
1
-2
0
-2
1
0
2
-1
-1
0
0
-1
1
1
0
0
0
-2
0
2
-1
-1
0
1
-1
0
-3
0
0
0
0
0
-1
0
-2
0
1
2
1
1
0
0
0
0
1
0
0
1
-1
-1
-1
0
3
0
1
-2
1
1
-1
1
1
0
2
0
1
-1
1
0
-1
-1
0
0
-1
-1
-1
0
-2
-1
-1
1
-2
0
2
-1
1
2
0
0
2
0
1
0
1
0
-1
0
1
2
-1
0
0
1
-1
-1
0
1
-1
-1
1
1
-1
0
0
0
0
-2
0
1
-1
-1
0
0
-1
0
2
1
0
1
-1
0
1
-1
-1
-2
1
-1
1
1
-1
-2
0
-1
-1
1
0
0
-1
0
2
0
-1
1
-2
0
0
0
0
1
0
-1
-1
0
0
0
1
1
-1
0
-1
-1
2
1
0
0
-1
0
0
-2
0
0
1
-1
0
-1
-1
-1
-2
1
0
0
1
0
1
0
1
0
1
-1
0
0
-1
0
0
0
-2
1
-1
0
-1
1
-1
0
0
-1
1
1
1
0
-1
0
1
1
-2
0
-1
0
1
1
-1
1
-1
2
-2
1
2
0
0
-2
1
2
-1
0
2
-1
1
1
1
-1
-2
-1
2
-1
1
0
0
-1
2
1
0
0
0
-1
1
0
-1
0
0
2
1
1
-1
0
-1
-1
0
0
-1
-1
2
1
0
0
0
-1
-1
0
-2
2
-1
1
0
1
0
2
1
-2
1
1
3
0
0
0
-1
0
-1
0
-1
-2
0
-2
-1
1
1
-1
1
1
-1
1
0
-1
1
-1
1
1
1
0
0
0
1
0
-1
1
1
-1
-2
-3
1
1
0
0
0
0
-1
0
-1
2
0
1
1
-1
-1
1
-1
0
1
0
-1
0
1
1
0
0
0
2
1
0
0
-1
1
-2
0
1
1
1
0
0
0
1
1
0
1
0
-1
-1
1
0
-1
-1
-1
0
0
2
-1
-1
-1
0
1
0
1
0
0
0
1
0
-2
0
-1
0
1
2
-2
0
0
-1
-1
0
1
0
0
-2
1
-2
0
1
0
1
-1
0
-1
0
0
0
-2
-1
-2
-1
1
1
1
0
1
0
-2
-1
2
-1
-1
0
-1
3
-1
-2
0
1
1
1
0
0
2
0
0
0
0
2
-1
0
1
0
0
-1
-1
1
1
0
0
1
1
0
-1
-1
0
-1
-1
-1
1
-1
-1
0
0
0
-2
2
-1
0
2
0
1
1
1
-1
-1
0
0
1
1
-1
1
1
-2
1
-2
0
-2
-1
-1
-2
0
2
0
-1
-1
-1
1
2
0
0
1
-1
0
0
0
1
0
0
0
0
0
0
2
1
0
0
0
0
0
0
-1
-1
-2
-1
0
-1
0
0
0
-1
-1
-1
0
0
2
1
-2
-1
3
1
1
-1
0
-1
-2
0
-1
-2
1
-1
1
1
-1
-1
0
-1
1
1
0
1
2
1
-2
-1
-1
0
-1
0
-1
0
-1
2
-1
0
0
-1
0
1
0
1
0
1
0
-1
-1
0
1
-1
-1
0
0
-1
2
1
1
0
1
-1
2
0
-1
0
1
0
1
1
-1
0
0
1
0
-2
0
0
1
1
-2
-1
2
-1
-1
1
0
0
0
2
2
-1
1
2
1
1
-2
1
-1
0
0
1
0
2
1
-1
1
1
1
-1
-3
1
0
-1
1
0
0
-1
3
0
1
1
0
0
1
-1
0
-2
-1
-1
0
2
-1
-2
1
0
0
-2
0
1
1
-1
0
-2
1
1
0
0
0
-1
0
-1
0
-3
-1
1
0
2
0
2
-1
2
1
0
-1
0
-1
-2
0
-1
0
-1
0
1
-2
0
-1
-2
0
0
0
-1
-2
-1
-1
2
0
0
0
0
1
-1
0
0
1
0
-1
1
1
1
1
0
-2
-1
-2
-1
0
0
-1
-1
1
2
2
-1
-1
0
0
-1
-1
1
0
1
-1
1
0
1
1
-4
0
3
1
0
1
0
1
1
-1
0
-1
1
0
1
-1
-2
2
1
0
0
-1
0
1
1
0
-1
0
-1
0
-2
0
-2
1
-1
-1
0
0
0
0
0
0
0
0
2
-1
0
0
0
0
-1
-1
1
1
0
1
1
1
-1
0
0
-2
0
0
0
2
-1
0
-1
-1
0
1
0
-1
-1
0
1
2
0
-1
-1
0
1
-2
-1
2
-2
0
0
0
-1
2
-1
-1
-1
1
-1
3
2
1
2
0
1
2
0
0
1
-1
-1
0
0
-1
-2
-1
2
2
-1
-1
-1
-2
1
-1
-1
1
0
1
1
1
0
-2
0
0
-1
0
1
1
1
-1
-1
-2
0
0
1
-1
-1
-1
0
-1
1
0
-1
0
0
1
-1
0
-1
-1
2
1
0
1
1
-1
1
0
0
0
0
0
0
-1
-1
0
1
-1
1
-1
1
1
0
0
-1
1
-1
0
-1
-1
1
0
1
-1
0
0
2
1
1
1
1
0
0
1
1
0
0
0
-1
-1
-2
1
1
1
2
1
-1
0
-1
0
0
0
0
1
0
1
1
1
3
1
1
-1
1
1
-2
1
2
-2
0
-1
0
1
0
1
-2
1
0
-1
2
0
-2
1
0
0
-1
1
0
0
0
1
0
1
0
2
-1
-2
0
2
-1
1
1
0
0
0
-1
1
0
-1
0
0
0
-2
-1
0
-1
-2
-2
-1
1
1
0
0
0
-1
-3
1
1
2
-1
0
0
-1
-1
-1
0
1
0
-2
1
0
0
0
0
1
2
-2
0
-1
1
0
-1
-1
0
1
0
0
0
0
-1
0
2
1
0
-1
1
1
0
4
-1
-1
0
-1
0
1
0
1
1
1
0
0
-1
3
0
-1
0
0
1
1
1
-1
3
-2
0
-1
0
0
2
1
-2
-1
0
1
2
1
0
1
0
2
1
0
1
0
2
1
0
0
0
-1
3
0
1
-1
0
1
0
-1
-1
0
0
0
0
0
0
0
0
-1
1
-1
1
0
-1
1
1
1
0
1
1
0
-1
-1
2
2
-1
0
-2
-2
0
1
1
-2
2
-1
2
-2
1
-1
0
0
2
1
-1
-1
1
-1
0
0
0
0
0
-2
0
0
1
-1
-1
-1
0
-2
1
0
0
0
1
1
-1
-1
0
0
0
1
0
0
0
-1
1
-1
-1
3
1
-1
-1
0
-2
0
-1
0
0
0
2
-1
1
0
-2
0
1
-1
-1
-1
0
0
0
1
-1
0
-1
-1
-1
-1
-1
1
1
1
0
-1
-2
-1
1
0
0
-1
0
1
0
-1
0
0
1
0
0
-1
-2
-1
1
1
0
-2
1
0
-1
1
0
-1
0
2
0
-1
0
1
-1
0
0
-2
-1
1
0
0
-2
1
1
0
-1
1
0
1
2
1
0
0
0
0
1
1
1
-1
1
0
1
1
0
1
1
-1
0
0
1
-1
0
0
1
1
1
1
-1
0
-1
0
-1
1
-1
0
2
0
0
0
-1
1
0
0
1
-1
0
0
-1
1
-1
1
-1
1
-1
0
0
2
0
-1
1
-1
0
-1
0
1
0
0
-1
0
2
-1
1
1
0
-1
-2
1
0
1
-1
2
-1
1
2
0
0
1
0
0
-2
-1
2
0
0
-1
2
0
0
1
1
0
0
0
0
-1
1
-1
1
1
0
0
-1
-1
-1
0
0
0
0
0
-1
0
2
-1
0
0
-1
0
-1
1
0
0
1
0
0
0
1
0
-1
0
1
0
-1
0
0
-1
1
0
-1
0
1
1
-1
0
-1
-1
-1
2
0
1
1
0
1
0
1
1
0
-1
0
-1
-1
0
0
1
2
0
-2
1
1
-1
0
-1
0
0
1
-1
0
2
0
1
-1
2
-1
0
0
0
2
0
0
1
0
1
0
0
-2
0
1
1
0
0
1
0
-1
2
0
-1
-1
0
1
-1
0
0
0
2
2
1
-2
2
2
1
-1
0
-1
-1
0
0
0
-1
-1
-1
-2
0
0
-1
-1
1
-1
-1
-1
-2
-1
1
0
-1
1
0
1
0
1
-1
0
-3
-1
1
1
0
1
0
-1
1
-2
-1
0
-2
-2
1
-1
1
1
-1
-2
-2
-1
-1
-1
1
-1
0
0
-1
-1
0
2
0
1
-1
1
-2
0
0
0
-1
-2
0
1
1
1
0
0
0
-2
1
2
0
-2
-2
2
1
-1
0
0
-1
-1
1
0
-1
0
1
-1
0
1
-1
1
1
-1
2
-2
0
-2
2
2
1
2
2
1
0
-1
-1
2
1
-1
0
2
-1
0
-1
2
2
0
-2
-1
-1
0
-1
3
1
-1
1
-1
-1
1
-1
0
0
2
1
0
0
1
0
1
0
0
-2
1
0
0
0
0
0
2
-1
0
-2
-1
1
0
0
0
0
0
1
0
0
0
-1
1
-1
1
0
-1
-1
0
0
1
-1
-2
-1
0
0
0
-1
0
0
0
-1
0
1
-2
-1
0
1
-2
0
0
0
0
1
-1
-2
-2
0
0
-2
-1
-1
0
1
-1
1
0
0
1
-1
0
0
2
-1
0
0
1
0
1
0
0
1
-2
-1
0
0
0
-1
-1
-1
0
0
-2
2
-1
-1
0
-1
1
2
1
1
0
2
0
-2
0
0
-2
2
-1
1
1
1
2
0
0
1
1
-1
1
-1
1
-2
-1
1
1
1
1
1
1
1
-3
-2
-1
0
0
3
2
1
0
-1
1
0
0
-2
1
-1
0
-1
1
1
0
1
1
0
0
0
0
2
-1
1
0
0
0
-2
0
-1
0
-1
-2
0
0
-1
1
-1
0
0
0
-1
1
-1
-1
-1
0
-1
0
-1
0
-1
1
-1
0
1
2
0
2
-1
0
1
0
0
-1
-2
0
0
0
0
1
0
0
-1
-2
-1
-1
1
-1
-1
0
1
0
-1
0
3
1
1
1
0
1
0
-1
2
-1
0
-1
-1
-1
2
0
0
-1
0
1
0
-2
1
0
0
-2
-1
-2
0
0
-1
1
-3
0
0
0
-3
1
0
-1
0
0
-1
0
-3
2
0
0
1
-1
0
-1
0
-1
-1
2
0
-1
1
0
1
-2
-1
1
0
0
0
1
-1
0
1
0
0
2
1
3
2
0
-1
-1
1
0
1
2
0
-1
-1
0
2
1
-1
0
1
0
-1
1
-1
0
0
0
1
1
-1
1
0
-2
-2
0
0
0
0
1
0
0
-1
0
0
1
1
0
1
0
-1
3
1
-1
1
0
0
1
1
0
-1
0
0
1
2
1
1
2
-2
-1
1
1
0
0
0
0
0
1
0
1
0
2
-1
-1
1
0
1
-1
3
-1
-1
0
1
-1
-1
1
2
0
0
0
-3
0
1
1
1
-1
-1
-1
0
-1
-1
-1
0
-1
0
1
0
2
-1
0
1
1
0
1
3
-1
-1
0
1
1
3
1
0
-2
1
-2
1
-1
-1
1
0
-2
-1
-1
1
0
0
0
-1
0
0
1
-2
1
-1
0
1
-1
-1
1
0
1
2
0
0
0
2
0
1
-1
-1
0
-1
0
0
-1
0
1
0
-1
-1
1
0
0
-1
0
0
0
-1
2
0
-2
0
0
1
0
2
0
0
1
1
-1
-1
0
0
0
-1
0
0
-2
0
1
-2
1
-1
-1
1
-1
0
0
-1
2
1
-1
0
-2
-1
0
-1
0
-2
-2
-1
0
1
1
2
-1
-2
-1
1
0
-2
1
0
0
0
-1
0
0
0
0
0
0
1
0
-1
0
1
0
-1
1
0
0
1
1
-2
-1
0
0
-1
1
-1
0
-1
1
-1
-1
-1
0
-1
-1
1
-2
-1
0
1
0
-1
1
-2
0
0
-2
-1
-1
-1
-1
0
-2
2
0
1
0
0
-1
-1
1
-1
2
1
-2
0
0
1
2
-1
0
0
-1
0
0
0
2
0
0
-1
1
2
-2
1
1
2
-1
0
1
-2
1
-1
-1
-1
1
1
0
0
2
-2
1
-1
1
0
0
0
1
-1
2
1
0
2
-1
0
0
0
1
-1
-1
1
-1
1
1
1
-2
0
-1
2
0
0
0
-1
0
1
-3
0
-1
-3
1
-2
-1
-1
1
-1
-1
-2
0
1
1
-1
-1
0
-1
0
0
0
1
1
1
0
0
0
0
0
1
2
1
-1
1
1
-1
0
-1
0
-2
2
1
0
-1
0
0
-2
0
-1
2
-1
0
-1
0
-1
-1
-1
-1
-3
1
0
0
1
1
1
0
1
0
0
-2
1
0
-1
0
0
-1
0
-1
-2
1
1
-2
-3
0
-1
1
0
-2
0
0
0
-1
-1
-2
-1
1
-1
-1
0
0
2
1
2
-1
3
-1
0
1
2
0
-1
-1
1
2
-1
1
0
0
1
0
0
2
1
-2
-1
1
-1
0
0
2
0
1
0
-1
1
-1
0
0
-1
0
1
-1
-1
-1
0
-1
0
0
-1
-1
2
0
0
0
1
1
1
0
-1
0
1
-1
0
-1
0
0
2
-2
-1
-1
1
1
-1
2
0
-1
0
-1
1
-1
0
0
0
1
0
-1
-1
1
1
2
0
-1
2
0
0
1
1
1
-1
0
1
-1
1
0
1
1
1
1
-1
0
0
0
-1
0
1
1
-1
0
-1
-2
1
0
1
0
1
1
-1
0
-1
-1
1
-1
1
0
0
1
2
0
-1
0
0
1
0
0
0
-1
0
0
-1
1
1
-1
0
-1
1
-1
1
0
-1
0
-1
0
-1
0
-2
0
1
0
0
-2
1
0
1
0
1
0
1
-1
1
2
-1
1
-1
0
0
0
0
1
-1
0
1
0
2
0
-1
-1
-1
1
2
0
2
3
-2
1
1
0
0
-1
0
-1
0
-1
0
0
0
0
0
1
0
0
0
0
-1
-1
-1
0
1
-1
-1
2
-1
-2
-1
0
0
-2
0
-1
-1
2
0
0
1
0
0
0
-3
-2
1
1
1
2
-1
0
-1
1
-1
1
2
1
-1
1
0
1
1
-1
0
-1
0
0
-1
1
0
-1
1
0
0
0
2
1
0
-1
2
1
1
2
1
-1
-2
1
1
0
1
0
0
-1
-1
1
-1
0
-1
1
0
-1
0
1
2
-1
0
0
0
1
-1
1
-1
-1
0
-1
-1
-2
0
0
-1
0
0
1
1
-1
1
0
0
-1
0
1
1
0
0
1
-1
-1
0
0
-1
0
1
2
0
1
0
0
1
0
-1
-2
-1
1
0
-1
-1
0
1
0
0
0
-1
1
1
1
0
2
0
0
0
-1
2
-1
0
0
0
1
-1
0
1
-1
-1
1
0
-1
0
1
-1
1
-1
1
-1
-2
0
0
1
0
0
1
-1
0
1
1
-1
0
-1
2
-1
0
-1
-1
0
-1
1
2
0
-2
-1
0
-1
0
-1
1
-1
1
2
1
1
1
0
0
1
0
0
0
1
1
0
1
0
-2
1
1
0
1
-1
-1
0
0
1
0
1
3
0
0
-1
-2
2
1
0
0
1
-1
0
1
-1
-1
2
0
-1
0
0
-2
0
0
1
1
0
-1
-1
-1
1
-2
0
1
0
0
0
0
0
0
1
2
-1
2
0
0
-2
0
-1
0
0
0
-1
0
0
-1
-1
0
-1
-1
0
2
-1
2
0
0
-1
-1
1
1
0
0
0
1
0
1
-1
2
0
0
0
0
0
1
0
-1
1
-1
2
0
0
0
0
0
1
1
0
-1
-1
-1
0
-1
0
2
1
-1
-2
0
1
1
-1
-1
1
1
1
0
0
0
1
1
-1
0
-1
0
0
0
0
0
0
-1
-2
2
1
-1
0
-1
-1
0
-1
1
1
0
-1
-1
0
2
-1
1
0
1
0
0
0
0
1
2
2
1
0
0
-1
1
0
-1
0
-2
0
-1
0
1
0
-2
0
0
-2
1
-1
1
0
-2
0
0
1
-1
2
-2
-2
-1
0
0
2
-1
-2
0
0
-1
1
0
1
0
-1
0
-2
0
0
-1
-1
0
0
1
2
-1
0
-1
1
1
1
0
1
-1
1
1
0
0
2
0
1
-1
-1
2
-1
0
0
0
0
0
1
-2
1
1
-1
-1
-1
-1
-1
0
-2
1
0
1
-1
0
1
1
0
1
-1
-1
1
1
-3
-1
0
0
0
0
1
1
1
2
1
-1
1
1
-1
0
-1
0
0
1
1
-1
1
0
-1
0
0
0
1
0
-3
-1
2
-3
0
-1
-1
-1
-1
0
-1
-1
3
1
1
1
1
2
-1
-1
-1
1
2
1
1
0
1
0
2
0
2
0
-1
0
0
0
-2
-1
0
-1
0
-1
1
1
-2
-1
2
0
1
-1
1
-1
0
0
2
-1
-2
-1
0
-1
1
1
1
0
0
0
1
0
1
0
2
-1
0
1
-1
1
1
1
-2
0
1
3
0
1
0
0
1
-1
-1
1
1
1
-1
0
-1
0
1
1
0
0
2
0
-1
1
-1
1
0
0
1
1
1
-1
2
1
1
1
2
-1
-1
1
1
0
-3
1
1
1
-1
1
2
0
0
1
0
0
0
-2
1
0
1
0
-2
1
1
0
0
-2
-1
-2
0
1
1
0
0
1
1
-1
1
0
1
1
-1
0
-1
-1
0
0
0
1
0
-1
0
-1
0
0
-1
1
0
0
-1
2
1
-1
0
-1
0
0
1
0
0
1
0
0
1
0
0
1
-1
1
0
0
0
-1
1
1
-1
0
1
-2
2
-2
0
0
0
-1
0
0
-2
-1
-1
0
-1
0
0
-1
0
1
0
0
0
0
0
-1
0
-1
-2
-1
0
-1
0
0
-1
1
-1
0
1
2
-1
-1
1
1
1
-1
-1
0
0
-1
2
1
0
-1
1
0
1
2
0
0
1
0
1
2
1
0
2
-1
1
-1
2
2
1
-2
0
-1
2
-1
0
0
-1
3
1
0
-1
0
0
-1
0
-2
0
0
0
1
-1
-1
0
-1
1
0
-1
0
0
0
-1
0
-1
1
0
-1
1
1
2
-1
0
0
1
-2
0
-1
0
1
-1
0
0
-1
1
-1
0
0
-1
0
-1
1
0
-1
-1
0
-1
-1
-1
0
0
-2
1
0
-1
0
-2
0
-1
1
1
1
2
0
-1
2
0
-1
0
0
-1
0
-1
0
-1
0
0
1
-1
1
-1
0
1
-1
-2
-1
1
-1
1
0
1
-1
0
1
-2
0
1
-2
-1
-1
2
-1
-1
0
2
0
0
0
0
2
1
-1
0
1
0
0
1
1
0
1
0
0
1
2
1
1
-1
0
-1
1
0
-1
-1
1
-2
-1
-1
-1
2
0
2
0
0
2
0
-1
-1
-1
0
1
0
0
-1
2
1
0
-1
1
-1
-1
0
-1
0
0
0
-1
-1
-1
1
1
1
2
0
-1
0
-1
-1
0
0
-1
-2
0
1
1
-1
0
1
-1
-1
1
0
-1
0
-1
0
0
1
-1
0
1
2
-1
0
-1
1
0
1
-1
-2
1
3
1
1
-1
0
1
0
2
-1
-1
1
0
1
-1
1
0
1
0
-1
-2
0
1
0
0
0
1
1
0
1
0
0
-1
1
1
0
1
-1
0
1
-1
1
-1
1
-1
-1
-1
-1
0
1
0
-1
-1
-1
0
1
-1
2
0
-1
-2
0
0
1
0
1
0
0
2
1
0
-1
0
1
0
2
-1
1
1
1
0
0
0
1
1
0
0
0
0
-1
0
-1
0
-1
1
0
0
-1
1
0
0
0
1
0
-2
1
0
0
1
-1
0
-1
0
1
0
-1
-1
0
1
0
0
1
-1
2
1
-2
-1
-3
-1
1
1
0
0
0
0
0
0
0
-1
-1
1
0
0
-2
-1
0
0
0
-1
0
0
1
-1
1
0
0
-1
1
-1
2
-4
2
0
1
0
1
-1
-1
1
1
-1
-1
1
-1
-1
-1
0
0
-2
0
-1
2
0
1
-1
1
0
0
3
0
1
-2
1
0
-2
0
1
0
-2
-1
0
0
1
1
0
0
-1
-1
0
1
0
1
-1
1
0
1
1
0
0
1
0
1
-1
0
-1
1
-1
0
1
0
-1
1
1
2
2
0
1
1
-1
1
-1
0
1
0
0
1
-1
0
-2
0
0
0
0
-2
1
1
1
-1
0
-2
-1
-1
-1
0
1
-1
0
0
0
1
2
-1
1
1
0
0
0
0
1
0
-1
-2
-1
0
-1
-1
-1
0
-1
1
-1
0
-1
0
0
0
1
0
-1
0
0
-2
0
0
0
-2
2
0
-2
0
1
0
-1
-1
1
0
-1
1
0
-1
0
-3
1
0
0
-1
-1
0
0
-1
-1
1
0
0
-2
-1
1
0
-1
0
-1
0
0
1
1
2
0
1
1
1
-1
1
0
1
0
0
2
-1
1
0
1
-1
-1
0
-1
0
-3
0
-1
0
-2
1
-1
0
0
1
1
-2
-1
-1
0
-1
1
-1
-1
-1
1
2
-1
-1
0
0
-1
1
0
1
-1
-1
-1
-1
-1
-1
0
-1
0
-1
1
0
1
0
-1
1
0
-1
1
-1
0
0
0
2
3
0
1
-1
-1
0
1
-1
-1
1
0
-1
-1
1
0
0
0
-1
-1
0
-1
-1
0
2
0
0
-1
-1
1
1
0
-2
-1
2
-1
0
1
-2
0
0
-1
1
2
-2
-1
0
0
0
1
-1
-1
-3
0
0
0
0
0
0
1
0
2
1
-2
0
0
1
0
-2
-1
1
2
1
-1
0
0
-2
-1
0
-1
0
0
-1
1
1
1
1
-2
-1
-2
0
-1
-1
0
0
0
0
1
0
1
2
0
1
0
0
-2
1
-2
1
1
0
-2
1
1
-1
0
1
-4
0
-1
-1
2
0
0
2
-1
0
0
0
0
0
1
1
1
-1
0
1
0
0
0
0
1
1
-1
0
-1
0
-1
1
0
1
0
0
0
-1
1
2
-1
0
0
-3
-1
1
0
2
0
0
1
0
-2
-2
2
0
0
2
2
-1
1
-1
-1
2
-1
-1
-1
-1
-1
-1
0
0
1
2
1
1
0
1
0
0
-2
1
-1
1
-1
0
-1
1
-1
0
-1
0
1
0
0
1
-1
-1
1
1
0
1
1
0
1
1
-1
0
0
0
-1
0
0
0
0
0
0
-2
-1
0
0
-1
0
0
-2
0
2
-1
1
0
2
-1
3
1
1
-1
0
0
1
0
0
0
1
0
2
-1
-1
2
1
0
2
0
0
1
0
1
0
2
0
-1
-1
0
0
2
-2
0
0
-1
0
1
1
1
1
-2
0
1
1
1
0
-1
-1
0
0
1
-2
2
-1
0
0
0
0
1
1
0
1
-2
0
0
0
-1
-1
1
1
0
-1
1
2
0
1
-1
1
-1
1
-1
2
-1
0
-1
-2
-1
-2
0
1
-2
0
1
2
2
1
-1
0
-1
-2
-1
-1
-1
-2
2
0
2
0
0
0
1
-1
0
-1
-1
0
1
0
0
0
0
-1
-1
-1
0
1
1
-1
0
0
0
0
-1
-1
-2
-1
2
0
0
0
-1
-1
-1
-1
0
0
-1
0
2
0
-1
-1
1
0
-2
-2
0
-3
-1
0
-1
-1
-1
-1
2
0
0
0
-1
-1
0
0
1
0
1
-1
-1
0
0
-2
0
1
-3
-1
-1
0
0
0
2
-1
0
1
1
3
0
1
-1
0
0
0
0
2
2
0
0
1
1
1
-1
0
1
1
-2
1
-1
0
-1
0
1
-2
-1
0
0
0
0
-2
-2
0
0
0
-1
-1
0
1
1
-2
0
0
2
-2
-1
1
0
-1
1
-1
1
0
0
2
0
0
-3
-2
1
-1
-1
1
0
-1
0
0
2
1
0
-1
1
1
-1
1
-1
0
0
0
0
0
-2
0
0
-1
0
0
1
0
0
-1
1
-2
0
0
1
0
0
1
1
2
-1
1
-2
-1
1
-1
1
-1
1
0
1
0
-2
-1
1
0
1
0
0
0
0
0
0
0
1
-1
0
1
-1
2
0
-1
0
1
1
-2
0
1
1
2
1
-2
0
-1
0
1
0
-1
0
0
0
-1
-1
-1
0
0
-1
1
1
3
1
-1
1
1
0
0
-1
0
-2
0
-1
-3
-1
0
1
1
-1
0
2
0
-1
-1
1
1
0
1
0
-1
0
0
1
1
0
-1
1
2
0
1
1
-1
-1
-1
1
1
0
0
2
0
-1
0
1
0
-1
0
0
-1
0
-1
1
1
-1
-1
1
0
0
0
0
-1
1
-2
-1
-1
1
0
1
1
2
1
-1
1
0
0
0
1
0
0
1
0
-1
1
1
0
1
0
-1
-2
-1
1
-1
-1
0
0
0
2
0
0
0
0
1
0
0
-1
2
-2
-1
-2
0
-2
0
0
-1
0
0
0
-1
0
1
0
-2
1
-2
-1
0
0
-1
-1
1
-3
1
1
0
1
-1
0
1
0
0
-2
1
1
0
-1
1
0
-1
-2
-1
0
-1
-1
-1
0
0
0
1
0
1
0
-1
-1
-1
2
-1
-1
0
-2
0
1
0
1
0
-1
0
0
0
0
-2
0
1
-1
-1
0
1
0
0
0
2
1
0
-1
0
-1
1
-2
1
0
1
1
0
0
0
0
1
0
-1
1
2
0
1
-1
-1
-2
-1
0
-1
0
0
1
-1
0
-1
-1
1
-2
-2
-1
0
-1
-1
-1
1
0
0
-2
0
-2
-2
-2
-1
-1
0
-2
0
1
1
-1
0
1
-1
0
-2
0
1
-1
0
0
1
1
0
0
2
0
0
-1
2
0
0
1
0
-1
2
3
1
0
-2
1
-1
-1
1
0
2
1
0
-1
1
0
-1
2
0
-1
0
1
-1
1
-2
-2
0
-1
-1
1
0
0
-1
0
0
-1
-1
-1
-1
1
0
-1
1
0
0
0
0
2
1
-1
-2
0
-1
0
0
0
-1
2
-1
-1
0
-1
1
-2
-1
1
1
-1
0
2
-1
2
1
1
1
1
0
-2
0
-1
0
0
1
-1
-1
-1
1
-3
0
2
1
-1
0
2
0
-1
0
0
0
0
0
1
0
0
-1
1
-1
0
1
1
1
-1
1
0
-1
1
2
0
-1
-1
1
-1
1
1
1
0
0
-1
0
1
0
-2
0
-1
-2
-1
0
-1
-1
-1
2
-1
1
1
-2
-1
0
-1
0
0
2
0
1
0
2
0
0
-2
-1
-2
2
2
1
1
1
-1
-2
0
1
0
0
-1
0
0
1
0
-1
1
-3
1
0
-1
-1
0
0
2
0
0
-1
-1
0
0
1
1
-1
0
-1
0
1
-1
0
1
-1
-1
0
0
-1
-2
0
0
0
0
