50 100 1
2 17
2 18
3 10
3 14
3 20
3 39
4 34
5 21
5 35
6 2
7 9
7 46
8 15
8 32
9 9
9 14
10 16
10 25
11 26
11 37
12 10
12 43
13 5
13 18
13 28
14 40
15 10
15 27
16 20
16 26
16 28
17 38
18 20
19 2
19 5
19 15
20 14
20 19
20 40
21 13
21 22
21 30
22 13
22 15
23 16
23 25
23 43
25 7
25 9
25 25
26 0
26 21
26 24
26 46
27 3
28 11
28 17
29 3
29 14
30 17
30 20
31 6
31 23
32 0
32 30
33 2
33 18
34 5
34 9
34 20
34 34
35 25
35 31
35 35
36 18
36 40
37 14
37 20
37 41
38 5
38 11
38 24
39 31
41 3
41 47
42 3
42 20
42 27
43 3
43 7
43 23
43 37
43 39
44 24
44 27
47 11
48 12
48 23
48 48
49 42
14
66
60
65
87
20
72
50
17
91
25
18
67
68
86
97
23
82
74
93
57
7
32
21
5
59
8
48
89
39
69
46
40
34
37
84
29
33
28
85
42
11
78
79
4
54
3
55
51
49
80
44
62
2
30
75
56
38
61
81
35
24
12
16
19
36
47
58
63
22
96
10
6
64
90
26
94
0
13
15
76
43
41
71
99
92
53
70
88
31
27
77
52
45
98
73
1
9
83
95
1
1
0
-1
-1
0
1
-1
0
0
-2
1
0
2
0
-1
-1
0
0
0
0
1
-1
1
-2
-1
-1
1
1
0
1
-1
1
0
3
0
0
1
-1
0
1
1
-1
-1
1
0
0
0
-2
-1
1
0
-1
-1
0
-1
-1
0
0
1
1
0
1
1
-1
2
1
1
0
0
-2
0
0
1
2
0
-1
-1
1
0
-1
0
0
-1
3
1
-2
-1
-1
0
0
2
-1
0
0
0
-1
1
0
-1
0
1
-1
1
0
1
-1
-1
-2
0
-1
2
0
0
2
0
-2
0
-2
0
1
0
2
0
0
1
0
0
0
-1
1
1
0
0
-1
1
0
-1
1
1
-1
1
3
0
-1
-1
1
0
1
1
2
1
2
0
0
0
0
-1
2
1
1
0
1
-2
0
0
0
2
1
1
-2
-2
1
0
2
2
0
0
0
0
1
0
1
1
1
-1
2
0
1
-1
-1
0
-1
-1
1
0
1
0
1
-1
0
-1
-2
0
1
0
0
-1
0
0
0
1
0
1
0
1
0
0
1
-1
-1
-1
0
0
0
-1
-1
1
1
1
-1
0
2
-1
0
0
0
0
1
2
-1
1
0
-1
-2
-1
1
1
0
2
0
-1
1
0
0
-1
1
0
1
-1
1
2
-2
-1
0
1
0
0
-1
1
0
1
0
0
-2
-1
0
-1
-1
0
-1
-1
0
0
-1
1
0
-1
1
2
0
0
0
0
0
0
-2
-1
-1
-3
0
-2
-1
-1
2
0
1
-1
1
-1
1
0
-1
0
0
1
1
3
0
1
-2
1
0
0
1
0
2
1
2
-2
0
1
1
0
0
-1
-1
-1
0
-1
-1
0
-1
0
0
0
-1
-1
-1
0
0
1
0
1
0
1
-3
-1
1
1
-2
0
0
0
-1
0
-2
-1
1
-2
-1
-1
0
-1
-1
1
-2
1
0
-1
0
0
2
0
-1
1
-1
-1
-2
-1
1
0
0
-1
0
-1
1
-2
0
0
-2
-1
0
1
0
0
-2
0
-2
-1
0
0
-1
0
-2
-1
0
-1
1
0
1
0
0
-1
2
0
0
-1
1
0
1
1
-1
0
-1
0
-1
3
1
0
0
0
0
-1
-2
0
-1
0
0
0
1
0
-2
1
3
1
1
2
-2
0
0
-1
-2
-1
-1
0
0
-1
1
0
1
2
2
-2
-1
1
0
0
-1
-1
2
1
1
1
0
-2
-1
1
1
0
0
0
0
1
1
-1
-1
1
1
-1
1
-1
-1
-1
0
1
-1
1
0
0
-1
-1
-1
-2
0
-2
0
0
0
0
1
2
0
0
2
-1
0
-1
0
1
-1
0
1
-2
1
-2
1
1
-1
0
1
0
-1
1
-1
0
1
0
1
0
0
0
0
-1
-1
-1
-2
0
1
0
0
-1
1
2
0
-1
-1
-1
0
0
0
0
-1
0
1
0
0
1
1
4
-1
1
1
0
1
1
1
0
0
0
1
1
1
0
0
0
0
1
-1
-1
0
1
0
-1
1
-2
1
-1
2
2
2
-1
-1
0
0
2
0
1
-1
0
0
0
-1
-2
1
1
-1
-1
2
1
1
0
0
1
-1
0
0
1
0
0
0
0
1
0
0
-1
2
0
-1
-1
-1
0
-1
1
0
1
-1
0
1
0
-1
-1
1
0
0
-1
0
2
1
0
-1
0
-1
2
-1
-1
-2
-1
0
-1
1
1
0
-1
-1
-1
1
2
-1
-1
0
0
1
-1
1
-1
-2
1
-1
-2
1
-1
1
-1
-1
-2
-1
0
0
2
-2
-1
0
0
-1
0
0
0
-1
-2
0
1
2
1
-2
-1
-3
1
-1
-1
0
-2
-1
0
-2
-1
-1
1
-1
1
0
1
-1
-1
1
-1
1
1
0
0
1
2
-2
2
-1
1
-2
1
1
0
0
0
0
0
-1
2
0
0
1
0
-1
-1
0
1
0
1
2
-2
1
1
0
0
-2
-1
-1
0
-2
0
0
-1
-1
0
0
0
1
0
-2
-1
-1
0
0
1
-1
-1
-1
-3
1
0
1
0
1
0
-1
-1
-2
0
0
0
-1
3
1
0
2
1
-1
-2
-1
0
0
0
-1
-1
1
0
-1
-1
-2
0
1
1
1
0
-1
0
2
1
-1
1
0
0
0
0
-1
1
2
-1
0
-1
0
0
0
1
0
2
1
-1
-1
1
0
-1
3
0
0
0
0
0
1
1
0
0
0
1
-1
-1
1
0
-1
0
0
1
-1
-2
1
-1
1
0
0
0
-1
-2
1
1
-2
0
2
1
-1
0
2
0
2
0
-2
0
0
1
1
0
1
-1
2
1
-2
1
0
2
0
0
0
1
0
0
0
0
0
1
-2
1
2
0
1
0
-1
1
0
0
-1
-1
0
-1
0
0
1
0
1
0
1
2
-1
0
0
1
1
0
0
1
1
1
0
-1
1
1
0
-1
-1
0
1
0
-2
2
0
-1
2
1
0
-1
0
1
1
1
1
0
1
-2
-1
2
0
-1
1
0
-1
1
-1
0
0
-2
0
0
1
1
1
0
1
0
0
1
0
0
0
-2
0
1
-2
1
0
-1
-1
0
1
-2
-1
1
1
-1
2
1
1
-2
-2
-2
-1
-2
-2
0
0
2
0
-1
0
0
1
-2
1
-1
0
0
0
0
1
-1
-1
1
-1
0
0
0
2
-1
0
1
1
1
-2
1
-1
1
0
-1
-1
-1
0
-2
1
1
1
-1
1
2
1
2
1
-2
-1
3
1
-2
-3
1
0
0
-1
2
-1
2
0
-2
-1
1
0
-1
0
0
-1
0
-1
0
-1
1
0
-1
-1
-1
1
1
0
-1
1
1
-2
0
-1
-1
-2
0
-1
-1
1
0
0
0
1
0
-1
0
1
1
1
0
-1
-1
1
0
-1
2
1
0
1
0
-1
0
0
0
0
-2
0
1
0
-2
0
0
1
1
-1
2
1
0
-1
0
0
1
0
0
-2
0
2
-3
-1
-1
-1
1
-1
-1
1
1
-1
-1
1
0
1
-1
0
-1
-1
-1
-1
0
0
-1
2
-1
1
-1
-1
0
-1
2
-1
1
-2
1
2
2
0
1
-1
0
1
1
-1
1
0
1
-1
0
-1
0
2
-1
2
-1
-1
1
1
-1
1
-1
1
0
0
1
-1
-1
0
0
-1
-1
0
0
-2
-1
1
-1
-1
-1
1
2
0
0
1
1
1
-1
-1
-1
1
2
0
0
-1
0
0
0
1
0
3
-1
1
0
-1
1
0
-2
0
0
0
2
1
2
-1
-2
1
2
1
0
0
1
-1
0
0
0
0
-1
2
1
2
3
1
1
1
0
1
-1
-1
-1
0
1
0
0
0
0
0
-2
-1
0
1
-2
0
-1
-1
-1
0
2
-2
-1
2
0
-1
0
-1
-2
0
0
1
-1
0
0
-1
0
0
1
0
1
2
1
0
0
0
0
0
0
0
1
-1
0
0
1
0
0
0
1
-1
0
1
0
0
2
-1
0
-2
0
0
1
0
0
1
-3
0
2
-1
-1
0
1
-2
-2
0
0
-1
0
0
1
-1
0
0
1
0
0
-1
1
-1
2
1
0
1
0
1
-1
-1
1
-2
-1
-1
1
0
0
0
-2
0
-1
-1
-1
0
1
0
-1
1
1
0
-2
-2
1
1
1
0
0
1
-1
-1
1
0
-2
0
-2
-2
0
2
0
2
0
1
1
0
0
0
0
0
-1
0
0
1
0
2
-1
0
0
-1
0
1
0
0
-1
1
0
1
0
0
1
2
0
1
0
1
-1
-1
0
-1
2
0
2
-1
3
-1
0
2
0
0
-2
-1
2
0
0
0
-1
-2
1
0
0
-1
0
2
0
-1
-1
0
-1
-1
-2
-1
1
1
0
0
-1
-1
-1
-1
-1
-1
1
-1
0
1
-1
-1
0
0
1
1
-2
0
-1
1
-1
1
-1
2
-1
0
0
-1
-1
1
1
1
-1
1
-1
-1
-1
0
1
-1
1
2
1
-1
1
0
-1
1
0
2
0
0
-1
2
-1
2
0
2
-1
0
0
0
0
1
1
0
1
0
1
0
-1
-1
1
1
0
0
1
0
0
1
0
1
-1
0
-1
2
1
2
0
-2
-2
0
1
0
2
0
1
0
-1
-1
0
0
0
0
2
1
1
0
0
-1
-1
0
0
-1
0
-2
2
0
1
0
1
0
0
0
0
0
1
-1
0
0
-1
0
0
0
-1
0
0
-1
0
0
-1
1
-1
-1
0
0
1
-1
0
1
0
0
1
-1
0
0
0
0
-2
-2
0
-1
-1
-1
0
-1
0
0
-2
-1
-1
0
-1
0
2
-1
0
1
0
-1
0
2
-2
0
-1
0
0
1
0
0
-1
-1
0
0
-1
-1
0
1
-1
0
-1
0
0
-1
0
0
-1
0
1
0
-1
0
-1
0
0
0
2
-1
1
1
-1
-2
-1
-1
1
0
0
-1
0
1
0
-1
1
-1
-1
-1
-1
-2
1
0
0
1
0
-1
0
1
0
0
1
1
1
-1
0
0
3
1
-1
1
-2
1
0
-2
1
0
1
0
-2
-1
2
2
-1
-2
1
1
0
1
1
0
0
1
0
2
0
1
0
0
0
0
0
1
-1
1
1
1
1
0
-2
0
0
0
-1
0
0
2
1
0
2
1
-1
-1
0
1
2
0
2
-1
1
-2
-2
1
-1
0
-1
0
-2
0
0
1
0
0
-1
0
1
-2
1
0
2
0
2
1
2
1
0
-2
0
0
1
0
2
-2
1
0
0
-1
1
-2
0
-1
0
0
0
-1
-2
0
0
0
0
2
0
0
0
-1
0
-1
2
-1
-1
1
1
0
0
-1
1
0
0
-2
-1
-3
0
0
0
-1
0
0
-1
-1
2
1
1
1
0
1
0
2
0
-2
1
0
-1
0
1
0
0
-1
-1
-1
0
-2
0
-1
2
0
0
1
0
-1
0
0
0
1
1
2
1
-1
0
0
-1
1
1
0
-1
0
1
1
0
1
0
2
-1
0
0
1
-1
1
2
-1
1
-1
-1
0
-2
-1
0
1
-1
1
0
-1
-1
0
2
-2
-1
0
2
1
0
0
1
1
0
-2
-1
1
-1
-1
1
-1
1
0
1
0
-1
-2
-1
0
1
-1
1
1
1
-1
1
1
2
-2
1
-1
-2
0
0
0
0
0
-1
2
2
0
0
0
2
1
2
0
2
0
2
0
0
-1
-1
0
0
0
-1
1
-1
0
0
-3
0
0
1
-1
1
-1
-1
1
-1
-2
0
-1
1
0
0
1
0
0
2
2
2
-1
-1
-1
1
0
-2
0
0
-2
-2
1
0
1
1
0
-1
0
2
1
0
2
0
0
0
-2
-1
0
1
1
-2
0
0
1
-1
2
-1
-1
1
1
0
0
-2
0
0
1
0
-1
0
1
1
2
0
2
1
1
0
0
1
1
1
1
0
1
-1
0
-1
-1
0
-1
1
-1
2
0
-1
1
-1
-1
0
1
0
1
-2
-2
0
1
0
1
0
1
-1
1
-2
-1
-1
-1
0
1
1
1
1
1
-1
-1
1
1
0
1
-1
0
0
0
1
0
1
0
-1
0
0
-2
0
0
1
0
2
-1
1
1
-2
0
0
1
0
0
-1
-1
0
1
0
1
0
1
-2
1
0
1
0
0
1
0
-2
0
0
-1
0
0
0
1
2
0
0
2
1
0
-1
-1
-1
-1
2
-1
2
2
0
-1
2
-1
0
-1
-2
0
1
-1
-1
0
1
-2
1
1
0
2
2
2
1
0
0
0
0
-1
-1
-1
-1
1
0
2
0
-2
0
0
1
0
0
1
1
0
0
0
0
0
0
-1
0
1
3
1
0
1
-1
-1
-1
0
-1
0
0
2
-1
-1
1
-2
0
-2
2
0
1
1
0
1
2
0
-1
2
0
1
0
0
0
-1
-1
0
-1
-1
0
0
0
-1
-1
0
2
-2
-1
0
-1
0
1
0
-1
-2
-1
-3
0
1
0
1
0
0
-1
-1
0
0
1
0
-2
0
0
1
2
0
0
0
0
-1
0
1
1
1
0
0
1
1
0
0
0
2
-1
1
0
2
-2
0
2
0
1
0
-1
-1
-1
-2
-2
-1
1
0
-2
0
-1
2
1
2
0
0
0
0
-1
-1
-2
0
-1
-1
-1
1
0
0
-1
-1
0
-1
0
-1
0
-1
-1
1
-1
1
0
-2
0
0
1
-2
1
-1
-1
0
-1
1
0
0
-2
-1
-2
-1
1
0
2
2
1
1
0
-1
-1
2
2
-1
0
1
-1
1
0
-1
-1
-2
1
0
0
0
0
1
1
0
-1
0
1
0
0
-1
0
0
-1
1
0
0
0
1
1
3
-1
-1
0
2
0
0
0
0
1
1
0
0
-1
1
-1
0
-1
0
-1
1
0
1
-1
-1
-1
-1
0
-1
1
0
-1
-1
0
0
0
0
0
0
0
1
-1
1
1
0
-2
-2
0
2
1
-1
0
-1
1
2
-1
-1
-1
0
1
1
0
0
-2
0
0
0
-1
0
1
-1
1
1
0
0
1
0
0
-1
-2
1
0
1
0
-1
-1
0
0
0
0
-1
0
1
-2
1
0
-2
1
-1
0
0
-2
-1
1
2
1
0
0
1
0
-1
-1
-1
0
0
-1
1
0
0
-1
0
2
1
-1
0
1
-1
2
1
0
-1
0
0
1
0
1
-1
2
1
1
-1
0
1
0
0
0
1
2
1
-1
-1
1
0
0
-1
-2
1
-2
1
-1
-1
-1
-1
-1
-1
0
0
0
-1
-1
-1
1
2
0
-1
-1
2
0
-1
-1
1
0
1
-1
-1
0
1
0
0
0
-1
0
1
2
0
1
0
0
0
2
0
0
0
1
-1
0
1
-1
-1
1
-1
-1
-3
-1
0
-1
-1
-1
1
-1
0
0
0
0
-1
0
1
0
-2
0
1
-2
0
1
1
0
-1
1
1
-1
0
1
1
1
-1
0
2
-1
-1
1
0
0
-1
-3
0
-2
-2
-1
0
-1
1
-1
-1
0
0
0
0
-1
-2
0
-2
0
-1
-1
0
0
-1
-1
1
1
0
0
1
0
2
1
-1
-1
0
-1
-1
-1
-1
-1
-1
0
-1
-2
-2
-1
0
2
0
-1
0
-2
1
-1
0
1
0
-1
-1
1
0
1
1
-1
0
0
0
-1
-2
0
-1
-1
1
-2
0
-1
1
0
-1
-1
0
2
-1
0
0
2
1
1
0
1
0
1
-1
1
0
-1
0
1
1
2
0
0
-1
-2
1
0
1
0
0
-1
-1
1
1
0
-1
0
1
0
1
0
2
1
1
-1
-2
1
1
0
1
0
0
1
-1
1
0
-1
-1
0
1
0
0
1
-1
-1
1
-1
-2
-1
0
0
1
1
-2
0
-1
2
2
0
3
0
-2
0
0
1
-2
0
1
-1
0
-1
0
1
0
2
-2
-1
0
-1
0
-2
0
2
0
-1
0
-1
-1
0
2
-1
0
1
0
0
1
1
0
-2
0
0
0
1
0
-2
2
2
0
0
-1
0
-2
2
0
-3
1
1
0
0
-2
-1
0
0
2
-1
1
-1
1
1
0
1
-1
-2
-1
0
2
2
1
0
0
0
1
0
0
1
-1
1
-1
1
0
0
-1
0
-2
0
1
1
1
1
0
0
1
-2
0
-1
-2
0
0
-2
-1
0
-1
0
0
1
1
-1
0
2
0
-1
-1
0
1
-1
0
-1
0
0
2
-2
0
-1
0
0
-2
0
1
0
0
2
1
0
1
-1
-1
0
0
0
0
-1
1
-1
0
0
-1
0
0
0
-1
1
-1
1
-1
0
0
1
0
0
0
0
1
0
1
0
-1
1
1
2
0
-1
0
0
0
1
-1
1
-2
-2
1
0
0
-1
-1
-1
1
-1
-1
0
0
0
0
-1
1
0
1
-2
0
1
0
1
-2
2
-2
1
-1
0
1
2
-2
0
1
2
-1
0
2
2
-1
1
0
-2
-1
0
0
-1
1
0
1
1
0
-2
0
-1
-1
-1
-1
1
1
-1
0
-1
1
0
0
2
0
0
0
-1
0
0
0
0
0
-1
1
-1
0
0
-1
0
0
1
1
0
-1
2
0
1
-3
0
2
0
-1
-1
1
-1
2
0
2
-1
-1
1
-2
-1
1
-1
2
-1
0
0
1
-2
-1
0
-2
0
1
0
0
-1
-1
2
-1
-1
1
0
0
1
-2
1
2
0
0
-2
1
-1
0
1
0
0
0
1
-1
0
-1
0
-1
0
-2
1
0
0
0
-1
1
1
-1
1
0
-1
-1
-1
2
0
-1
0
1
1
1
1
-1
0
0
1
2
0
-1
0
-2
-1
1
0
0
-1
-1
0
1
0
2
0
0
1
2
2
0
0
0
-2
-1
0
1
-1
0
2
0
2
0
1
-1
-1
-2
0
0
2
-1
0
1
0
1
0
-1
2
0
-1
0
0
2
-1
0
1
-2
1
-2
1
0
-1
-1
1
1
0
-1
0
-1
1
1
-2
2
-1
-1
-1
1
-2
0
0
0
1
-1
0
0
1
0
-1
-1
1
1
1
0
0
0
-1
-1
1
0
0
0
-1
-1
1
1
-1
-1
0
0
1
0
1
2
-1
0
2
-2
-1
0
1
0
1
0
0
-1
1
0
-1
0
0
-2
0
1
-1
0
0
0
0
-1
1
0
0
0
1
-1
-1
0
1
-1
-1
1
-1
0
1
0
0
1
-1
-1
-2
0
1
-1
-1
0
-1
0
-1
0
1
2
0
0
-1
0
-1
1
-1
-1
-1
2
0
3
-1
-1
0
0
1
0
0
-1
0
-1
0
1
-1
0
2
-1
0
0
1
0
0
-1
-1
1
0
-1
0
-1
0
0
0
-1
-1
1
0
-2
-1
1
0
0
-3
-1
-2
-1
0
-1
0
-2
1
0
1
2
1
-1
0
1
-2
0
-2
-1
-1
0
-1
-1
1
0
-1
0
0
-1
2
0
-1
1
2
-2
2
1
0
-2
0
-1
0
-1
1
0
1
0
-3
0
0
1
1
-1
-2
1
1
0
-1
1
1
1
1
0
0
0
0
1
0
-2
-1
1
0
1
0
1
-1
-1
0
1
0
2
2
2
-1
0
0
0
-1
-1
0
1
-2
0
0
0
0
-2
-1
0
0
0
-2
-1
0
0
-2
1
2
0
1
1
0
-1
-1
-1
0
1
-1
-1
1
0
0
-1
1
0
-1
-1
-2
0
0
1
1
1
1
-1
-1
1
2
1
2
0
1
-1
0
0
-1
0
1
2
-1
0
0
0
-1
1
0
1
0
1
0
2
-1
0
1
0
-1
0
1
-1
-1
1
2
2
1
0
-1
-1
-1
-1
-1
0
2
-1
1
0
-2
-4
1
1
0
0
0
0
1
-1
1
0
0
0
0
1
-1
2
0
1
-1
1
-1
1
1
2
-1
1
-1
1
-1
2
0
0
-1
-1
2
-1
1
2
-1
-2
-1
-2
-1
-1
0
1
0
0
0
1
-1
0
0
-1
1
1
1
1
-1
2
0
0
-1
0
0
-1
-1
2
1
-1
0
0
0
0
2
0
-2
-2
0
0
0
0
1
1
0
0
0
-1
-1
0
1
0
0
2
-2
1
-1
1
-1
0
0
0
0
0
0
1
-1
1
0
-2
1
1
0
0
2
-1
0
-1
-1
0
1
0
-2
1
-1
2
2
0
-1
0
0
-1
1
1
1
1
0
1
0
1
-1
0
0
-1
1
0
2
0
-2
-1
0
0
0
0
-3
0
1
0
2
1
2
2
1
-3
0
-2
0
0
0
0
-1
1
0
0
-1
1
0
1
1
1
1
1
-1
0
-1
0
0
1
-1
-1
1
-1
-1
0
1
1
1
0
0
-1
0
0
-1
-1
1
-1
0
1
-2
0
0
1
1
0
0
0
-2
-1
1
0
0
0
1
-1
0
-1
0
2
0
2
-1
0
-1
1
-1
0
1
-1
3
-2
1
0
1
0
-1
1
1
-2
-1
-1
0
0
0
1
1
-1
0
-1
1
0
1
2
1
-1
-1
0
0
2
1
1
0
1
0
-1
-1
0
0
0
0
2
0
2
0
0
0
1
1
1
1
1
-1
1
1
0
-1
-1
0
0
0
1
0
0
-1
-1
1
-1
1
1
1
1
2
1
-1
1
0
-1
0
2
-1
-2
0
0
0
-2
3
0
0
-1
-1
0
1
2
1
0
-1
0
0
-1
1
0
-1
0
-1
1
0
0
-1
0
-1
0
0
0
1
0
0
0
1
2
0
-1
1
-1
0
0
-1
0
-1
-1
2
0
-1
2
-1
1
-1
-1
-1
0
-1
0
1
0
-1
1
1
-2
-1
0
0
-2
1
1
-1
0
1
-1
2
1
0
0
0
-1
1
0
1
-1
-2
0
-1
0
2
0
0
-2
0
0
0
1
0
0
-1
-1
1
-1
0
0
0
0
-1
0
1
0
0
-1
0
0
-1
0
-1
0
1
0
1
1
-1
-2
0
-3
0
0
0
-3
0
1
-1
0
0
0
0
1
1
0
-1
1
-1
-1
0
-1
0
2
-1
-1
0
1
-1
1
-1
3
-2
1
0
-2
0
0
0
-1
-1
1
1
1
-1
0
1
-1
2
0
1
0
-1
-1
-1
0
0
-1
0
1
-1
0
0
1
1
0
0
1
-2
-1
0
0
0
0
1
0
1
0
-1
2
1
0
0
-1
-1
-1
0
2
-2
-1
0
-2
0
1
1
1
0
-1
1
1
0
1
2
0
0
0
1
0
1
1
-1
0
1
0
-1
-1
2
0
1
-1
-1
2
1
0
2
1
-2
1
-1
0
1
1
-1
0
1
1
-1
0
1
1
1
2
1
0
-1
-2
0
-1
1
-2
1
0
-1
2
0
0
1
0
0
0
0
0
-1
1
-2
-1
0
0
1
0
-1
1
0
-1
0
2
1
-2
-1
-1
0
0
0
0
-1
0
-1
-1
1
0
-1
0
-1
-1
0
2
0
-1
1
1
-1
-2
0
-1
0
0
1
0
0
-1
1
1
2
1
-1
-2
1
0
2
-1
1
-3
-1
-2
-1
1
0
0
0
0
0
0
-1
0
1
-1
-1
-1
-2
0
1
1
0
0
-1
0
-1
-1
0
1
1
0
-1
-1
0
0
0
1
0
-1
0
1
0
1
0
1
0
1
-1
1
0
-1
-1
2
-2
-1
1
-1
0
1
0
-1
1
-1
0
1
0
0
1
0
2
1
-2
-1
0
-1
-1
-1
0
1
0
-1
-1
-2
0
0
1
-1
1
1
1
0
-1
0
-1
-1
1
0
0
-2
0
-2
2
2
2
2
0
0
-1
2
-1
0
-1
1
1
1
2
-1
-2
1
1
-1
1
-1
2
0
-1
-1
1
-1
0
1
1
-1
0
0
0
0
0
2
1
0
0
-1
-1
-1
0
1
1
0
0
1
2
1
0
0
0
0
0
-1
1
0
-1
2
0
0
0
0
-1
1
2
1
0
1
1
1
1
1
1
1
0
-1
0
-1
1
2
1
-2
1
0
0
-1
1
2
0
2
1
1
1
2
0
0
0
-1
2
0
1
0
0
-1
0
0
0
-2
2
1
-1
-1
2
0
-1
-1
-1
0
0
-1
1
1
0
-1
-1
1
1
-1
0
0
1
-1
-1
1
0
-2
-2
0
0
2
-1
2
-1
1
1
1
1
-1
0
0
-1
0
0
1
-1
2
0
0
-1
1
0
0
0
-1
-1
0
0
0
2
0
0
-1
1
0
1
-1
-1
1
-2
1
2
0
0
0
-1
1
2
0
0
1
0
0
0
1
-1
0
0
0
0
1
0
1
-1
-2
0
0
0
-1
0
0
-1
0
1
0
0
-2
-2
1
-1
-1
0
0
0
-1
1
1
1
2
0
-1
-1
-1
0
1
1
2
1
0
0
-1
2
0
1
1
-1
0
0
-1
-1
0
1
0
1
0
-1
0
-1
1
0
0
-1
1
0
0
0
0
1
-1
0
0
0
1
-1
1
1
1
-2
1
1
0
-1
0
-1
0
-1
0
0
-1
1
1
1
0
0
-1
1
1
0
-1
-1
0
3
-3
0
2
-1
0
1
-1
-1
-1
0
1
-1
0
-1
-1
0
0
0
0
1
-1
0
-2
0
2
-2
-1
0
2
-1
-1
-1
1
0
0
-1
-1
0
0
-1
-1
-1
1
-1
1
1
-1
0
0
0
1
0
-1
0
0
-1
0
1
0
2
2
1
-1
0
-1
0
-1
1
1
0
-1
0
-1
0
0
0
3
-1
1
1
-1
0
0
0
1
-1
0
-2
-2
-1
-1
0
1
1
0
-1
1
-1
0
0
-1
-1
-2
1
-2
0
0
0
1
0
-1
1
0
1
-1
1
0
0
2
0
1
0
1
1
0
-1
0
3
1
-2
1
1
1
0
0
0
-1
1
-1
1
0
-1
-1
-1
-1
0
0
0
-1
1
0
0
0
0
0
2
-1
0
-3
0
0
0
0
0
-1
2
1
1
-1
1
-1
-1
0
1
-1
0
1
-2
-2
0
1
-1
0
2
-1
-2
1
0
-1
-2
-1
0
1
1
0
0
-1
1
0
0
1
0
1
0
0
0
2
1
0
-1
0
2
1
1
0
0
-1
1
0
1
1
0
-2
-1
-1
-1
0
0
-1
0
1
0
-1
0
1
-1
1
0
-1
0
1
1
-1
0
-1
2
0
-1
-2
-1
0
-1
2
-1
-1
0
1
0
1
0
1
-1
-1
1
1
0
-2
-1
-1
0
0
0
1
0
-1
0
1
0
0
2
0
0
-1
0
0
0
0
0
-1
0
-1
0
2
-1
-2
0
-1
-1
1
-1
-1
0
2
1
2
0
-2
0
0
-1
-1
1
1
-1
-2
0
-2
1
0
1
2
-1
-1
2
-1
1
0
-2
1
0
-2
-1
1
0
0
-1
0
-2
-1
2
-2
-1
0
-1
0
-1
1
2
-1
-1
0
2
0
0
-2
2
0
0
1
0
0
1
-1
0
1
0
-1
-1
-1
1
0
1
2
-1
0
2
-2
1
2
-1
0
0
0
0
0
0
0
-1
-2
1
0
2
0
3
0
2
2
-1
0
-2
0
-1
1
0
0
0
1
2
0
-1
0
0
1
-1
-1
-1
2
-1
-1
0
1
-1
0
1
0
0
1
-1
1
-1
0
0
-1
-1
-1
-1
0
-1
0
0
1
1
-1
1
-1
1
0
1
1
1
2
1
-2
3
-1
0
0
0
0
-1
1
1
-1
-1
-1
-2
1
-1
0
1
-1
-1
1
0
0
-1
1
0
-1
0
1
1
2
1
0
0
1
1
1
1
0
0
0
0
-1
-1
-1
4
0
1
1
0
-2
0
-1
1
0
1
0
-1
0
-1
-1
0
0
1
1
0
-1
-2
-2
-1
1
-1
0
-1
-1
1
-1
0
0
3
-1
0
-1
-1
0
2
0
0
1
2
1
-2
1
0
0
0
-1
1
0
0
2
-1
1
0
1
2
-1
0
1
-1
0
0
0
0
2
0
0
-2
1
0
0
0
-2
0
0
0
0
0
-1
1
0
0
0
1
0
1
0
0
-1
0
0
-1
-1
1
2
2
-2
1
-1
-1
-1
1
0
0
-1
-1
2
-1
0
0
0
-1
0
0
0
1
-4
0
-1
0
-1
0
1
-1
-1
0
0
2
1
0
1
0
-1
-1
1
0
1
-1
1
-1
1
2
-1
-1
-3
0
2
0
1
0
-1
0
0
0
0
-3
-2
-1
-1
-1
0
0
0
0
1
-3
0
-2
0
0
-1
-1
1
0
0
0
1
1
1
0
0
0
-1
1
0
1
1
-1
0
1
-2
1
0
0
-2
1
1
-1
-1
1
0
1
0
1
-1
1
-1
0
-1
1
0
0
-1
-1
0
0
-1
1
1
1
0
1
0
-1
-1
-1
0
-1
-1
-1
0
2
0
1
0
-1
0
0
-2
1
-1
-1
-2
1
1
1
-1
1
1
1
0
2
0
-1
-1
0
0
2
1
-1
0
-2
1
0
0
0
0
-1
-1
0
0
1
0
-1
-1
-1
1
-1
-1
0
0
0
1
-1
0
0
1
1
0
1
2
0
-1
1
-1
-1
-1
-1
2
-1
-1
-1
0
0
-1
-1
1
1
1
0
-2
-2
0
0
0
0
0
-1
1
0
1
1
1
0
0
0
0
0
1
-1
-1
-1
0
-1
1
-1
0
0
-1
-2
0
0
0
-1
-2
1
0
0
0
-1
-1
1
-2
0
0
0
0
0
-1
0
-1
-2
1
0
0
0
3
0
1
1
-2
0
0
-1
1
2
-3
-1
-1
2
0
-1
-1
-1
0
1
-2
-2
0
0
-1
1
2
0
0
0
1
0
1
-1
0
1
-2
0
1
1
0
1
0
1
0
-1
0
0
3
-2
1
-2
-1
2
0
0
1
0
0
2
0
-1
1
1
0
-1
-1
0
-1
1
2
0
0
0
0
0
-1
0
-2
-1
1
-1
0
-2
0
-1
0
0
3
0
0
-2
0
0
1
-1
1
2
2
2
1
-1
0
1
1
1
0
0
0
-1
-1
2
1
-1
0
1
-2
-2
-1
-1
1
0
0
1
1
0
-1
0
-1
1
0
-1
-1
2
0
1
0
-2
-2
0
1
0
2
0
0
-1
1
0
-1
0
-1
0
0
1
0
0
0
1
0
1
1
0
0
0
1
-1
0
-1
-1
-1
0
0
0
2
1
2
0
-1
0
0
-1
-1
0
1
1
1
0
-1
2
3
0
0
2
2
-1
1
1
-1
-2
0
1
-1
1
0
0
2
0
-1
0
-1
0
0
0
0
0
-1
2
1
1
0
0
0
1
1
-1
0
0
1
-1
0
-2
-1
0
1
-2
-1
1
-1
0
0
0
0
1
-1
0
-2
1
-1
-1
-1
0
0
-2
0
-2
-1
-1
-2
0
-1
1
2
-1
-1
0
0
1
0
1
0
-1
0
0
1
0
0
0
-1
-1
-1
0
0
-1
-1
-2
-1
0
-1
-1
2
3
-1
-1
3
0
1
-2
2
0
0
0
0
-1
1
1
0
-1
2
0
1
3
-1
2
-1
-1
2
2
1
0
0
0
1
3
0
0
1
0
0
1
0
-1
1
0
-1
-1
-1
-2
-2
0
1
2
-1
3
0
-1
2
0
1
-1
2
-1
2
0
1
-1
1
-1
0
1
-1
-1
1
-1
1
-1
0
0
0
0
0
0
0
-1
2
0
0
1
-1
0
0
0
0
0
1
0
0
-2
-1
0
-1
0
-2
0
0
-2
-1
-1
0
1
-1
1
2
0
-1
1
0
0
0
1
0
-1
1
-1
0
1
1
-1
-1
-1
0
1
0
0
-2
1
-1
-1
1
-1
0
0
2
0
0
-1
1
-1
1
1
0
1
0
0
1
1
1
1
1
0
-1
1
-1
0
1
0
1
2
1
0
0
0
1
-1
-1
0
0
-2
0
-1
-1
0
1
-1
0
0
1
1
0
0
-1
0
0
1
0
0
0
0
0
0
0
2
0
1
-1
-1
0
1
1
2
0
2
-2
1
0
-2
0
-2
2
0
1
-1
0
1
0
1
0
1
1
0
1
1
-1
-1
-1
0
0
0
0
0
1
-1
-2
0
1
-1
0
-2
1
1
1
0
-1
-1
0
-1
-1
-1
-1
-2
1
-1
0
-1
-1
0
1
-1
0
2
0
1
0
1
-1
-3
-2
0
-1
0
0
0
-1
2
0
1
1
0
0
2
0
-1
-2
0
0
1
-2
-2
2
0
1
-1
-1
2
-1
0
0
-1
-1
0
0
2
-1
1
1
0
1
0
0
1
0
1
0
-2
0
2
-1
1
0
1
-1
0
-2
-2
-1
1
1
0
1
-1
0
1
0
1
0
0
1
1
0
1
2
1
0
0
0
1
1
-1
-1
0
-1
0
2
-1
0
1
1
0
-1
0
-1
-1
0
2
-1
1
1
-2
1
0
3
-2
0
0
-2
-1
0
-1
0
-1
0
0
0
-1
0
-1
0
-1
0
-1
-3
2
0
0
0
-1
1
0
0
0
-1
1
0
0
0
-1
1
0
-2
0
-2
-1
-1
0
1
-2
0
-1
1
2
-1
1
0
1
-2
-2
0
1
-1
0
0
-1
0
1
-2
-1
1
-1
0
-1
1
-1
0
1
1
1
0
-1
1
0
1
-1
-1
-1
1
1
0
1
-1
0
0
0
-1
-1
-1
2
1
-1
-1
2
-1
0
0
2
0
0
-2
1
-1
-2
-2
1
0
0
-1
-1
0
1
0
0
1
0
-1
-3
0
-1
1
-2
1
-1
1
2
-2
1
-1
1
0
1
-2
0
0
0
0
-1
-2
-1
0
0
-1
-1
0
-1
1
0
0
0
1
-1
2
-1
1
0
-1
0
1
0
-1
-1
1
0
-1
0
0
0
0
-1
0
-1
1
-1
1
2
-1
0
0
0
0
-2
0
0
0
0
1
-2
0
-1
0
1
-1
1
-1
1
-1
1
-2
-1
0
0
1
0
2
0
1
-1
1
0
0
0
-3
1
1
-1
1
1
-3
0
0
0
-1
-1
1
-1
-2
0
-2
2
0
0
-1
0
0
0
1
-1
-1
1
0
-1
-1
0
-2
-1
-1
0
2
0
-2
0
-1
1
1
0
2
-2
0
0
-1
0
0
1
0
0
-2
1
0
1
1
1
2
0
1
2
2
0
-1
0
-1
0
0
0
1
0
-1
-1
1
2
-1
0
0
1
2
0
0
1
1
-1
-1
1
-1
-2
0
0
-1
1
-1
0
0
-1
-1
0
1
1
0
-1
1
0
2
0
-1
-1
-2
0
-1
-1
2
0
0
0
2
-1
0
0
1
0
0
1
1
-1
1
-1
-1
1
-1
0
0
-1
-2
-2
0
1
-2
-1
-1
-1
-1
-1
0
-2
1
-1
-3
-2
0
0
-2
0
0
-1
1
-1
-1
2
0
-1
-2
1
-2
-1
-1
1
-1
-1
1
-1
0
0
-1
0
1
0
0
0
0
0
2
2
-1
0
0
1
1
1
-2
1
-1
1
1
1
1
0
0
1
0
0
2
0
0
0
1
1
1
0
2
0
0
-2
0
2
-1
1
1
1
1
1
0
-1
1
3
0
-1
1
-1
0
-1
-1
0
1
0
-1
0
2
-1
0
2
1
-1
-2
-1
1
2
-1
2
-1
-2
1
-3
1
0
0
1
0
-1
2
0
3
-1
0
-1
-1
1
0
0
-1
0
0
-1
0
2
1
2
0
0
2
1
-1
-1
0
-2
2
1
1
-1
0
0
1
2
0
1
0
-1
-1
0
1
1
1
1
1
0
-1
-1
0
-1
2
0
-2
-1
-1
0
0
0
-1
1
0
0
-1
0
1
0
0
0
-2
-2
-1
2
-1
0
0
0
0
0
-2
-2
0
0
0
0
1
0
0
1
-1
1
0
2
0
0
0
1
-1
1
0
1
0
0
0
-1
0
-1
1
0
0
0
-1
2
1
0
1
0
0
1
-1
0
0
-1
1
1
-2
0
1
-1
1
-1
0
1
1
1
1
-1
0
-1
-1
0
-1
-1
0
-1
-1
0
0
0
1
2
0
0
0
0
1
0
0
1
1
0
0
-1
-1
0
-1
-1
-1
0
0
2
-1
0
-1
0
0
-2
-1
0
1
0
0
-1
0
-1
1
1
2
1
1
1
1
-1
0
0
0
-1
2
-1
0
0
-1
0
-1
2
-1
-1
0
-1
-1
1
2
0
-1
1
1
1
0
1
0
-2
0
-1
0
1
2
0
2
1
1
-1
-1
-1
3
-1
0
0
1
-1
-1
-2
0
0
0
-1
1
0
-1
0
1
-1
0
1
0
-1
0
-1
1
0
0
0
0
0
-1
-1
2
0
-1
0
0
1
1
0
1
-1
0
0
-1
0
0
0
1
1
0
0
2
1
0
0
-1
1
0
0
-1
-1
-2
0
1
-1
-2
1
1
0
0
1
2
0
1
0
0
2
0
1
0
0
0
-2
0
0
1
-1
0
1
1
2
0
-1
0
-1
1
1
0
2
-1
-1
2
0
-1
1
2
-1
-1
0
0
0
0
0
-1
1
1
0
-1
1
2
0
1
0
1
-2
0
-1
1
0
0
1
2
1
0
-1
1
0
0
0
0
-1
1
0
0
0
1
0
-1
1
0
0
1
-1
0
0
-3
0
0
1
-1
0
1
1
-1
-1
0
0
0
0
0
-1
0
-1
1
0
0
0
0
0
0
0
-1
0
1
0
0
-1
-1
2
1
-1
-1
0
0
0
2
1
-1
0
1
0
-1
-1
-3
-1
0
-2
0
0
-2
0
1
0
1
0
1
2
2
0
1
1
0
0
2
-1
-1
2
0
-1
-1
-1
0
1
0
0
1
2
-1
2
-1
-2
1
-1
0
-1
-1
-2
-1
-1
-2
1
-1
1
0
-1
2
-1
1
-2
0
0
0
0
0
1
1
-1
0
1
-1
1
-1
2
-2
1
0
-2
-1
0
-1
2
0
1
0
1
-1
-1
0
-1
0
-1
-1
0
-1
0
-2
-1
0
-3
-1
0
-2
0
-1
-2
-1
1
1
-1
1
2
-1
-1
-1
-1
1
0
-1
2
-1
0
0
0
0
1
0
0
0
-3
1
1
-1
-1
0
-1
-1
0
1
1
-1
-1
1
-1
0
1
0
-2
-1
0
-1
-1
0
-2
-1
0
-2
1
-1
-1
1
1
1
-1
-2
0
0
1
0
-1
0
0
0
0
2
-1
3
-1
2
0
0
-1
0
1
1
0
-1
-1
0
1
-1
-1
0
0
-1
-1
-1
0
0
0
1
-1
1
0
1
2
0
-1
-1
-1
0
3
3
-1
-1
0
1
2
-1
0
2
0
3
0
1
-2
0
0
0
0
0
0
0
-1
-1
1
-1
0
0
1
1
0
2
1
2
2
-1
1
0
1
-1
1
1
-2
1
1
2
2
0
-1
0
0
1
0
0
0
0
0
0
-1
-1
-1
0
0
0
1
-1
0
2
-1
-1
0
0
1
-1
2
1
0
-1
0
0
0
0
-1
-1
0
2
-2
2
-1
-2
-1
-1
-1
2
0
0
1
-1
1
0
-1
-1
0
0
-2
0
1
0
-1
1
0
0
0
-1
0
-1
1
1
-1
-1
1
1
0
0
0
0
0
1
1
-1
0
-1
-1
-2
0
2
0
1
-1
-1
1
0
1
-2
1
1
0
0
0
1
0
0
1
0
0
2
1
1
-2
-1
1
1
1
0
0
1
1
-1
-1
-2
1
-1
0
-2
0
0
-1
0
1
1
0
0
0
1
0
0
0
-1
-1
0
0
-2
0
0
1
0
0
1
0
0
-1
-1
2
0
0
-1
-1
1
1
1
1
0
1
0
-2
1
-1
0
1
-2
2
1
0
2
0
2
-1
1
1
0
-1
0
-1
-1
0
2
2
0
0
-1
1
0
-1
0
-1
0
0
1
0
-1
0
0
-1
0
-1
0
0
0
0
3
0
1
1
1
1
-2
1
1
-1
0
-1
1
-1
0
-1
1
0
0
1
-1
1
-2
-1
0
-2
1
0
0
0
0
-1
0
1
1
0
1
0
1
1
0
0
1
-1
1
1
0
-1
1
0
0
1
0
0
1
-1
0
1
0
0
0
-1
0
1
1
0
-2
-3
0
-2
-1
1
-1
-1
0
0
1
1
-2
1
-1
1
1
-2
0
-2
0
0
1
2
1
0
1
1
0
-1
1
0
0
0
-1
1
0
-1
0
2
-1
-1
1
0
-1
3
0
-1
1
-1
-1
0
1
1
1
0
-1
0
-1
-1
2
0
0
2
0
2
2
-1
-1
-2
0
1
0
0
1
2
-1
2
0
1
1
0
0
-2
0
0
0
0
2
0
2
0
0
0
-1
0
0
1
2
-2
-2
-1
1
1
1
0
0
0
1
-1
-1
0
-1
0
0
-1
-1
1
1
0
1
1
-1
0
0
0
0
1
-1
1
0
-1
1
0
0
-1
0
1
1
0
-1
0
-2
0
-1
-1
0
1
0
1
0
1
0
-1
1
0
0
-1
-1
1
-1
-1
1
0
0
0
-1
-2
0
0
0
0
-1
1
0
2
1
-1
1
0
1
2
0
0
-1
-1
1
0
1
0
0
1
-1
0
0
-1
-1
1
0
-1
-2
0
-2
1
0
1
-1
1
0
-1
0
0
0
0
1
0
-1
-1
0
-1
1
0
0
-1
0
1
0
-3
1
-1
-1
1
-1
-1
1
0
1
0
-1
-1
1
-2
-1
1
0
2
0
1
1
0
-1
1
0
2
1
1
1
-1
2
1
-2
0
2
-1
0
-1
0
0
-1
-1
1
0
2
1
-1
1
-1
2
-1
0
-1
1
1
0
0
0
1
-1
1
0
1
-1
1
0
-1
0
0
1
1
-2
-1
-1
1
0
1
0
-1
1
0
0
-1
-1
-2
-1
1
-1
0
0
0
0
1
-2
0
1
0
1
0
0
1
-1
0
2
1
0
0
0
0
1
-1
0
-1
0
1
0
2
0
-2
0
-1
0
0
0
-2
2
0
0
-1
0
0
-1
-1
-3
0
1
-1
0
0
-1
0
0
0
0
-1
1
1
1
1
1
0
1
-1
0
0
1
2
0
1
2
0
-3
-2
-1
1
0
-1
0
1
0
-1
0
2
0
-1
-2
0
0
1
0
1
0
-2
0
0
0
-2
1
0
1
-3
0
-1
1
0
-1
-1
1
0
-1
0
0
-1
0
-2
-1
0
0
1
0
1
1
-2
0
-1
-2
0
0
-2
-1
-3
-1
2
0
-1
0
1
-1
0
0
-1
-1
-1
0
0
0
-1
0
0
0
-1
-2
1
1
-1
0
-1
1
0
1
2
-1
-2
-1
1
0
-1
-1
-1
1
-1
1
-2
0
-1
1
1
2
0
-1
1
0
0
2
0
1
0
1
-1
1
0
1
1
1
0
1
1
2
-2
-1
1
1
1
-1
-1
-1
1
1
1
0
0
-1
1
1
0
1
-1
-1
0
1
-1
-1
-1
1
-1
0
0
1
1
0
1
-2
0
1
-1
0
-1
0
0
1
1
0
0
1
1
1
-1
0
-1
-1
0
-1
-1
0
0
2
1
0
0
2
1
0
-2
-1
-1
-1
1
-1
1
0
-1
1
-1
0
0
-1
1
-1
-1
-1
1
1
1
-2
1
-1
0
0
-1
0
-1
1
1
1
-1
1
0
0
0
-2
0
0
-1
0
-1
0
1
-2
0
1
0
-1
-2
0
-1
-1
1
1
-2
0
2
0
-1
1
0
0
0
-1
1
-2
-1
1
1
0
0
1
0
-1
0
-3
0
2
0
0
0
0
-1
0
-1
1
-2
-1
1
-1
1
1
0
-1
1
0
0
-1
-1
-1
0
0
-1
0
0
0
2
0
0
1
-1
0
1
2
1
0
0
0
-1
0
-1
0
-1
0
1
-1
0
0
0
0
1
0
-1
0
2
-1
-1
0
1
0
0
0
0
1
0
1
1
0
1
0
0
0
0
1
0
1
2
0
1
1
1
-1
0
-1
-1
1
-1
-1
0
1
1
0
0
0
2
0
0
0
1
0
1
0
1
0
0
0
1
3
0
1
0
1
3
0
0
-1
-1
-1
-1
0
0
1
0
-1
1
0
-1
-2
0
-1
0
0
0
1
0
0
0
1
0
-1
-1
-1
0
1
0
-1
0
0
2
0
1
0
-1
-2
1
0
-1
0
3
2
-2
0
-1
-2
1
1
0
1
0
0
1
-1
0
-1
-1
2
0
0
1
-1
-1
-1
0
0
1
-1
0
1
-1
-1
1
1
1
-1
0
-3
2
-1
-1
0
1
1
-1
-1
1
0
0
1
0
0
0
0
0
0
-1
-1
0
-1
2
-1
2
-2
0
2
-1
3
1
1
-1
-1
-1
-1
0
-1
-1
2
-1
1
0
0
0
0
2
-1
-1
0
0
-1
0
0
0
-1
1
0
-1
-1
0
0
0
0
2
0
0
0
0
-1
1
-1
-1
1
1
3
0
0
0
1
0
1
1
0
1
0
0
-1
-2
1
0
1
-1
1
-1
-2
-1
0
2
-1
-1
1
2
1
1
1
1
-1
1
0
-1
-1
1
0
1
-1
-1
0
0
0
1
0
0
1
0
0
0
0
0
0
-1
0
-1
-1
1
-1
0
1
0
-1
2
0
-2
-1
0
1
-2
0
1
-2
0
0
-2
1
-1
0
1
1
1
-1
-1
-2
1
-1
-1
1
0
0
0
2
0
-1
-1
1
0
0
0
-1
-1
1
-1
0
1
0
0
0
-1
0
0
-1
1
-1
-1
-2
0
-2
0
-2
-1
0
-1
2
0
-1
1
0
0
2
1
0
1
0
1
1
0
0
1
1
1
-1
0
1
0
2
-2
0
1
-1
1
2
1
0
-2
2
0
0
0
2
-2
-1
0
-1
0
-1
0
2
0
2
-1
1
0
0
2
1
-1
0
-1
2
0
1
-1
-1
0
1
0
0
1
0
-1
-1
1
0
0
1
-1
-1
0
-1
0
0
-3
1
-1
1
1
0
0
-2
-1
2
-1
0
-1
1
-2
-1
0
-1
0
1
0
0
-1
1
0
2
1
1
1
0
0
-1
1
0
-1
-2
2
0
-1
2
2
0
1
-1
1
1
0
0
0
1
0
0
-2
0
-1
-1
0
1
2
1
1
2
0
2
0
0
1
0
-1
0
1
2
0
0
1
0
2
2
0
0
2
4
-1
-1
0
1
0
0
-1
-1
0
2
0
-1
0
0
0
-1
1
-1
0
1
1
-1
0
0
0
1
2
1
1
-3
1
0
0
-1
0
1
1
0
0
1
0
1
0
1
0
0
0
1
-1
1
0
-1
-1
0
-1
1
-1
1
-2
1
2
0
1
1
1
2
2
0
0
0
-1
0
-2
-1
0
2
0
2
0
0
0
-1
0
0
-1
-1
1
-1
0
2
-1
0
-1
-1
3
-2
0
2
-1
1
1
0
0
2
1
-1
-1
0
-1
0
0
2
-3
0
1
1
2
0
0
0
0
-2
0
0
1
-1
0
0
0
-1
2
1
0
2
-1
0
-1
1
1
0
1
-1
0
1
-1
-1
0
1
-1
-1
0
-1
1
1
-1
0
-1
0
0
0
0
1
0
1
1
0
0
2
1
0
0
0
0
1
0
-1
0
0
1
0
0
0
-1
1
0
-1
-1
1
1
-1
1
0
-1
1
-1
2
-1
-1
2
0
0
-2
1
1
0
-1
2
-2
2
-1
1
-2
0
0
-1
1
-1
0
-1
-2
-1
1
-1
-1
-1
0
0
0
0
0
0
0
0
0
1
2
0
1
0
1
2
1
1
0
-1
1
2
-2
-1
0
1
-1
-2
-2
-1
1
0
-1
-2
1
0
2
1
1
0
1
-2
2
0
0
-1
0
1
1
1
0
0
2
0
0
-1
-2
1
0
1
1
0
1
1
0
0
-1
2
0
-1
-2
2
-1
0
0
-1
0
-2
-1
1
-1
-1
0
1
2
0
-1
1
1
2
2
1
1
-2
-1
-1
1
-1
-1
1
1
-1
-2
-1
3
-1
1
0
2
1
1
2
1
-1
1
-1
-1
0
-1
-1
-1
-1
0
-2
1
-1
1
1
0
0
-1
-1
0
-1
-2
0
1
1
0
1
-2
0
1
0
0
-2
0
1
-2
1
0
2
0
-1
-1
0
-2
-1
0
-1
0
0
1
-1
0
0
1
3
1
-1
1
-1
-1
0
0
0
1
1
0
0
0
1
1
0
-1
0
-1
0
-1
-2
0
-1
0
1
0
0
0
2
0
-1
0
1
0
2
0
2
0
0
0
0
-1
-1
-3
0
3
0
1
1
-1
-1
2
0
0
0
-2
1
-2
0
-1
0
-1
0
0
-1
0
1
1
0
-1
-2
1
1
0
3
2
2
0
0
1
0
2
0
1
1
0
-3
0
-1
-1
1
-1
0
-1
0
-1
-1
-1
0
0
0
1
-1
0
0
1
-2
-2
-2
1
-1
0
1
0
-1
-1
-1
1
1
-1
0
0
1
0
-1
0
-1
0
0
0
-1
0
0
0
0
0
-1
1
0
0
2
0
-3
1
-1
1
1
-1
0
1
0
0
-1
1
0
-1
-1
1
-1
1
2
1
0
0
1
2
-1
0
1
1
0
0
-2
0
1
2
-1
0
1
1
-1
0
-1
1
1
0
-1
0
0
0
-1
1
-1
0
1
-1
-1
0
2
0
-1
1
-1
2
2
1
0
-1
0
1
1
-1
1
0
0
-2
-1
1
0
1
-1
-1
0
-1
-2
0
0
2
0
2
0
1
-1
1
0
0
-1
1
-1
0
0
0
1
-1
-1
2
1
0
2
-1
0
1
-1
-2
0
0
1
1
0
-1
-1
2
0
2
-1
0
0
0
1
1
0
-1
1
2
0
-2
-1
0
0
0
-1
1
1
-3
-1
0
0
-1
2
0
1
-2
-1
0
1
0
-1
1
-1
-1
-1
0
0
-1
0
0
2
0
0
0
-2
1
0
0
-2
-1
-1
0
1
0
-1
0
0
-1
2
2
-1
0
0
0
0
-1
1
1
1
2
0
-2
0
1
1
-1
0
-1
-2
0
0
2
1
-1
0
-1
-2
1
-2
-1
0
0
2
1
1
-1
-1
-1
-1
0
0
-1
0
0
1
2
1
-1
-1
1
-1
1
-1
-1
0
1
-1
0
-1
0
0
1
-1
-1
1
2
-1
0
2
1
0
0
0
-1
0
1
-1
2
0
0
2
0
0
1
0
-1
0
1
0
0
0
-1
3
0
-1
-2
1
0
-1
0
0
1
-1
0
1
2
2
-1
-1
0
1
-2
0
-1
-1
0
0
0
0
1
0
-2
-3
-1
0
0
0
-1
1
-2
0
1
0
1
1
0
0
-1
0
-2
1
0
0
0
1
-1
0
-1
-1
0
-2
1
-2
-1
0
-1
-1
-1
1
-1
-1
-2
2
0
0
-1
0
0
0
0
2
0
1
-1
1
1
1
0
-1
0
-1
0
1
-2
0
0
-1
1
1
0
3
0
0
0
1
1
0
1
0
-1
-1
1
0
-2
1
1
0
1
0
0
-2
0
1
0
0
0
1
0
1
1
0
0
0
0
1
0
0
0
0
0
0
-1
2
0
0
0
-1
-1
0
0
1
-1
-2
-2
-1
0
-1
0
-1
0
0
0
0
-1
1
0
-1
0
-1
-1
-1
1
0
0
2
0
0
0
-1
1
1
0
0
3
-1
-1
0
0
0
1
-1
-2
0
-1
2
-1
-1
