50 100 1
0 21
2 11
2 19
2 27
2 30
3 45
4 2
4 4
4 12
5 0
6 42
6 49
7 10
8 9
9 11
9 16
9 26
9 32
9 33
10 17
10 25
10 38
13 6
13 24
13 46
14 28
15 3
15 31
15 40
16 27
16 34
16 44
18 43
19 6
19 24
20 26
21 13
21 42
21 45
22 7
22 12
22 29
23 24
23 27
24 16
24 39
24 43
26 43
27 7
27 37
27 38
29 36
29 44
30 21
31 17
32 2
32 27
32 30
34 2
34 12
35 26
36 2
36 4
36 22
36 27
36 39
37 4
38 6
38 47
39 9
39 26
39 32
40 3
40 8
40 13
40 34
41 2
41 6
41 10
41 37
41 38
43 30
43 41
44 0
44 18
44 35
45 20
45 44
45 45
45 48
46 10
47 5
47 11
47 24
48 21
48 28
48 36
48 38
49 10
49 47
68
6
50
79
65
53
41
87
35
57
38
19
23
94
3
51
40
7
67
92
9
17
22
0
72
60
43
37
96
33
78
8
1
42
93
88
97
90
27
25
47
46
73
82
13
74
36
39
70
91
66
81
5
29
59
85
80
62
56
86
83
76
45
21
61
4
10
26
15
77
34
95
99
52
14
44
31
2
69
16
20
63
75
55
58
71
48
12
28
89
32
64
24
49
54
98
18
30
84
11
-1
0
0
1
1
0
-1
0
-3
2
-1
-1
0
0
1
-1
2
-1
-1
0
0
0
1
0
-1
-1
-1
0
0
1
-1
1
1
1
-1
1
-2
-1
0
-1
0
-1
-2
0
-1
0
-1
1
1
0
1
1
-1
-2
-1
0
0
-1
0
-1
-1
0
-2
0
1
1
0
1
1
0
-1
1
-1
-2
0
0
0
1
0
1
0
-2
-2
0
1
2
0
-2
1
-1
1
-2
0
1
0
0
2
2
0
0
-1
-1
-1
2
-1
-1
1
-1
-1
1
-2
0
-1
-2
0
-1
0
2
2
0
1
-1
-1
-2
-2
1
-1
-1
0
0
-1
-1
0
-1
1
0
-1
0
1
0
0
0
0
0
1
-3
-2
-1
0
0
-1
-2
0
1
2
0
0
2
0
0
2
-1
0
0
0
2
-1
2
-3
0
-1
1
1
0
-1
1
1
2
1
-1
1
0
1
-1
-1
0
-2
1
0
1
1
0
0
1
0
-1
1
0
0
-1
0
2
0
0
0
-1
-1
1
0
1
0
-1
0
1
1
2
0
-1
0
1
0
0
-1
1
-1
0
0
-1
1
1
0
0
-1
-1
0
-1
0
2
-2
-2
1
1
-1
0
0
0
1
1
-1
-1
1
-1
1
-1
1
0
2
0
-1
1
-1
1
-1
0
1
1
0
-3
1
-3
-1
1
0
1
0
1
-1
0
0
1
0
1
1
-2
1
0
-1
0
-1
0
-1
-1
0
-1
-1
0
0
-1
-1
0
1
1
1
-1
0
1
-1
0
-1
-2
1
1
-1
-1
-1
0
1
-1
0
-1
1
0
-1
1
0
-2
0
1
1
0
0
-1
0
1
0
1
0
2
-1
0
1
-1
0
2
-1
-1
1
1
0
-1
1
0
0
2
0
0
-1
1
1
0
-1
1
1
0
0
1
0
1
2
1
-1
0
0
-1
1
0
0
0
1
-1
0
-1
0
-1
0
0
-2
0
0
1
0
0
0
0
0
0
0
2
1
-1
0
0
0
1
1
0
1
0
2
-1
0
0
0
-1
0
0
0
1
0
-1
-1
2
1
0
0
0
-1
1
0
-1
-1
0
0
-1
-1
1
1
0
1
2
1
-1
-1
0
1
0
1
0
-1
2
1
0
1
0
1
0
1
0
0
0
-1
0
1
1
-1
-2
-1
0
0
1
0
0
2
0
1
-1
-2
0
0
0
0
1
0
0
0
2
1
0
-2
1
-1
1
0
-1
0
-1
2
0
2
-1
0
1
-1
0
0
0
2
0
-1
-3
-1
-1
0
-1
1
0
-1
0
1
0
0
-1
-1
0
0
-2
0
-1
-1
-2
-1
0
-1
1
0
0
-1
0
-2
0
-2
-1
0
-1
1
2
2
1
-1
-1
1
0
-1
0
-1
0
1
-1
-1
-1
1
0
1
0
-1
-2
-1
-1
1
0
-1
0
1
-1
0
0
0
0
-2
0
1
0
0
1
-1
0
1
0
-1
1
1
-1
1
2
0
0
0
0
0
-2
0
1
0
-1
-1
1
0
0
1
1
-1
0
0
0
1
0
-1
0
0
0
1
0
1
2
0
1
1
1
1
1
0
1
-1
-1
1
-1
0
1
-2
1
-1
-1
-1
-3
2
0
1
1
-1
0
-1
-1
-2
1
-1
1
2
0
0
2
0
1
0
0
0
0
1
-1
1
-1
1
1
0
-3
1
0
0
-1
0
1
-2
0
-1
-1
0
0
0
-1
-1
0
0
1
2
0
-1
1
2
0
0
-1
0
2
-1
1
-1
1
1
0
1
0
-1
-1
0
0
-1
0
2
0
0
0
2
0
0
-2
0
0
1
0
-1
1
1
0
-2
-1
0
-1
0
0
1
-1
0
0
0
0
0
-1
-1
0
-2
-1
0
-1
1
2
-1
1
-2
1
0
1
-2
2
-1
0
2
3
-1
2
2
-1
-1
1
-1
0
0
-1
0
1
0
0
0
-1
-1
-1
-1
1
1
-1
0
0
2
0
-1
1
-1
1
1
-1
1
0
0
-1
0
-1
0
1
0
1
0
0
-2
0
0
0
1
-1
0
0
0
-1
-1
1
-1
0
-1
0
2
-1
0
0
-2
0
-1
0
-1
-1
-1
-1
1
0
0
-1
-1
-1
3
-1
0
0
-2
0
0
1
0
-1
0
1
-1
-1
-1
0
-1
0
0
-1
-1
1
0
-1
1
0
0
-2
-1
1
1
1
0
2
0
-1
1
0
1
2
-1
0
-1
-2
0
-1
0
-1
-1
0
-2
2
0
0
-1
2
-1
-1
0
-1
2
-1
1
0
1
0
1
2
1
-1
-1
-1
-1
-1
-1
-1
1
-1
1
-1
-2
3
2
-1
1
2
-2
-1
0
0
-1
0
0
0
-1
0
0
2
1
2
1
0
1
-1
0
-3
2
0
-1
1
-1
1
0
0
-2
0
-1
-2
1
1
2
-1
-1
0
0
1
-1
0
-1
1
-2
-1
-1
1
0
2
0
0
0
-2
1
2
2
1
0
0
0
0
1
1
-2
0
0
0
0
-1
-1
0
1
-2
0
2
0
-2
-1
0
1
-1
-1
0
2
0
2
2
0
1
0
0
1
-1
1
0
0
1
1
1
2
2
0
-1
1
-1
-1
1
0
1
2
0
-1
0
1
1
1
-1
-1
0
2
-1
0
0
-1
-1
-1
-1
0
-1
-1
0
0
-1
1
-1
-2
0
0
-2
2
-1
0
-1
1
0
0
1
-1
0
-1
1
0
-1
-3
-2
0
0
0
1
-1
-2
-1
0
1
1
0
1
0
-1
1
1
3
1
1
0
-1
1
-2
1
2
0
1
0
-2
-1
0
0
0
-1
0
1
0
0
0
0
2
1
0
1
0
-1
-1
0
-2
1
-2
1
0
-2
0
1
-2
1
0
-1
-1
1
-1
0
-1
0
-1
0
0
-1
0
0
0
2
0
-2
3
0
0
-1
-1
2
-2
2
1
1
-1
0
1
0
0
-1
1
1
1
2
-1
0
0
2
0
2
1
-1
0
1
-1
0
-1
-1
0
-1
1
1
-1
0
0
-1
-2
-1
0
2
-1
-1
2
-1
-1
-1
1
-1
0
1
0
0
2
-1
1
-1
0
0
0
0
0
2
2
0
0
2
0
-2
1
1
-1
-1
2
-2
-1
-1
-2
1
-1
0
0
1
-1
-1
-1
-2
0
0
0
-1
-2
-3
0
0
2
0
0
3
0
2
0
-1
-1
1
-1
0
1
0
0
0
0
-1
0
-1
0
1
0
-1
0
0
1
1
-1
-1
-1
-1
1
-1
0
0
-1
-1
0
-1
-1
0
-1
1
0
0
0
-2
0
-1
0
1
1
0
0
-1
-1
-1
0
1
0
2
1
-1
1
1
0
1
0
1
0
-2
0
-1
1
-1
1
0
-1
1
1
-1
1
0
0
-1
0
0
0
-1
0
0
1
0
-1
1
-1
-1
1
1
0
0
1
-1
-1
0
0
1
-1
0
-1
-3
0
-2
0
0
1
-1
1
-1
-1
-2
0
0
-1
0
0
1
1
1
1
0
0
-1
0
0
1
-2
-2
-1
1
3
1
-1
0
-3
1
-1
1
0
-1
1
1
-1
-1
0
0
0
-1
0
0
1
0
0
0
1
1
-2
0
1
-1
0
-1
1
-1
1
0
-1
-1
0
2
-1
0
-1
0
-1
0
0
0
-1
-2
1
-2
-2
0
2
0
1
-1
0
0
1
1
0
0
-1
0
0
0
1
0
-2
0
1
2
1
0
0
0
0
-2
1
0
1
1
0
0
-1
1
0
-1
0
-1
1
0
-1
-1
0
-1
-1
1
0
1
-2
1
1
-1
2
-1
0
-1
0
-2
1
0
1
0
-2
-1
0
1
0
1
-1
-1
-1
0
-1
-2
-1
0
0
0
-1
-3
2
-1
-1
0
-1
-1
1
-2
-1
-1
-1
0
0
2
0
-1
-1
1
1
0
-1
-1
0
-1
1
-1
1
-1
-1
0
0
2
1
-2
-2
0
-2
-1
1
0
1
1
-1
-2
0
0
1
-2
0
0
1
2
1
-2
0
-1
0
-2
-1
-1
0
-2
0
-2
-1
-1
1
1
2
1
0
-2
1
0
-1
0
-1
-1
0
0
0
0
-2
-1
0
-3
1
1
-2
2
1
-1
0
1
1
0
0
-1
0
1
1
0
0
-2
0
0
0
1
0
0
1
-2
0
-1
-1
1
1
0
-1
0
-2
-2
0
-1
0
0
-1
2
-2
-1
-1
0
0
0
1
1
0
1
-1
2
1
-1
-1
1
2
-1
0
0
1
1
-1
-1
0
-1
-1
2
1
1
0
0
0
-2
-2
1
0
-1
-1
0
-2
-1
-1
1
1
0
-1
1
1
2
1
1
1
0
0
2
0
0
0
-1
1
2
-2
0
0
1
2
0
-1
0
1
-1
3
0
0
0
0
-1
-1
1
1
0
-1
-2
1
1
1
-1
0
1
0
-1
-1
0
-1
0
-1
-2
0
0
0
-1
1
0
1
0
-1
1
0
0
2
1
0
0
0
1
-2
-1
1
1
0
-1
0
2
-1
0
2
-1
-2
-1
-2
0
0
0
0
3
-1
1
1
0
1
0
1
1
-1
-2
-1
1
2
-3
1
-1
-1
-1
0
0
-2
0
-2
-1
-1
0
-2
0
-1
2
0
1
0
1
-1
1
0
-1
1
1
0
0
0
-1
1
0
0
0
2
0
2
1
1
0
1
0
1
0
0
1
2
1
1
0
0
0
0
-1
0
0
0
-1
-2
1
0
1
-1
0
0
0
0
2
1
2
-2
-1
1
0
1
1
0
1
-2
1
-1
1
1
1
1
-2
-1
1
0
0
1
0
2
0
1
1
2
-1
-1
-1
0
-1
-1
0
0
1
1
1
0
0
-1
-1
1
1
1
-1
0
1
-1
1
-1
1
0
0
-3
-3
0
-1
1
1
3
0
0
-1
0
1
0
1
0
0
-1
0
0
0
0
0
0
0
0
0
2
-2
-2
0
1
0
1
1
0
1
0
2
1
0
0
-1
0
-1
0
1
-1
1
-1
-2
2
0
0
1
0
0
-1
1
0
1
2
-1
1
0
0
2
-1
-2
2
0
-1
0
-1
-2
1
0
-1
1
1
-2
-2
1
-1
0
0
-1
0
-1
0
0
1
-2
-2
0
1
0
-2
-2
-1
1
2
0
-1
0
0
0
0
2
-1
-1
1
-1
1
0
-1
-1
0
1
0
1
1
0
0
-1
1
-1
1
1
-1
2
-1
-1
2
-1
0
-2
-1
0
-1
0
0
1
0
-1
-1
2
0
-1
-1
0
-1
1
-1
1
0
0
-1
1
-1
1
0
0
0
-1
0
1
1
1
0
1
0
0
-1
-1
0
1
0
-1
1
1
-1
0
1
0
0
-1
0
-1
2
-1
1
0
1
1
1
-1
0
1
0
2
-2
0
-1
1
-2
-1
0
1
0
-1
0
0
-3
1
-1
0
-1
1
1
2
1
1
-1
-1
0
1
0
0
0
1
0
1
-1
0
-1
0
0
0
0
3
1
0
1
0
-1
-1
-1
-1
-1
0
-2
1
0
0
0
-1
0
0
0
-1
-1
-1
0
-1
1
1
0
-1
2
1
0
1
0
-2
0
0
-1
-1
-1
-1
-1
-1
0
0
0
0
-1
-2
0
-1
-1
-2
0
0
1
0
1
0
-1
0
-1
2
-1
0
-1
0
2
0
-1
0
2
1
-2
2
-1
-1
0
-1
0
0
0
1
1
0
0
1
-1
0
0
-1
-1
1
1
0
0
0
0
1
-2
1
-2
1
-1
0
-1
-1
1
1
0
0
-1
-1
-1
1
1
0
1
-1
-2
-1
0
-3
0
1
2
0
1
1
-1
0
-1
0
0
2
0
-1
1
2
0
1
1
0
-1
0
-1
1
2
0
1
1
-2
0
0
0
-1
0
0
-1
1
1
0
0
0
0
0
-1
2
0
-1
-1
0
0
-1
0
-1
0
0
-1
1
0
-1
0
1
2
0
-1
-1
-2
0
-1
-1
1
1
1
-2
0
0
0
1
0
-2
-1
0
1
2
-2
-3
0
0
1
0
0
0
0
2
-2
0
0
-1
1
-2
1
1
1
-1
0
0
1
0
-1
1
-2
-1
1
0
0
-1
-2
1
0
0
-1
2
1
0
0
1
1
0
0
-1
-2
0
0
-1
0
1
-1
-1
1
1
0
-1
2
0
0
-1
0
0
-2
0
-1
-1
0
-2
-3
0
-1
0
0
-1
-2
-1
-1
2
0
-1
1
1
0
-1
-1
-3
-1
0
0
0
-1
-1
2
-1
-1
0
0
-1
0
-1
1
0
-1
0
1
-1
-1
1
-1
1
-1
-1
-1
1
0
1
-1
0
1
0
1
-1
1
0
-2
-2
-2
-1
0
0
0
0
0
0
0
0
0
0
-1
2
0
0
1
-1
0
-1
0
0
-1
-1
-2
1
0
0
0
-1
2
1
-2
-1
-1
-1
2
0
-3
0
1
0
0
0
0
0
-1
1
1
-1
0
0
-1
0
-1
1
0
1
0
-1
0
-5
0
0
1
1
0
-2
0
0
0
1
-1
1
1
-1
-1
-1
1
0
-1
1
0
-1
1
0
1
0
-2
2
1
1
-1
1
2
0
1
0
2
0
0
2
1
1
-2
0
-1
-1
-1
0
1
0
-1
-1
1
0
-3
0
1
1
-3
2
1
1
1
-1
0
1
0
0
1
0
-2
-1
-1
-2
0
-1
2
1
0
-1
0
0
1
-1
1
-1
0
0
1
0
0
0
-2
1
1
0
0
-1
0
0
0
0
1
-1
-2
0
0
2
0
0
1
1
1
-1
-1
0
0
0
1
-1
-1
-2
1
-1
-1
-1
1
-1
0
0
1
1
0
0
0
0
2
0
-1
-1
1
-1
-1
1
-1
0
-1
-1
1
-1
0
-1
0
1
-1
1
1
1
0
-1
0
-1
0
-1
0
1
0
1
0
0
1
-1
0
-1
1
0
0
0
2
2
-1
0
2
2
-1
0
0
-1
1
0
0
-1
0
-1
1
1
0
2
0
0
0
1
1
1
-1
1
0
-1
2
-2
-1
-1
-1
1
-2
-1
0
1
-2
-1
0
0
1
0
-2
2
0
0
-2
0
0
1
1
0
0
0
1
0
2
2
-1
0
1
-1
0
2
0
0
0
0
0
-1
-1
-1
1
0
0
0
-1
0
0
0
-2
0
-1
-1
0
-1
1
-1
-1
0
1
-1
1
2
0
-1
-1
2
0
0
3
0
1
0
0
-1
2
-1
2
1
1
-1
-1
0
1
1
0
-1
0
1
0
0
1
2
-2
1
1
-1
0
1
0
0
0
0
-2
-2
0
0
-1
0
0
0
-1
1
1
0
-1
0
0
-1
0
0
0
-1
0
0
1
0
0
1
1
0
1
-1
0
2
-1
-2
-2
0
-1
-1
-2
-1
0
2
-1
1
0
1
-1
0
0
0
-1
1
0
-2
1
1
1
-1
1
-1
1
0
1
0
1
0
0
-1
1
0
1
0
-1
-1
0
1
1
-1
1
0
1
2
1
0
2
0
1
-1
1
0
0
0
1
2
1
1
1
0
-1
2
-1
0
0
1
3
0
1
0
-1
-1
-1
1
-2
1
-1
1
1
0
1
1
-1
0
1
0
0
2
0
1
-1
-1
2
-1
1
1
1
-1
0
0
1
0
-1
-1
0
2
2
0
1
0
-2
0
-1
-1
1
-2
-1
0
-3
0
0
0
1
0
0
-1
1
0
-1
1
0
1
0
0
3
0
1
-2
0
1
-1
0
1
-1
1
-2
2
-2
0
1
0
0
0
1
1
0
-2
0
1
0
1
0
0
0
1
1
-2
-1
0
-2
0
1
0
-1
1
0
0
0
2
-2
0
0
0
0
0
0
-1
0
2
0
0
0
1
-1
0
0
2
1
0
-1
2
-1
1
0
0
1
-2
1
2
1
1
-2
0
0
-2
2
-2
-1
1
-1
1
1
-1
0
-1
-1
-1
0
0
0
-1
2
0
-1
0
1
0
0
1
0
-2
1
0
-2
0
-1
-1
0
0
-2
-1
-1
0
-1
0
0
2
0
0
1
0
0
-2
0
-1
1
-1
1
0
0
1
-1
1
0
0
1
1
1
-1
2
0
0
0
1
0
1
-1
1
0
0
2
0
0
1
-2
-1
1
-1
-1
0
-1
0
-2
-1
2
-1
1
0
-1
1
0
0
1
0
-3
-1
-1
0
0
-2
1
3
1
-1
-1
-1
0
1
1
0
0
0
-1
1
1
-1
-1
-1
0
0
-1
-1
2
-1
3
0
1
0
1
1
0
0
-1
1
0
-1
1
1
2
-1
2
-1
0
1
0
1
0
0
1
-1
-1
1
1
1
-1
1
-1
0
1
0
-1
2
2
0
1
-1
0
0
0
0
1
0
0
0
1
0
1
0
1
0
-1
0
1
1
0
1
0
-2
1
-2
-1
-2
1
0
2
1
0
0
1
-1
1
0
0
1
0
0
0
0
1
-1
1
1
-1
-3
0
-1
0
0
-1
2
0
-1
1
2
0
1
-1
1
1
1
-1
-2
-2
1
-1
1
0
0
0
1
-2
-1
1
-2
-1
-2
1
2
0
0
1
1
-2
0
0
-1
1
0
1
1
0
0
1
0
1
-1
0
-1
-1
0
-1
0
0
1
0
0
-1
-2
0
1
0
-1
1
0
2
1
-1
1
1
0
0
1
0
1
0
2
0
-2
1
-1
-2
0
-2
-1
-1
-1
0
-2
-1
-1
2
-1
0
2
0
0
-1
1
1
2
0
1
0
0
1
-1
2
0
0
0
0
-1
1
1
-2
-1
-2
1
1
0
0
-2
0
0
0
0
1
0
2
0
-2
-2
0
-1
-2
-1
1
1
-1
0
-1
0
0
-1
-1
1
1
-1
1
-1
1
0
-1
0
-1
0
-1
2
-1
-2
0
0
-1
1
1
-2
1
0
0
1
-1
0
0
0
-2
0
-2
-2
1
1
2
2
2
0
-1
0
-1
0
0
1
-1
0
0
0
1
1
0
-2
1
1
0
0
2
0
1
-1
-1
-1
0
0
0
-1
1
1
0
1
2
0
-1
1
1
-1
2
0
0
-1
0
-1
-1
0
2
-1
1
-1
0
-2
2
-2
0
-2
1
1
1
-2
3
-2
0
0
-1
1
1
0
0
0
-2
-1
0
0
0
0
1
-1
0
1
0
-1
0
-1
1
-1
-1
2
0
0
0
1
1
1
-2
0
1
1
0
-2
0
-1
0
1
1
-1
-1
1
-1
0
1
1
0
0
-1
1
0
0
0
-1
0
1
-1
0
0
2
-1
0
-1
0
-1
0
-2
-1
0
1
1
0
1
0
-1
0
-1
1
0
0
1
-1
0
0
1
2
-2
1
1
0
-2
0
0
0
1
0
-1
-1
0
1
-1
0
-2
1
1
1
1
0
2
1
-2
-1
0
-1
-1
1
0
-1
0
1
-1
0
3
0
-1
0
-3
0
1
1
1
0
0
0
-1
-1
0
0
0
1
-1
-1
0
1
2
-2
-1
0
1
0
-1
-1
-1
0
1
1
-2
0
2
0
1
0
0
1
0
-1
0
1
0
-1
-1
1
0
1
-1
2
-2
-1
1
0
-1
-1
0
-1
-1
1
1
0
-1
0
0
0
-1
0
0
-1
-1
-1
0
-1
2
1
1
1
0
1
3
-3
1
0
1
1
0
-1
1
1
0
0
-2
-1
0
0
0
1
0
0
0
2
1
-1
-1
0
0
0
-1
-1
0
0
-2
1
0
0
1
-1
-1
-3
0
-1
1
0
1
-1
0
0
-2
-1
-2
0
-1
0
0
1
-1
0
-1
0
0
0
0
2
1
1
1
2
0
-1
-1
1
1
0
0
0
-1
2
-1
0
-1
0
0
2
0
-1
-1
1
0
-1
1
1
-1
0
0
0
0
2
1
0
1
0
0
0
-2
0
0
0
-1
-1
-1
2
0
1
2
-1
-1
1
-1
0
-1
-1
1
0
-1
1
0
1
-1
0
0
-1
1
-1
0
1
0
1
0
2
0
0
0
2
2
-1
1
0
0
-1
1
0
1
1
1
0
0
-1
1
0
2
0
0
0
1
0
1
1
1
0
-2
-1
0
0
0
1
-1
2
0
0
-1
1
0
2
-1
1
0
0
0
1
-1
1
-1
1
1
0
1
0
0
1
2
-1
2
0
1
-1
-1
0
1
1
-2
0
-1
0
0
-1
-1
-1
-2
1
-1
0
0
1
1
0
-1
0
-1
-1
-2
-1
0
-3
1
-1
0
1
-1
0
-1
0
0
-1
1
1
0
-1
0
1
-1
0
0
-1
1
-1
-2
1
0
0
0
-1
1
2
1
1
0
1
1
-2
0
-3
0
-1
0
-1
-1
0
-1
2
0
1
-1
1
2
1
0
0
0
1
0
0
0
-1
-1
1
0
1
0
0
1
1
-2
2
1
0
0
0
-1
1
-2
2
0
0
1
1
0
-1
3
0
-1
-1
0
0
0
0
2
1
0
0
0
-2
-1
0
-1
-1
0
1
1
0
-2
0
2
0
2
2
-1
0
-1
-1
-1
-1
1
1
1
-1
1
1
0
0
0
0
0
2
0
2
0
-1
1
0
0
-2
0
0
0
0
0
-1
1
1
2
0
1
0
-1
2
-1
1
0
-1
1
1
-1
-1
0
0
0
-1
-1
0
0
1
1
-1
0
1
0
-1
0
1
0
-1
-1
0
-1
1
0
-2
-1
1
-1
0
0
1
-1
-1
1
0
1
-1
0
0
1
1
1
2
-1
2
0
1
1
0
0
-1
1
0
0
0
1
1
-2
-1
-2
0
0
0
0
-1
1
0
-2
2
0
2
0
1
0
1
-1
-1
-2
1
3
-1
0
0
0
0
0
1
0
0
0
0
-2
1
0
-2
0
1
0
0
1
0
0
-1
-3
0
-1
0
-1
1
1
0
1
1
0
0
1
1
0
-1
0
0
1
0
0
1
-2
0
0
-1
-1
-1
1
1
-1
1
2
0
-2
1
1
-2
2
0
0
-1
-1
-1
0
1
-1
-1
1
0
-1
-1
0
0
0
1
1
-2
0
0
-1
1
0
-2
1
0
-1
-1
1
0
1
2
0
0
-1
-1
0
1
0
-1
0
0
-1
-1
0
0
-1
-1
1
0
1
-1
1
2
2
0
0
2
-1
1
0
1
0
0
0
1
0
-1
0
0
-1
-2
1
1
0
1
-1
-2
-1
-1
-1
-1
1
0
-1
1
-1
-1
1
0
1
0
0
0
-1
1
0
-1
0
0
-1
1
0
1
-1
1
-1
-2
0
0
0
1
0
2
0
0
1
0
-1
0
-1
0
-2
-3
1
2
-1
1
0
1
0
0
-1
-1
2
0
-1
0
1
0
-1
-1
-1
0
-1
1
0
0
1
0
-1
1
1
1
0
-1
1
0
-1
-2
0
0
-1
0
1
1
0
-1
-1
1
2
0
-1
1
1
-1
1
0
-1
-1
-2
0
-1
0
1
0
-1
-1
0
0
0
-1
-1
1
0
2
1
-1
1
0
0
0
1
0
1
0
2
0
2
1
1
-1
0
1
-1
0
-1
2
1
0
1
0
0
1
0
0
3
0
0
1
1
-1
-1
-2
1
1
-1
1
-2
0
-1
0
-2
1
-1
1
-2
0
2
0
3
1
1
-1
1
-1
-1
0
0
0
1
-1
2
-1
0
0
1
0
-2
0
-2
1
0
-1
0
1
-1
1
1
0
1
-1
-1
-2
0
1
-1
0
-2
-1
0
-1
-1
2
0
0
-1
-1
-2
1
-1
-1
0
-1
1
1
-1
1
1
0
-1
0
2
-1
0
0
0
0
1
-1
1
0
-2
-1
2
0
1
0
-1
1
-2
-1
-1
-1
0
-1
2
0
1
0
-1
-1
-1
-1
0
0
-1
-1
-2
-1
0
1
-2
1
1
0
-1
3
-1
1
1
0
1
0
-1
0
-2
0
1
1
1
0
-1
-1
1
1
-1
-1
2
1
0
-1
1
-1
1
-1
0
0
0
-4
0
-2
-2
-1
1
0
-1
-1
0
-1
1
1
0
1
0
1
0
-1
1
-1
-1
2
0
0
-1
-1
0
-1
1
0
1
0
0
-1
0
-1
-1
-1
-1
1
0
1
2
1
2
1
0
-1
1
1
0
1
-1
0
0
1
-2
1
-2
0
-2
0
0
2
1
0
1
0
1
1
-1
0
-1
1
2
0
3
0
1
1
0
1
0
0
0
2
-1
-2
0
-2
1
0
-2
2
1
0
0
0
0
2
0
2
-1
1
-1
-1
1
-1
1
0
-1
-1
1
1
-1
0
0
0
0
-1
0
0
1
0
0
-2
0
1
1
-1
0
1
0
0
0
1
-1
1
-1
0
0
-1
1
0
0
-1
1
-1
-2
0
0
-1
1
0
0
0
0
1
-2
0
0
0
0
0
0
0
-2
-1
0
-1
-1
0
-1
-1
-2
0
1
-3
1
2
0
-1
1
1
1
0
0
0
0
1
0
2
-1
-1
0
0
-1
0
0
0
-1
1
0
-1
-1
0
-1
-1
-1
0
0
0
0
-1
-1
1
0
0
0
2
-1
0
1
0
1
0
0
0
-1
0
1
-1
0
-1
-1
1
2
1
1
2
0
-1
0
-1
0
1
0
0
0
-1
0
-1
1
0
-1
-2
-1
-1
-1
0
-1
0
0
0
0
1
0
1
0
0
2
-1
0
1
1
2
-2
1
-1
0
-1
1
0
0
-1
0
-1
0
0
-1
1
0
-2
0
-1
0
0
-1
1
-2
-1
-1
-1
0
1
-2
2
0
0
1
1
-1
-1
-2
0
0
1
0
1
-2
0
-1
-1
0
0
0
0
1
0
-1
0
-1
1
1
0
-1
0
1
0
0
-1
1
-2
-1
-1
1
1
0
0
1
0
0
0
-1
1
1
-1
-1
1
-2
-1
0
-2
1
-1
-1
0
-1
-1
-1
-1
-1
0
0
0
2
0
0
0
0
0
1
0
0
0
1
1
0
1
0
0
2
1
-2
-1
0
0
0
2
3
2
-2
-2
1
-1
0
0
0
-1
-1
0
-1
1
-2
0
2
0
-1
2
2
-2
0
-2
-2
1
-1
0
-1
1
0
1
1
-1
-2
-1
1
0
0
0
-1
0
0
0
-1
1
-1
1
0
0
0
0
0
2
0
1
-1
1
2
0
2
0
-1
-1
1
-1
-1
0
0
0
1
0
1
0
-1
1
1
0
0
0
0
1
0
1
2
-2
1
-1
0
0
1
1
0
-1
1
-1
-1
0
0
-1
0
0
-1
1
0
0
1
0
1
1
0
0
0
0
0
0
-4
0
0
-2
1
0
-1
-1
2
2
-1
0
0
-1
1
1
-1
-1
0
1
0
-1
1
-2
1
0
0
0
2
1
0
-1
-1
-2
1
0
0
1
-1
-2
1
-1
-1
-1
-2
-1
0
0
-1
-1
0
1
1
0
0
1
-1
1
0
1
-1
1
0
0
2
1
1
1
-1
0
1
0
2
-1
0
1
0
1
-1
1
0
1
0
-1
0
1
0
-1
0
2
0
0
2
0
-1
-1
0
1
1
-1
2
0
2
0
1
0
-1
-1
2
0
0
2
2
0
2
-1
0
-1
0
0
-1
0
-1
0
0
-1
0
0
-1
-1
1
-1
1
1
0
0
2
-1
-1
-1
0
0
-1
0
-1
1
1
0
1
-1
1
0
2
1
-1
-1
0
0
0
-1
-1
-1
0
-1
1
0
1
0
-1
-1
-1
-1
1
2
0
-2
-1
0
0
0
1
0
2
2
-1
1
1
-2
0
-1
1
0
-1
0
-1
0
0
0
1
0
-2
-1
-1
1
0
-2
-2
0
0
-1
1
0
1
-1
-1
-1
2
0
1
0
-1
-2
1
-1
-1
0
-1
1
-1
2
0
-2
0
0
-1
0
-1
-1
0
0
0
0
0
0
1
1
-1
0
0
2
-1
2
-1
0
-1
1
0
2
-2
0
1
1
-1
1
-2
0
1
0
0
0
0
-1
0
1
1
-1
0
1
1
-1
1
0
1
0
-2
0
-1
1
0
0
1
-1
-1
0
0
0
-2
0
0
2
-1
-1
-2
-1
0
0
1
3
0
-1
0
2
-2
-1
1
0
0
0
-1
0
0
-1
1
0
0
0
2
1
1
0
1
-2
1
1
-1
-1
-2
0
1
-1
0
1
2
1
0
2
-2
0
1
-1
1
-1
0
1
0
-1
0
0
0
0
0
1
0
-1
2
1
1
1
1
-2
-2
-1
0
1
-1
-1
1
0
2
1
-1
0
0
1
0
0
0
1
1
-2
-1
0
1
0
0
0
-2
-1
0
0
-2
0
0
0
0
1
2
-1
0
-1
-1
-1
2
-1
-1
2
0
1
-1
0
1
0
0
3
0
-1
1
0
1
0
1
0
-2
0
-1
1
1
-2
0
-2
0
-2
1
1
1
0
1
1
1
0
0
0
-1
-2
0
-1
0
0
1
-1
0
-1
1
0
-1
-1
0
-1
1
0
1
1
0
0
1
0
0
-1
1
0
1
1
-2
2
1
0
-1
0
0
1
0
1
1
0
1
1
1
0
0
-2
0
0
1
1
1
0
-1
-3
0
1
-1
0
-1
0
-1
-1
-3
0
1
-1
0
1
0
-1
0
-1
0
0
-1
1
-1
2
1
-1
-1
-1
-2
-1
0
3
1
0
2
1
1
0
0
0
0
1
1
0
-1
-2
0
0
-1
0
2
0
-1
-1
-1
2
0
1
1
3
-2
0
-1
-2
-2
2
-1
-1
0
0
1
1
1
-1
0
-1
-1
1
0
0
0
1
1
-2
1
1
0
-1
2
-1
1
1
-2
-2
-1
0
-1
0
0
1
0
1
-1
1
2
2
0
1
0
1
-1
0
-1
1
-3
-1
-1
0
0
1
1
-1
1
0
-1
-1
-1
0
1
0
1
1
0
0
1
2
-1
-1
0
1
0
0
0
1
1
-1
-1
-1
0
0
0
-1
0
0
0
1
0
-2
-1
2
0
2
2
0
0
1
0
0
0
-1
0
1
2
-1
0
0
0
0
-2
0
1
1
0
0
0
2
0
0
1
-2
-1
0
0
1
1
2
0
1
0
0
1
-2
-2
0
-1
0
1
1
0
1
0
0
-1
-1
1
-1
0
1
0
1
0
1
-1
0
0
0
1
0
0
0
1
0
2
1
-1
-1
2
2
0
1
0
1
0
0
-1
-2
2
0
2
-1
-1
-1
0
2
0
1
1
0
-1
1
-2
2
1
-2
0
0
1
0
-2
1
0
0
0
-1
0
-1
0
0
-1
-1
0
0
0
-1
-2
-1
0
1
1
0
1
-1
1
1
2
-1
-1
-2
-1
-1
0
0
0
1
0
3
-1
1
0
0
-1
0
0
-1
1
2
0
0
-2
-3
-2
1
1
1
0
-2
0
0
3
0
-1
0
1
1
1
0
1
-1
1
-1
1
-1
-2
1
1
1
-2
0
1
-1
-1
0
-1
0
-1
-1
0
1
1
1
-1
0
1
1
1
1
0
0
0
0
0
2
-1
-1
-1
0
1
0
0
2
1
0
1
-1
1
0
1
1
0
0
0
1
1
1
1
-1
0
0
1
-2
1
0
1
-1
1
-1
0
0
1
1
1
1
1
0
-1
1
3
-1
0
-1
1
1
-1
0
0
0
0
0
1
1
0
1
-1
-1
-1
0
0
-2
-2
1
0
0
-1
0
-1
-1
1
1
1
-1
1
1
2
2
-1
0
-1
0
1
-1
-2
-1
-1
-3
-1
2
1
0
0
0
-1
-1
1
0
-1
1
-1
1
0
-2
0
0
1
0
0
1
0
-1
0
0
-1
-1
-1
-1
-1
1
0
2
1
1
0
-1
0
1
-4
1
-1
0
-1
1
0
0
1
1
1
1
-1
-1
1
-1
-1
-1
1
0
-1
0
0
1
0
-1
-1
-2
-1
-1
1
-1
-1
0
-1
1
0
1
1
0
0
1
1
0
-1
-1
-1
0
-1
2
-1
-1
1
1
-2
2
0
1
0
1
-1
1
1
-1
-1
0
0
1
2
0
0
-2
0
-1
-2
-1
-1
0
0
0
1
0
-1
-2
0
2
1
-1
1
0
0
-1
-1
1
1
0
1
-1
-1
1
0
0
-1
-1
-1
0
2
-2
1
2
-2
-2
1
-1
0
-1
2
-1
0
0
-1
1
0
1
-1
0
-2
0
0
0
0
1
-1
-2
1
0
0
0
0
-2
0
1
2
0
0
1
2
-1
1
-2
1
1
0
0
1
2
0
0
0
0
1
0
1
-1
-1
-1
0
-1
0
0
0
-1
0
1
-2
2
-1
0
-3
-2
0
-2
-2
-2
1
-1
-1
-1
-1
3
0
0
1
0
0
-1
-1
0
-1
0
0
1
1
-2
0
0
-2
0
-1
-1
0
1
1
0
1
-1
-1
0
1
0
-1
0
1
1
0
-2
-1
1
1
0
1
1
0
0
1
0
1
1
-1
-1
-1
-1
-2
2
1
1
0
1
0
0
0
-1
0
-3
2
2
-2
-2
-1
-3
1
0
1
0
-1
-2
0
1
0
0
0
0
0
0
0
2
-2
0
1
-2
0
-1
2
0
-1
-1
-1
0
1
2
1
0
3
0
-1
1
0
2
1
0
1
-1
-1
1
1
1
1
0
0
0
1
-1
1
1
0
0
1
0
-1
1
0
0
0
-1
0
1
-1
0
-2
-1
1
2
-1
-3
0
0
-1
0
2
0
1
-1
-1
-2
0
-1
0
2
1
1
-1
0
1
0
0
0
0
-1
3
1
0
3
0
0
1
1
0
1
0
-1
-1
-1
1
0
2
1
0
0
0
0
1
1
0
1
-2
-2
0
1
1
1
-2
2
-1
0
0
-1
0
-1
0
-2
-1
3
0
-2
-1
-1
1
-1
0
-1
-1
1
1
1
0
0
0
-1
0
-1
-1
0
1
-1
0
2
0
-1
-1
0
1
-1
1
2
1
1
0
0
1
1
-1
1
-1
0
1
0
0
1
-1
-1
-1
0
0
0
-1
2
2
0
-2
0
-1
0
1
1
2
-2
0
-1
-1
1
0
0
-1
-1
-2
1
0
0
2
1
0
-1
0
0
0
1
1
0
0
0
0
0
0
0
0
0
-2
-1
0
-1
-2
2
0
1
0
-1
-3
1
0
1
-2
0
1
0
1
-1
0
1
1
0
0
-1
1
0
-2
1
0
0
1
-1
0
-2
-1
-1
1
0
0
1
-1
0
-1
-2
0
0
0
0
-2
1
1
0
1
1
1
0
1
0
0
1
0
-1
0
-1
-1
0
2
-1
0
0
0
-1
0
-1
-1
0
1
1
-2
-1
1
-2
0
-1
-1
-1
0
0
-1
0
-2
-2
-1
0
0
1
-1
1
0
0
-1
-1
-2
-1
-1
2
-1
0
1
0
-1
0
0
0
-1
0
-1
-1
0
1
0
0
-1
0
2
-1
0
1
0
0
1
0
-1
-2
0
-2
0
0
2
-2
0
0
0
-1
0
1
0
0
0
0
-1
-1
-1
1
-1
0
1
-1
1
-1
0
0
1
-1
0
-3
0
0
0
-2
-1
-2
2
0
-2
0
0
0
0
0
1
-1
0
1
2
0
1
0
0
-1
0
0
0
1
-1
0
1
1
-1
0
0
0
-1
0
1
-1
1
0
0
2
0
1
-1
-1
1
0
1
0
0
0
-1
0
2
1
-2
-1
0
1
2
0
1
-2
0
-1
1
-2
1
0
1
1
1
0
0
-1
2
1
0
-1
0
2
-1
0
-1
0
0
-1
2
0
0
0
0
0
0
0
0
-1
-1
1
1
1
0
0
1
0
1
1
0
0
0
-1
1
0
-1
0
1
-2
0
-1
-1
-1
0
1
-1
0
1
1
0
-1
0
-2
-1
2
1
0
0
0
0
-1
0
0
-1
1
0
-1
1
0
0
0
0
0
1
-1
1
-1
0
0
0
0
1
0
0
-1
0
-2
1
2
0
-1
-1
2
0
1
-2
1
1
1
1
0
-1
0
-2
-1
0
0
0
0
2
-2
1
-3
1
-1
-1
1
-1
-1
2
1
1
1
1
-1
-1
-2
2
-1
0
-1
0
0
0
1
0
-1
0
-1
0
-1
1
1
0
0
2
2
0
1
1
1
-2
-2
1
1
-3
-1
2
-1
0
-1
0
0
0
2
0
-1
-1
1
-1
0
1
1
0
1
1
0
0
-2
0
0
0
1
0
0
-1
0
-1
0
1
-1
0
0
-1
1
0
0
1
2
1
-1
-4
-2
1
-2
-1
1
-1
1
1
-2
1
-2
0
0
2
1
1
1
0
0
0
1
0
0
0
1
1
0
0
-1
0
-1
2
-1
0
0
0
0
-1
1
0
0
-1
0
0
1
2
1
0
-2
0
0
0
-1
0
1
0
-1
1
0
1
0
0
-2
2
-1
0
0
1
0
0
-1
-1
1
1
-1
0
0
0
0
0
0
-1
-1
-2
-1
1
0
0
-1
1
0
0
-1
0
1
0
0
-1
-1
-1
1
1
-1
2
0
0
0
0
1
-1
1
0
1
0
0
-1
-1
-1
1
-1
0
0
-2
1
-2
0
0
-1
0
-1
0
0
-2
1
0
-2
0
0
-2
1
-1
-1
-1
-2
0
1
1
-1
0
1
0
0
0
0
0
1
2
0
0
2
0
0
-1
1
0
1
1
1
-1
1
0
-1
1
1
0
0
1
0
1
1
0
0
-1
-1
-1
1
2
-1
-1
0
1
-1
0
0
-1
1
0
2
-2
1
-2
0
-2
1
0
0
2
-2
-2
-2
0
2
-1
-1
1
0
2
1
-1
1
-1
0
1
1
0
0
0
2
0
1
-1
1
0
3
1
1
1
1
1
1
1
0
0
0
0
-1
0
1
1
1
-2
-1
1
1
-1
0
0
-1
0
0
1
-1
-1
-2
2
-1
0
1
0
0
-2
-1
-1
1
0
-1
0
1
0
-1
0
-1
0
0
0
-1
-1
0
0
-1
0
0
-1
1
-2
-2
1
0
0
1
2
2
0
0
-1
0
-1
1
-1
1
-2
-1
-1
-1
-2
1
0
0
0
-1
-1
0
0
-1
1
-1
-1
2
1
1
1
0
0
1
0
0
-2
0
0
-1
0
-1
-1
0
1
-1
0
0
1
-1
0
0
1
1
1
-2
0
1
2
-1
1
0
0
0
0
2
-1
0
3
0
-1
0
2
0
-1
0
-1
0
-1
-1
1
0
0
1
1
1
1
2
1
0
1
-1
-1
1
-1
-1
-1
1
2
-1
0
1
1
0
-1
1
0
0
0
1
0
0
1
-1
0
-1
0
-1
1
-1
-2
-1
0
-1
-1
0
0
-1
1
0
-2
1
0
-1
1
-1
-1
0
0
1
-1
1
0
-1
-1
-1
-3
-1
1
0
0
1
0
1
0
0
0
-2
-1
0
-1
0
1
0
1
-1
-1
0
0
0
-1
0
-1
1
1
0
-1
2
2
1
1
0
1
0
1
0
1
-1
-1
-2
1
1
-1
0
0
1
0
-1
0
1
0
-1
0
1
0
1
1
1
2
0
1
0
-1
-1
1
-2
1
-1
1
0
1
0
0
0
-1
-2
3
2
-1
-3
0
0
-1
1
-1
-2
-1
0
-2
2
3
-1
0
-2
1
0
2
0
1
-1
0
-1
-2
-1
-1
0
0
0
-1
0
-1
-1
0
0
-1
-1
-1
0
0
1
1
-1
0
2
1
1
1
-2
1
0
0
1
0
1
-2
0
-1
2
1
-2
1
0
0
-2
-2
1
0
1
-1
-1
0
-1
0
0
0
2
0
1
1
1
0
1
1
0
0
2
1
0
0
0
1
0
1
-2
0
-1
2
0
1
1
-1
-1
1
0
-1
-1
-1
0
0
0
-1
1
0
-1
0
0
2
-1
2
-1
1
-1
0
-1
1
0
-1
0
1
-2
-1
1
2
-3
-2
-1
-1
1
-2
-1
0
-2
-1
2
1
-1
0
-2
0
-1
0
1
-2
-1
-1
0
2
1
-1
0
0
0
0
-1
0
0
-1
0
0
0
-1
1
1
-1
1
0
0
2
-1
1
-1
1
0
0
0
-2
1
1
-1
0
-1
-1
0
0
1
1
1
1
-1
0
-2
-2
-1
0
2
0
0
-1
-1
0
0
1
-1
0
1
-1
0
1
1
-1
1
1
0
-1
0
0
0
-1
-2
-1
0
0
2
-1
-1
-2
-1
-1
-2
-1
1
0
-1
1
0
1
0
2
-1
0
-1
0
0
-2
-2
-2
0
-1
-1
0
0
-1
0
0
0
0
0
-1
-1
-1
-1
1
1
-2
0
0
2
-1
-1
0
-2
1
2
1
0
-2
0
0
0
-1
0
-1
0
-2
0
1
0
-1
-1
0
0
0
-1
1
-2
0
2
0
-1
0
0
-1
2
1
0
0
1
0
1
1
-1
-1
-1
1
1
0
0
-1
1
0
-3
0
0
-1
-2
-1
-1
2
0
0
-3
0
-1
0
0
-1
-2
1
0
2
-1
0
0
0
-1
0
1
0
0
0
-1
-2
2
1
-2
0
1
-1
0
-1
-1
1
0
1
1
1
0
0
2
0
1
-2
1
2
-1
1
0
1
0
3
1
2
0
-1
1
1
-1
0
0
0
1
1
-1
0
1
0
1
-1
0
-1
0
-1
0
0
0
0
0
2
1
0
0
0
-1
0
0
0
-1
0
-1
3
-1
0
0
1
1
1
2
-1
1
0
2
0
0
1
1
0
1
0
0
-1
-1
0
-2
0
0
1
3
1
0
-1
2
-1
0
0
0
-2
1
-1
0
1
0
1
0
1
0
0
1
0
0
2
1
-1
0
0
0
1
-1
0
-1
0
2
0
0
0
-1
1
-1
1
-1
1
1
0
-1
0
-1
1
0
1
-1
0
-1
1
-2
-1
-1
1
0
1
-1
-2
0
-1
0
-2
0
0
2
0
-1
-1
-1
0
-2
2
1
0
-1
-1
1
-1
1
0
0
1
1
3
0
0
2
0
0
0
-1
-1
-1
-1
1
-1
-1
0
1
-1
-1
-1
-2
-1
3
-1
-1
0
1
1
-1
0
1
1
0
0
1
1
2
-1
1
1
-2
-1
0
0
-1
-1
0
0
1
1
-1
-1
0
-1
0
-1
0
-1
-2
1
0
1
0
1
0
1
1
-1
0
1
0
1
0
1
-1
0
-1
0
1
0
0
2
0
-1
0
0
0
1
1
0
0
1
1
0
-2
-2
1
-2
-1
0
0
-1
-1
0
1
0
0
1
-2
1
-1
-1
1
-1
1
-1
-2
2
1
0
-1
-1
0
1
1
0
1
1
1
0
1
-1
1
2
1
0
2
0
-1
1
0
0
0
2
1
1
-1
2
0
-2
2
1
-1
2
0
-1
0
0
1
-1
0
0
1
1
-1
0
-1
-2
0
1
-1
0
1
2
0
-1
0
-2
-1
0
0
-1
1
1
1
0
0
0
1
-1
0
1
-1
-1
1
0
0
0
-1
0
-1
2
-2
0
0
-2
1
1
0
1
-1
0
1
0
0
0
0
0
0
-1
-1
-1
0
0
1
0
0
0
0
0
-1
1
-1
0
-1
0
2
-1
-3
0
0
-1
-1
0
1
-1
0
1
0
1
-1
2
2
1
-1
1
-1
2
-2
0
0
1
0
1
-1
0
0
1
1
-1
-1
-1
-1
1
-1
-1
1
0
0
-1
1
0
-1
-1
0
0
3
0
0
1
0
1
1
1
-1
0
-1
0
-1
1
-2
-1
0
0
1
1
0
1
0
-1
-1
0
0
0
1
2
0
-1
1
-2
1
-1
-1
0
0
1
0
0
0
2
-1
-1
1
0
1
-1
0
-1
0
0
-2
0
0
1
1
-1
-1
-1
2
0
-1
0
0
0
-1
0
1
0
-1
0
0
-1
0
-1
0
2
0
0
-1
0
1
1
-2
0
1
-1
0
0
0
0
-1
-2
2
-1
-1
0
2
-2
-3
1
1
-2
1
-1
1
-2
-1
0
-1
0
1
1
0
-1
0
1
1
0
0
0
-1
-1
1
-1
2
1
1
0
1
0
-2
-1
0
1
0
-1
-1
3
0
-1
0
0
-1
0
-2
0
0
-2
-1
1
1
1
0
1
-1
2
-1
1
1
0
-1
1
0
1
-3
1
-1
1
0
-1
-1
-1
1
-1
0
1
1
0
1
0
0
2
0
-1
-2
0
2
1
2
0
0
-1
-1
1
2
0
1
0
1
-1
-1
2
4
0
1
-2
0
-1
-1
1
1
-1
0
-2
-1
1
0
-1
0
0
1
-1
0
-1
-1
0
0
-1
-2
1
1
-1
0
2
2
-1
0
-1
-1
1
1
-2
1
0
1
1
2
1
0
0
0
0
0
0
-1
-2
1
1
1
-1
0
0
0
0
1
-1
0
-1
1
-1
0
0
0
1
0
0
2
-1
1
0
3
-1
0
1
1
-2
0
0
-1
0
0
-1
0
1
0
-2
-1
1
0
-1
0
-1
0
0
0
-2
1
0
1
1
1
1
-1
-2
1
-2
2
-2
1
-2
0
-1
-1
-1
0
-1
0
1
1
1
0
1
2
0
0
0
-2
0
0
-2
2
-1
-1
-1
0
0
1
0
1
2
1
-2
1
0
1
-1
0
-2
0
2
0
1
1
0
0
0
0
0
1
0
-1
0
1
1
-1
1
0
0
-1
0
-1
2
-1
0
-1
0
2
1
-1
-1
-2
1
0
0
-2
1
0
0
0
-1
-1
-1
-1
-2
1
0
0
0
-1
0
0
1
0
1
0
-1
1
0
2
-1
2
0
0
-1
1
1
-1
0
1
2
0
-1
1
1
0
0
1
-1
0
1
1
0
1
0
1
2
1
-1
-1
-1
1
0
-1
0
-2
0
-1
0
0
1
-1
1
0
1
3
0
0
0
1
2
-2
1
0
-1
-1
-1
0
2
-1
-1
0
1
1
-1
1
-1
0
-1
-1
0
0
-1
2
0
-1
-2
1
1
0
0
1
0
-1
1
1
-1
2
0
-1
0
0
0
0
-1
-1
0
1
1
1
0
0
1
0
0
1
-1
0
0
1
0
0
0
-1
0
1
1
0
-1
0
0
1
0
1
1
0
-1
0
0
-1
2
2
-1
1
1
-1
0
0
0
2
-1
-2
-1
-2
0
0
-1
-2
0
0
2
-1
0
1
1
0
0
1
2
0
0
0
1
1
2
3
-1
1
-1
0
0
0
1
2
0
1
-1
0
-1
1
-1
0
1
0
1
0
-1
1
2
0
0
1
2
0
-1
1
0
1
0
-1
0
1
0
-2
-1
0
2
0
1
1
0
0
0
0
0
1
0
-1
2
0
0
0
2
0
0
0
1
0
0
0
-1
0
1
-2
-1
-1
1
0
-1
-1
0
2
-1
1
1
0
0
0
-1
0
1
-1
0
0
-1
0
0
0
0
0
1
0
1
0
1
0
-2
-1
1
-1
0
1
-1
-1
-1
1
0
0
-2
-1
0
-1
-1
1
1
2
1
1
0
-1
0
1
-2
-1
0
1
-1
-1
1
-1
0
1
-1
0
-1
2
1
2
1
1
-1
0
0
1
1
0
-2
1
0
1
0
1
0
1
-1
0
-1
0
1
1
-1
-1
0
1
-1
-1
0
-1
1
-2
-1
-1
1
0
-1
-1
0
-2
0
0
-1
-2
1
0
0
0
0
1
1
1
1
-1
0
-1
1
0
1
0
1
-1
0
2
0
1
-1
1
0
0
0
0
1
0
0
-1
1
-1
-1
0
1
-1
-1
0
1
-2
1
0
-1
-1
-1
0
0
2
0
0
0
1
-1
-1
0
0
-1
-1
1
0
-1
0
1
0
2
0
0
0
0
0
-1
1
-1
1
1
2
-2
-2
0
-1
0
0
1
2
-1
-1
1
0
-3
1
-1
-1
0
-1
1
0
-1
2
0
1
2
1
0
1
-2
1
0
-1
0
0
0
0
0
1
0
1
-1
0
-1
1
1
2
-2
-2
0
0
-2
1
0
1
0
-1
-1
-1
0
0
-2
0
1
-1
1
1
-1
0
-1
1
-1
0
2
0
-1
0
-2
0
0
0
1
0
2
0
0
0
-2
1
0
0
0
1
2
1
1
0
-2
0
0
0
0
-1
-1
-1
-1
2
-2
0
1
2
0
-1
0
0
1
1
1
-1
0
0
1
1
-2
-1
0
-2
1
-2
1
-1
-1
0
-1
-2
0
-2
1
-1
1
1
0
0
-2
1
0
2
0
0
0
0
1
1
-1
2
-1
-1
0
1
1
-1
0
0
-1
-1
-2
-1
-1
0
-1
0
0
-2
-1
-1
1
-1
0
0
3
-1
0
0
-2
0
-1
1
1
0
0
0
1
0
1
-2
-2
1
-1
0
-1
-1
-1
-1
0
1
0
0
0
1
-1
-1
1
-1
0
2
0
-1
-2
0
0
-1
1
0
-1
0
1
0
-1
-1
2
-1
0
2
1
1
-1
0
0
0
1
-2
2
2
-1
0
0
0
-1
0
0
-2
-1
1
1
1
1
0
-2
2
-1
-1
-1
-1
1
0
-1
1
2
1
1
1
1
1
-2
0
0
1
-1
2
-1
-2
-2
1
-1
2
-1
0
0
0
2
0
0
-1
0
0
0
0
0
0
0
0
0
0
0
0
1
-2
0
1
0
1
-1
1
1
2
0
0
0
1
-1
0
0
1
1
1
0
0
-2
-1
-1
-1
0
-1
-1
0
0
1
-2
-1
2
-1
-1
-1
1
1
2
0
0
0
-1
1
-3
1
1
-2
1
1
-1
1
0
-1
1
1
-1
0
0
-1
2
-1
0
0
0
3
0
0
0
1
-1
0
1
1
1
0
1
0
1
-2
0
0
-1
0
0
-1
0
0
-1
1
-1
1
-1
-1
0
0
0
-1
1
0
0
0
1
1
0
-1
-1
0
0
1
0
-1
-1
1
0
0
2
1
-1
2
-1
0
-1
-1
1
-1
0
-1
1
0
0
1
-1
0
-1
-2
1
0
-1
0
1
-1
-1
-1
0
0
1
2
0
2
-1
1
0
-1
2
1
1
-1
-3
-1
0
0
1
0
-1
-1
2
-1
0
0
-1
-1
0
-1
1
2
-1
0
0
0
0
1
0
1
1
1
-2
1
0
1
-1
-1
-1
-1
-2
0
-1
2
0
-1
1
2
-1
0
0
1
0
1
-1
-1
1
1
-1
-1
-1
0
0
1
1
0
0
-1
1
-1
-2
0
-1
0
0
1
-1
-1
0
2
-1
1
1
0
0
-2
-1
0
-1
0
-1
0
3
-1
0
-1
1
1
0
0
-1
-1
-1
