50 100 1
0 39
1 9
1 48
2 1
2 18
2 20
3 21
3 23
4 10
4 44
5 4
6 26
6 30
6 38
7 15
7 23
7 24
7 40
7 47
8 27
10 12
10 38
10 43
11 37
12 0
13 28
14 13
14 28
15 22
15 23
16 15
17 4
17 36
19 27
19 30
20 41
21 36
21 39
23 2
24 0
24 2
24 6
24 32
24 42
24 44
25 29
27 17
27 34
28 33
28 42
28 45
29 34
30 1
30 8
30 27
30 33
31 27
31 30
31 38
32 11
32 13
33 8
33 11
33 17
33 34
33 43
33 46
34 3
34 7
34 30
34 41
35 1
35 30
35 46
36 32
36 47
37 28
38 26
38 38
38 40
39 9
39 11
39 27
39 41
40 36
41 9
41 34
41 42
42 19
43 11
43 14
43 29
44 29
44 37
44 48
45 12
45 49
46 14
48 49
49 27
61
83
76
18
15
29
78
5
14
59
72
17
21
26
12
74
88
57
7
87
71
41
16
23
90
38
91
51
94
56
1
22
2
39
50
55
89
77
19
4
52
9
45
60
70
82
69
33
28
47
79
81
36
85
95
11
49
44
66
73
27
46
65
13
80
97
62
68
37
93
35
63
43
58
30
64
3
0
98
54
48
24
84
42
40
20
8
34
53
25
31
67
86
32
10
75
92
96
99
6
1
1
-1
0
-1
1
-2
0
-1
0
-3
0
-1
0
0
0
2
-1
1
1
2
0
0
0
-1
1
0
0
1
0
0
-2
1
2
0
0
-1
0
1
0
0
-1
0
-2
2
2
0
1
0
1
-1
2
-1
-1
0
0
1
1
1
-1
4
0
1
-1
-1
-1
0
0
0
0
3
0
1
-1
0
-1
-2
0
-1
1
-1
1
0
1
-1
-1
0
-2
-1
1
2
0
-1
0
-1
0
2
2
0
1
0
0
1
-1
-1
0
-1
1
0
-1
2
0
0
0
0
0
0
-1
1
0
0
0
-1
0
0
-1
0
-2
-1
-1
-2
-1
0
-2
0
0
0
2
2
0
0
0
0
1
0
-1
1
-1
1
-2
-1
-1
0
0
1
1
0
0
1
-1
1
-1
0
-1
-1
0
1
1
0
-1
0
0
2
1
0
-1
1
-1
0
0
0
0
1
0
0
-2
0
0
2
0
0
1
-1
-1
-1
-1
-1
1
0
1
-2
0
1
0
-1
0
1
-2
-1
0
0
1
0
0
0
0
0
0
0
-1
1
1
1
1
2
0
-1
1
1
0
0
1
2
1
-1
1
0
0
-1
-1
0
-1
0
0
1
-1
-1
0
-1
0
-1
0
0
1
-1
0
-1
-2
1
1
-1
-1
1
0
0
-1
2
2
1
0
-1
-1
0
2
0
0
2
0
0
1
0
1
1
-1
-1
1
1
-1
-1
-1
1
-1
1
-1
0
1
0
-1
0
0
0
-1
0
2
1
-2
0
0
0
-1
1
0
1
2
0
0
-2
0
-1
0
-1
0
-1
-1
0
0
0
-1
0
1
-2
3
0
-2
0
-1
0
0
-1
-1
0
0
0
-1
2
-1
0
0
2
0
0
0
0
1
0
1
1
-1
1
-1
0
-1
0
1
0
-1
2
1
0
-1
-2
-2
1
0
1
0
1
1
-1
0
2
1
0
2
1
0
0
0
0
0
-1
0
3
-2
1
-1
0
2
0
-1
1
0
1
0
0
-1
3
-1
-1
1
1
0
0
1
0
1
1
0
0
-1
-1
0
0
-1
0
-1
1
0
2
0
0
1
-1
-2
1
0
-2
1
-1
0
0
1
0
0
0
0
1
1
-1
-1
1
0
-1
-1
-2
-1
0
1
-1
0
0
-1
0
0
0
-1
2
0
-1
1
1
1
2
0
0
2
2
1
-1
1
0
0
-2
1
1
-1
0
-1
1
1
1
-1
-1
0
0
0
-2
-1
1
-1
-2
1
-1
0
-1
0
0
2
0
-2
0
0
-1
-1
-1
0
0
0
1
1
0
-1
1
0
-1
0
0
-1
-2
1
2
0
0
0
1
0
-2
0
-1
0
0
-1
1
0
1
0
0
2
1
1
-1
2
1
0
0
0
-1
-1
0
0
-1
0
-2
-1
0
0
0
-2
0
0
0
0
1
0
0
0
0
0
0
-1
-1
1
0
-1
1
2
-2
0
1
-1
1
-1
0
1
0
-2
-1
1
1
1
0
1
-2
0
1
0
1
-1
0
1
0
-1
0
1
1
1
0
-1
1
-1
0
-2
3
-2
-1
-1
0
1
-1
0
-1
-1
-1
0
0
2
0
1
1
0
1
0
-2
1
-1
0
1
0
0
-2
1
0
1
1
0
0
2
-1
0
-1
0
1
1
0
0
0
1
2
-1
-1
0
-1
0
-1
-1
0
0
1
-2
0
-2
-1
1
0
0
-2
1
-2
1
0
0
0
0
0
1
1
2
-1
2
-1
1
2
0
2
1
2
-1
0
-1
-1
0
-2
1
1
-1
0
0
1
0
-2
1
-2
0
-1
0
1
-1
-1
0
-1
0
0
2
0
0
-1
-1
1
-1
0
-2
-1
-2
1
-1
0
-1
1
1
1
-1
0
-1
0
0
0
-2
0
0
-1
-1
0
0
-1
1
0
0
2
1
0
0
-1
0
0
-1
-1
1
1
1
0
2
1
2
1
1
-3
2
0
1
0
1
0
1
-1
1
2
-1
0
-2
1
0
0
-1
2
-2
0
2
0
2
1
-2
0
2
-1
-2
-2
0
1
-1
0
-2
-1
1
0
2
0
0
-2
0
-1
0
0
-1
-1
0
0
-2
1
1
-2
1
0
0
0
-2
0
0
1
0
0
1
0
-1
-1
-1
-2
-1
2
-1
-1
2
0
1
-2
1
0
-1
0
1
1
-1
2
0
1
0
0
0
0
-1
1
1
2
-1
-1
1
0
0
-1
0
-1
0
-1
0
0
-1
2
-1
0
0
0
0
0
0
1
0
0
-1
2
-1
0
-1
-1
1
-1
0
1
1
-1
0
1
1
-1
0
-2
1
1
-1
1
0
-1
-1
1
-1
0
0
0
0
0
-1
-1
0
-2
-1
2
-1
0
0
1
-1
2
0
0
0
2
0
0
0
0
0
0
-1
0
0
0
0
-1
0
1
0
1
0
-2
0
0
-1
-1
1
1
-1
0
1
1
0
-1
0
-1
-1
-1
0
1
-1
-1
0
1
0
0
-2
1
0
0
0
1
0
0
1
2
0
0
-1
0
0
0
2
1
0
0
1
1
-2
0
-2
-2
-2
0
1
0
-1
0
1
1
-1
1
-1
0
0
2
-1
-1
0
0
1
0
-1
0
0
-1
0
0
0
0
-2
-1
0
-1
1
2
-2
-1
1
-2
1
0
-2
0
2
-1
0
0
-1
0
1
1
0
-1
0
1
1
1
0
0
-1
-2
0
0
-2
-1
1
2
0
1
0
0
0
1
0
-1
0
-1
-1
2
0
1
1
0
1
1
0
0
0
1
0
1
0
0
0
-1
0
-1
1
1
1
1
-3
-3
0
0
1
0
0
0
0
0
1
-1
0
1
1
0
0
2
-1
1
1
1
1
1
-1
0
-1
1
-1
1
0
0
-1
0
-1
-2
-1
1
0
1
0
2
-1
0
2
0
0
-1
2
0
-1
0
0
-2
0
-1
2
0
1
0
-1
-1
0
1
0
-1
0
0
0
-1
1
0
1
2
1
0
0
1
-2
1
0
-2
0
0
-1
-1
-1
-2
0
1
0
-1
2
0
0
0
0
0
1
0
0
0
1
0
1
-1
0
-1
0
-1
0
-2
1
-2
1
-1
-1
0
0
0
-1
-1
-1
1
0
0
-2
2
1
-1
0
-2
0
-2
1
-1
1
1
-1
0
0
0
1
-3
0
-1
2
-1
1
0
-2
0
-1
0
-1
0
0
1
0
2
1
-1
1
1
-1
0
0
-1
1
1
-1
0
-1
0
1
-1
1
-1
-1
0
-2
1
1
1
-1
2
0
2
1
0
2
0
0
0
2
-1
-1
1
1
1
2
0
0
0
-2
-2
1
0
1
-1
1
2
1
0
-1
-1
2
1
2
-1
1
-2
-1
0
0
0
1
-1
1
0
1
-1
1
1
-1
2
1
1
-1
2
0
0
1
1
0
1
0
-1
1
1
-2
-1
-1
1
0
1
0
1
0
0
0
0
0
-1
1
-2
0
1
1
2
-2
-1
0
-1
0
-1
1
-1
1
-1
0
-1
1
-1
1
0
-2
1
-1
0
0
1
-2
1
-1
0
1
1
0
0
-2
-1
0
0
0
0
0
-1
0
0
-1
2
0
1
0
0
2
0
0
-1
1
0
3
1
0
-1
0
-1
1
0
0
0
0
1
1
1
1
1
0
0
0
0
-1
-2
0
-2
1
0
-1
-1
0
0
2
0
0
1
1
0
2
0
-1
0
-1
0
0
1
-1
1
1
0
0
0
1
-1
0
-2
1
1
-1
-1
1
-1
0
0
1
1
-1
1
1
0
-1
-1
1
1
1
-1
-1
0
1
0
1
-2
0
-2
-1
0
-1
1
2
0
-2
0
-1
-1
-2
0
-1
0
2
-1
2
1
1
0
0
1
1
0
0
0
-1
-1
1
0
1
2
-1
-1
0
-1
1
2
0
1
1
1
2
-1
0
0
1
-2
0
-1
1
0
0
1
0
0
1
1
0
0
0
-1
0
0
-1
0
0
0
0
-2
1
1
-1
-1
-1
1
-1
-1
1
0
0
-1
0
-1
-1
-1
-1
1
-1
-2
-2
0
0
-2
2
1
-3
0
-1
0
0
-1
0
-1
-1
0
2
0
1
-1
0
1
-2
0
1
-1
-3
1
-1
-2
-1
-1
0
0
1
2
1
2
-1
-1
0
-1
-2
0
0
0
-1
0
2
-1
1
-1
1
0
1
2
0
1
-1
1
-1
-1
0
2
0
-1
-1
-1
0
-1
1
-1
-1
0
-1
-1
-1
-2
-1
0
2
1
0
2
1
-1
-1
0
0
1
-1
0
0
0
-1
-1
1
0
0
1
-2
-1
0
-1
0
-1
0
1
-2
0
2
-2
0
-1
-1
-1
0
1
-1
-1
0
1
0
0
2
1
0
-1
-2
0
0
0
-1
2
1
0
-1
2
-1
-1
0
1
0
0
0
0
0
0
1
-1
1
0
0
0
-1
1
-1
1
-3
-1
-1
-1
1
0
0
-2
0
0
0
0
-2
0
-1
0
-2
0
0
-1
-1
-2
0
0
-1
1
-1
-1
-1
1
0
-1
-1
0
0
1
-1
1
-1
-1
1
-1
0
0
1
1
-2
-1
1
-1
1
0
-1
0
-1
0
-2
1
1
1
0
1
1
1
-1
0
-2
0
0
0
0
0
1
-1
0
0
0
-1
-1
2
0
-2
0
0
-2
0
0
1
-2
0
0
1
0
0
-2
2
1
-1
1
-1
0
0
0
1
0
0
0
1
2
-1
0
-1
0
1
0
1
0
1
0
0
0
-1
1
0
0
-1
1
-1
0
2
1
0
0
0
-1
-1
1
-1
1
0
0
-2
-1
1
1
1
-1
-1
-1
-1
-2
1
-1
0
-1
-1
1
1
-1
0
1
2
-1
-1
-1
1
0
-2
1
0
0
-1
-1
0
1
-1
1
-1
0
2
1
0
1
-1
0
1
0
0
2
2
1
1
-2
1
0
0
1
1
0
1
-2
0
0
0
-1
-2
-1
1
0
-1
0
2
-1
-1
0
-1
0
0
0
1
2
0
-1
0
1
-1
-1
0
0
-1
1
1
-1
0
-1
0
0
0
1
1
-1
0
2
1
0
1
0
0
-2
0
2
1
1
1
-2
0
1
1
-3
2
-2
1
1
-2
0
-1
0
0
0
0
-1
-2
0
0
0
-1
1
0
1
-1
1
0
1
-1
0
1
-2
0
-1
-1
-1
-1
0
0
1
-1
0
-1
1
1
-1
0
-1
1
0
2
-1
0
1
1
-1
0
-1
1
0
2
1
0
-2
0
-1
1
1
1
0
-1
1
1
-1
1
0
0
-1
2
0
0
2
2
0
2
0
0
0
0
1
1
1
-2
0
-2
0
-1
0
1
1
-1
-1
1
-1
0
1
0
-2
0
3
1
-2
0
0
2
-2
1
-1
0
1
1
1
0
2
-2
2
-2
1
0
-1
-1
1
0
-3
1
-1
1
0
1
0
-1
2
0
0
0
0
-1
2
0
0
1
1
-1
0
0
0
0
0
0
0
0
-1
0
1
-1
0
-2
1
0
-2
0
-2
-1
-1
-2
1
2
0
-1
1
-1
1
1
-1
-1
-2
-1
0
-1
-2
0
1
0
-1
-1
-1
-1
0
-1
-1
1
0
0
1
0
0
1
-1
-2
-1
1
0
0
0
1
1
-1
1
-1
0
1
0
-1
0
0
1
0
0
1
0
1
1
-1
1
-1
-1
1
-2
1
-1
0
0
0
0
-1
0
0
1
0
0
1
3
-1
1
-1
-1
2
1
0
0
-1
0
0
0
0
2
0
0
0
1
1
0
0
-1
1
0
0
0
0
0
0
3
-1
-1
2
0
-1
-2
-1
1
-1
-1
-1
2
0
0
-1
-2
0
0
1
1
0
-1
0
-1
0
0
-1
-1
-1
0
2
0
0
0
1
0
-1
-2
-1
-1
1
-1
0
0
1
-1
-1
1
1
-2
1
-1
-2
0
2
-2
-1
0
0
1
1
0
0
0
0
1
-1
1
-1
1
0
0
0
0
0
-1
0
0
0
-1
0
1
0
0
0
1
-1
-1
2
0
1
1
-1
1
-1
1
1
0
-1
-2
1
0
-2
0
-1
1
1
0
2
1
-1
-1
-1
-1
0
0
-1
1
0
0
1
1
0
1
-1
-1
-1
0
0
0
-1
0
-1
0
0
1
-1
-1
1
-1
0
0
1
-2
2
0
-1
-1
1
1
-1
-1
0
0
-1
0
1
0
-1
0
-1
1
1
-1
-1
1
0
1
-2
0
-2
-1
0
0
-1
1
0
0
0
1
1
0
1
-1
1
1
1
-1
1
-2
0
1
-1
2
1
-1
-1
0
1
1
0
-2
0
-2
0
-1
-1
0
1
1
-1
-1
0
0
1
-1
0
0
-1
-1
1
0
0
0
-1
1
0
0
-2
0
0
-2
0
1
-1
-2
0
-2
-2
0
2
2
1
-1
1
0
-2
0
1
0
3
0
3
0
-1
-1
0
1
1
-1
0
1
-1
1
-1
0
-1
1
1
1
0
1
-1
0
-2
0
0
0
-1
0
1
0
0
1
-1
-2
1
-1
0
1
-1
2
0
0
4
-1
-1
-1
-1
1
1
0
1
0
0
1
1
0
0
0
0
1
-2
0
2
0
0
1
0
-1
2
-1
1
0
-1
0
1
0
-1
-1
2
0
1
0
1
-1
1
-1
-2
0
-2
1
-1
1
0
1
0
-2
-1
0
1
0
-1
1
1
0
-1
0
2
1
-1
1
0
0
-1
2
0
-2
0
-1
1
-2
1
-1
-1
-1
-1
-1
-1
1
-1
0
0
-1
0
0
0
3
1
-2
-1
-2
0
1
0
1
-2
-1
0
-1
1
-1
0
-2
0
0
1
0
1
0
0
0
1
-1
0
-1
0
0
-1
-1
1
0
1
-1
0
-1
0
0
2
-1
2
1
0
1
1
0
1
-1
-1
1
3
1
-1
-3
-1
-1
-2
0
2
2
0
0
0
-1
-1
-1
0
-1
-1
0
0
2
0
-1
-1
-1
-1
-1
1
-1
-1
-1
0
0
-1
0
0
0
1
0
-1
1
-1
-1
0
0
2
2
1
1
2
1
0
0
1
2
-2
0
-1
2
0
0
0
0
0
1
-1
2
0
1
2
0
0
1
1
-2
-1
0
1
1
-1
-1
-2
-2
-1
-1
0
-2
1
1
0
1
2
0
-1
-1
1
1
0
-1
1
0
-1
-1
-1
0
0
1
-1
-1
0
0
0
0
0
1
-1
0
0
0
0
0
1
-1
0
1
0
0
0
1
0
0
-1
1
-1
0
0
-1
0
0
1
0
2
-1
0
2
-2
0
1
2
-1
0
0
1
2
0
-2
0
1
1
-1
0
1
-1
-2
1
0
0
1
1
1
1
0
0
0
0
-1
0
1
1
0
1
0
0
-1
-2
1
0
-1
0
-1
0
1
0
1
-1
2
-2
2
0
1
1
1
0
1
0
-1
0
0
0
-1
0
-1
2
0
0
-1
2
2
0
1
1
0
1
1
0
1
2
-2
-1
0
0
0
0
0
0
0
0
-1
-1
1
1
-1
0
0
0
0
0
2
1
0
-1
0
0
-1
3
1
0
1
-1
0
0
0
-1
1
-1
-1
2
1
-1
-1
1
2
2
2
0
-1
-1
1
2
0
1
1
-1
-1
-1
1
0
3
0
3
-1
0
1
-2
0
1
0
1
-1
-1
-1
-2
0
2
0
0
0
-1
0
0
-1
-1
0
1
1
-2
-1
0
2
2
2
1
1
0
-2
0
-1
1
0
-1
1
1
1
0
0
0
0
-1
1
0
1
-1
0
0
-1
1
1
0
-1
-1
0
0
1
-2
1
0
-1
1
1
-1
-1
0
-2
0
-1
-1
-1
-1
0
1
-1
0
-1
0
0
-1
-1
0
0
0
1
0
1
0
0
1
-2
0
1
-1
-1
-1
1
1
0
1
-1
0
0
2
-1
1
0
0
0
0
1
-1
-1
0
0
0
0
2
1
-1
-2
1
0
0
1
0
0
0
1
0
0
0
-1
0
-1
0
0
1
-2
0
0
1
2
0
-2
1
0
2
1
-3
-1
1
-1
-1
0
0
0
0
0
0
1
1
0
1
0
1
-1
1
-2
0
1
0
0
-1
1
1
1
1
-1
0
-2
1
-2
0
1
-1
-2
1
-1
0
1
1
-1
1
-3
0
1
0
0
-1
-2
-1
-1
-1
0
0
1
0
1
0
-1
1
1
0
1
-1
0
0
0
0
0
0
1
0
1
1
1
1
-2
0
0
0
0
0
-1
-1
-1
0
1
-2
0
-2
1
0
-1
-1
-1
1
2
-1
-2
1
0
1
0
0
1
0
1
0
0
1
-1
1
-1
1
2
-1
-1
-1
0
3
-1
1
-1
2
-1
0
0
0
-1
-1
0
0
-1
0
0
0
2
-1
0
-1
0
1
-1
0
0
0
1
-1
-1
-3
1
1
-1
-1
-1
1
0
0
1
1
0
0
1
-1
-1
1
-1
0
0
0
0
0
0
-1
2
-1
-1
-1
-1
-1
0
0
-1
-1
-1
0
0
1
0
0
0
0
0
0
1
0
1
-2
0
1
1
0
0
0
-1
-1
0
1
-1
-1
0
1
1
1
1
-1
1
1
0
1
1
-1
0
0
0
-1
2
0
0
0
0
2
2
1
1
1
-1
-1
0
0
0
1
-1
-1
1
0
0
1
0
0
1
2
1
0
0
2
1
0
1
1
0
0
-1
0
0
-1
1
0
1
0
1
1
-1
2
1
-1
-1
-2
0
0
0
-1
-1
0
-1
0
0
0
1
0
-1
0
0
1
2
-1
-2
-1
1
-1
-1
0
-1
0
0
1
0
0
1
0
0
2
0
0
1
-1
-1
1
1
-1
1
0
1
-1
-1
-2
1
0
-1
0
0
-1
1
1
-2
0
-1
-1
1
-2
1
-1
-1
0
0
0
1
0
1
-1
-1
-2
0
0
0
-1
1
-1
-1
-2
-2
0
0
0
0
1
-2
-1
1
0
2
-2
0
-2
1
0
-3
-2
3
0
0
0
-1
1
0
-1
1
1
-1
0
0
2
0
-1
0
0
-2
-2
0
-1
-1
1
1
-1
0
1
2
0
-2
-1
0
0
1
-1
0
1
-1
-1
-1
0
0
0
2
0
1
1
0
0
1
-1
0
0
0
-1
0
-1
1
0
1
0
0
-1
0
0
1
-1
-1
0
-1
0
-1
1
0
-1
1
1
-1
-1
1
-1
-1
0
1
1
-1
0
0
0
0
-1
0
-1
0
1
0
-1
0
0
1
0
0
0
1
0
-1
-1
0
0
-1
0
0
2
0
-1
0
1
-2
-2
0
0
2
-1
-2
0
1
1
-1
-1
-1
0
0
1
0
1
-1
1
0
0
0
0
-2
-1
0
1
1
-1
0
-1
-2
-1
0
-1
-1
2
-1
1
1
-1
0
4
0
0
-2
-2
3
0
0
0
0
1
-1
-1
-2
-1
0
1
4
-1
0
0
0
0
1
-2
-1
-2
1
1
-2
-1
0
0
0
-1
0
-1
0
1
1
-2
3
0
1
2
1
-1
0
0
-2
0
-1
-1
0
0
1
1
0
-1
0
2
1
2
-1
0
-1
-2
0
1
-1
1
1
0
-1
0
1
1
1
0
-1
0
-1
1
-2
0
2
0
0
-1
0
1
0
-2
-1
1
1
-1
2
2
-1
2
-2
0
0
1
0
0
-1
1
0
1
-1
0
0
-2
1
-2
-2
0
-1
-1
0
-1
1
0
1
-2
0
0
1
0
1
0
-2
0
-1
0
0
1
1
0
1
0
-1
0
-1
-1
-1
-1
-2
0
-1
1
0
0
2
-1
0
1
1
1
2
1
1
1
0
-1
0
-1
0
-1
-1
1
1
1
-1
0
1
-1
-1
-2
-1
1
0
0
1
0
-1
1
-1
1
-1
2
1
0
-1
1
-1
-1
1
-1
0
0
0
1
2
-1
-3
0
1
-2
-1
0
0
-2
2
-1
0
-2
1
-1
1
0
2
0
2
0
1
0
0
1
2
1
1
0
0
0
-1
0
0
1
-1
0
0
-1
-1
-1
1
-2
-1
1
1
0
-1
-1
1
2
0
-1
0
1
0
0
0
1
-2
-1
0
2
1
-1
0
1
1
0
-2
0
-1
-1
1
0
0
-1
1
0
0
-2
0
-1
-1
1
-1
1
0
-1
0
-2
-1
1
1
0
-2
1
2
0
1
0
0
-2
1
0
1
1
2
1
1
2
0
0
1
0
0
-1
0
0
-1
-2
-1
1
1
-1
0
2
-1
2
1
0
0
0
-1
0
1
1
-1
1
1
0
0
0
-1
1
1
-1
-1
-1
-1
0
0
0
-1
0
0
-1
-1
-3
1
-2
0
-1
0
1
-1
-1
-1
-1
1
1
-1
1
0
0
-1
1
0
0
-1
-1
0
-1
-1
1
1
2
1
-1
2
-1
-1
2
0
1
0
0
-1
1
0
0
0
1
-1
0
1
0
-2
-2
0
-2
0
-1
0
0
-1
2
2
1
2
1
1
-1
-1
0
-1
-1
0
0
0
-1
-1
0
0
-1
1
-1
1
0
0
1
1
1
0
1
1
1
-1
1
-1
0
0
2
0
1
0
2
0
0
1
1
-1
0
1
-2
-1
0
1
2
0
0
0
1
-1
1
-1
-1
1
1
0
-1
0
1
0
1
0
0
-2
-1
1
0
0
0
-1
-1
0
0
1
0
-2
0
0
-1
0
-1
0
0
0
0
-2
1
0
0
0
1
0
0
0
1
1
0
1
1
-1
-2
-1
0
-1
1
-1
-2
1
0
0
1
1
0
1
2
0
1
1
-1
0
1
-1
1
-1
1
1
-1
1
-2
-1
0
-1
0
-1
-1
0
0
0
-2
0
-1
-2
-1
0
0
-1
-1
0
0
0
1
0
0
0
0
-1
0
0
-1
2
0
-1
0
1
1
0
1
0
0
0
0
0
-1
-1
0
1
-1
0
2
-1
0
0
-1
1
0
1
-2
0
0
-1
1
0
0
-1
1
-1
-1
1
0
0
0
-1
-3
1
1
-2
0
0
1
2
0
1
1
-1
1
-3
1
0
1
-1
0
0
0
0
-2
-1
2
0
-1
-1
0
1
1
0
1
0
1
-1
-1
1
1
0
0
1
1
1
0
1
-1
0
0
0
1
0
1
-1
0
2
0
0
0
1
-1
-2
2
-1
0
1
0
1
1
0
2
-1
-1
1
1
0
1
0
-1
0
2
0
0
0
-1
1
-1
-1
0
-1
1
-2
1
1
2
0
0
1
-3
1
0
0
-2
1
-1
0
1
1
2
0
1
0
-1
-1
1
-3
-2
0
-1
0
-1
2
0
1
-1
-1
0
2
0
-1
1
0
-1
0
-1
-1
2
-1
-1
0
0
0
1
0
0
1
1
0
1
-1
2
0
-1
0
1
0
1
0
-1
0
1
1
0
-1
1
-1
-2
1
1
-1
0
1
1
0
0
0
0
-1
-1
-1
0
1
1
0
-1
0
0
-1
-1
0
0
0
-1
-1
1
0
1
0
-2
-2
1
1
1
0
0
-1
-1
1
0
2
-1
1
-1
0
0
1
1
-2
1
1
1
-2
1
0
0
-1
-1
1
-1
-1
1
1
0
-2
0
0
0
2
1
-1
-1
0
0
1
0
0
1
0
1
0
0
1
2
0
0
0
1
1
-1
0
0
-1
-1
0
-2
0
0
-1
1
0
1
-1
0
-1
2
-1
-1
0
-1
1
-2
0
1
0
-1
-1
0
-2
-1
-1
0
0
0
-1
1
1
0
0
-1
1
1
-2
0
-2
-1
0
2
1
0
0
-1
0
1
-1
0
-1
0
0
1
0
0
-1
2
0
-1
0
0
-1
1
-1
1
1
0
-2
-1
-3
0
-1
1
0
-1
0
-1
0
2
1
3
1
-1
1
-1
1
-1
-1
0
0
1
-2
0
-2
-1
0
0
0
-1
1
2
1
-2
1
0
0
-1
0
0
0
0
1
2
-1
1
3
1
-1
-2
0
-1
2
1
-1
0
0
-2
0
0
-1
-1
0
0
0
-2
0
1
0
0
0
0
-1
1
0
2
0
0
-1
1
1
0
-1
1
1
-2
0
-1
-1
0
-1
-1
-1
1
0
-1
-1
0
-1
1
2
1
0
-1
0
1
0
-2
1
0
-1
1
1
0
0
0
0
0
0
-2
-2
0
0
0
1
-1
1
-1
-1
0
-1
0
0
0
1
2
-1
0
-2
-1
-2
0
0
0
2
-1
-1
1
0
1
-1
-1
-2
2
-1
2
0
1
1
-1
-2
1
0
2
0
0
1
-1
1
0
2
-1
1
1
0
-1
1
-1
0
1
1
1
0
0
1
0
1
-1
1
-2
-1
1
-1
-1
-1
0
0
-1
-1
-2
0
1
0
1
-1
1
0
0
0
-2
2
2
2
-1
-2
-1
1
-1
-2
-1
0
0
-1
0
-1
0
0
1
2
1
1
0
1
1
1
0
0
0
1
0
0
0
2
0
1
1
0
1
-2
0
1
0
0
0
1
1
-1
0
-1
0
1
-1
1
1
2
-1
0
0
0
-1
-2
-1
0
1
0
1
2
2
0
-1
-1
3
1
-1
0
1
-2
1
0
0
0
-1
-1
-1
1
0
2
-1
0
-1
-1
-1
-2
0
0
-1
-1
0
1
1
1
0
-1
0
0
-1
1
1
-1
-1
-1
0
0
0
0
-3
2
-2
-2
-1
-1
-1
1
1
0
1
-1
0
2
0
0
-1
0
-1
0
-2
-1
1
2
-2
1
1
1
1
1
0
1
-1
1
0
-1
-1
0
0
0
-2
-1
-1
-2
1
-1
-3
1
-1
0
-1
-1
0
0
0
1
1
0
0
1
1
1
1
1
1
2
-2
-1
-1
-2
-1
0
1
0
0
0
1
-2
1
-3
-1
1
-1
-1
-1
0
1
1
0
2
1
1
1
-1
-1
-1
-2
0
2
0
0
0
0
0
1
0
1
0
-1
1
1
2
-1
0
1
0
-1
0
0
0
1
1
1
2
1
1
0
-2
1
2
0
1
0
1
1
1
0
2
1
-1
0
0
0
0
0
0
0
-1
-1
-2
2
1
1
2
0
1
-1
1
0
-1
0
0
2
1
-2
-1
-1
1
1
1
0
2
0
-1
0
0
-1
0
-1
1
-1
0
1
0
-1
0
0
0
1
-1
-1
0
1
0
-1
2
1
0
0
1
0
-1
0
0
2
0
-1
-1
0
1
-1
1
-1
1
-2
-1
2
-1
1
-1
-2
1
0
0
1
-1
0
-1
0
-2
1
1
-2
-3
0
0
-1
0
-1
1
0
0
1
0
0
0
1
1
1
1
0
-2
-1
-1
-1
0
-1
0
0
1
0
0
-1
0
1
-1
0
0
1
2
-1
1
1
-2
-1
-1
0
0
0
0
0
0
0
0
0
0
0
1
-1
1
-1
1
1
1
-1
1
1
0
0
1
0
-1
-1
1
0
0
0
2
-2
0
0
-1
-1
2
-1
0
0
0
1
-1
-1
-1
1
-1
0
1
0
-1
0
-1
-1
0
0
-1
0
-2
0
0
-2
3
1
0
-1
1
2
1
1
0
1
0
2
0
0
0
-2
-1
1
1
-2
1
-1
2
-2
0
1
1
2
1
-1
1
-1
2
-1
1
2
0
1
0
1
1
0
1
0
1
0
-1
-1
0
1
0
1
1
1
0
0
0
-1
1
-1
1
0
-2
0
-1
-2
0
1
-1
2
0
1
2
-1
1
-1
1
0
0
0
-1
0
-2
-2
0
0
1
1
-1
2
-1
2
-1
1
1
1
0
1
-2
0
3
1
-2
0
0
1
0
-1
-2
1
1
0
1
0
-1
0
1
2
0
1
-1
0
0
1
0
-1
1
1
0
0
2
0
1
0
0
-2
1
2
0
0
-2
1
0
-1
-1
0
0
-1
0
1
-1
0
1
0
-1
0
0
0
0
0
-2
-1
-1
0
0
0
1
0
1
2
0
1
1
-1
0
0
2
-1
-1
0
0
-1
2
0
-1
0
1
0
1
-2
-1
0
1
-1
1
0
0
-1
0
-1
0
-1
-1
0
-1
-1
0
-1
0
-1
1
0
-2
0
0
-2
0
1
-1
1
-1
-2
1
0
-1
0
-1
0
0
-1
1
-1
-2
0
0
0
1
-1
-1
1
2
1
-1
0
1
1
2
1
2
0
-1
0
0
2
0
0
-1
0
0
0
-1
1
0
1
-1
-1
-1
1
-1
-1
0
2
0
0
-2
-1
0
0
-1
-2
-1
1
1
1
-1
-1
-1
1
0
0
0
0
0
1
1
-1
1
-1
2
0
0
1
-1
1
0
0
0
1
0
1
-1
1
0
0
-1
2
0
-2
0
0
-1
0
-1
0
1
1
-1
2
-1
0
1
-1
-1
1
0
0
1
0
1
2
0
1
-2
-1
1
-2
-1
1
-2
0
0
0
1
1
0
-1
0
-1
1
-2
-1
-1
2
1
1
0
0
1
2
1
2
1
1
-2
-1
0
-2
1
0
0
-1
-1
0
-2
2
0
1
2
2
0
-1
-1
0
-2
1
-1
2
-1
-1
0
1
0
0
0
0
0
1
0
0
2
-1
-1
-1
0
0
2
0
1
0
0
-1
1
1
1
-1
1
-1
0
0
-1
2
1
-1
-2
1
1
2
2
-2
-2
0
0
-1
1
-1
1
0
-1
0
0
-1
-2
0
0
0
1
0
1
0
0
2
0
0
2
1
0
0
0
0
0
1
1
1
1
0
0
0
0
0
2
0
-1
1
0
0
0
0
1
1
0
0
0
2
2
0
-1
-1
-2
0
0
1
1
0
-1
0
0
-1
1
1
1
0
-1
0
1
0
-1
-1
-1
-1
0
-1
0
0
1
1
-1
0
0
-1
-1
0
0
-1
-1
1
2
0
0
1
0
0
0
1
0
0
-2
1
-1
0
1
0
-1
-1
0
1
-1
2
1
0
-1
-2
0
-1
2
0
0
1
2
2
2
1
0
0
-1
0
0
0
0
0
1
1
-1
2
1
1
0
0
0
0
0
0
-1
-2
0
0
0
-2
2
0
1
-2
0
1
0
1
-1
-1
1
-1
-1
-2
-1
0
-1
2
0
-2
0
0
1
0
0
0
0
0
2
1
-1
-1
1
0
-1
1
-1
0
0
1
1
-1
0
-1
0
0
1
1
0
-1
-1
-1
1
0
0
-1
1
1
-1
0
2
0
1
1
0
0
-1
0
0
0
1
2
0
-1
1
1
1
0
0
-1
0
0
0
-1
-1
-2
0
-1
-1
1
-2
1
0
0
0
1
0
-1
2
0
-1
-1
0
0
0
0
0
-2
1
1
2
0
0
1
1
-1
0
-2
1
2
-2
-1
-1
2
-1
0
-1
0
2
0
0
-1
1
0
0
-2
0
1
-1
0
2
0
0
0
-1
-1
1
1
-1
-1
1
2
1
1
0
1
0
0
1
0
0
0
-2
-1
0
0
-1
-1
1
1
1
-1
2
0
-2
-1
1
2
0
1
0
1
0
1
0
0
-1
1
0
0
-1
-1
1
-2
1
-1
-1
-1
1
0
-1
1
-2
1
0
-2
-1
1
-1
0
-1
-1
0
0
-1
0
-1
-1
0
-1
-1
-2
-2
0
-1
1
0
-1
-1
1
1
-1
0
0
0
2
1
2
-1
0
-3
0
1
0
1
0
2
-1
0
-2
2
-1
1
0
1
1
-2
-2
-2
1
1
1
0
1
-2
0
1
0
-1
2
1
0
1
1
-2
0
-1
0
1
0
-3
0
0
-2
3
1
-1
0
0
1
-1
0
2
-2
-1
1
0
1
-1
-2
1
1
0
0
1
0
1
1
0
0
0
1
-1
0
-1
0
1
0
1
0
0
-1
-1
0
0
-2
-3
0
3
-1
-2
-1
0
0
-1
0
0
1
2
1
1
-3
1
1
1
0
1
2
0
0
1
0
-3
0
1
-1
2
1
1
0
1
0
0
0
-1
-1
-1
0
1
0
0
-1
0
-3
0
0
1
0
-1
1
1
0
0
2
-1
-1
1
0
0
1
3
-1
1
0
0
1
-1
-1
1
0
1
0
1
0
1
-1
0
-1
1
1
0
-2
-1
-1
0
0
0
-1
-2
2
-2
2
-1
-1
-3
1
-1
3
1
-1
-1
-1
-2
-1
1
-1
0
1
1
2
0
1
0
1
-2
0
-2
-1
0
0
0
0
0
-1
0
0
2
-3
0
1
3
1
0
0
-1
-1
2
2
0
-1
0
0
-2
0
1
2
-1
-1
-1
0
0
0
-1
1
1
1
1
2
1
-1
2
0
0
0
1
-1
0
1
1
0
1
0
0
-1
-1
0
0
-1
1
-2
1
0
-1
-1
-3
-1
-2
0
0
-1
2
-2
-1
0
0
0
0
0
-2
1
0
1
-1
-1
1
1
1
-1
-1
1
0
-1
1
0
0
-1
0
1
-2
-1
0
0
-2
-1
0
-1
1
0
1
-1
0
1
0
-1
0
1
1
0
0
3
-1
-1
1
-1
1
0
-1
0
2
1
0
-1
1
-1
-1
1
1
0
2
-2
1
2
0
-1
0
0
0
0
1
1
1
1
1
0
1
1
0
-1
1
1
-1
0
0
0
-1
0
0
-2
0
0
0
-2
1
-1
0
0
-3
0
0
0
1
-1
0
0
0
1
-2
1
0
1
1
2
0
-1
-1
-1
-2
2
0
0
0
1
1
0
1
0
-1
2
0
1
0
0
0
-1
-1
1
0
-1
1
0
-1
-1
-1
-1
-1
0
-1
1
-1
0
0
0
1
1
2
-1
-1
0
0
1
1
0
0
1
1
1
-1
2
-1
0
-1
-1
1
1
2
1
-2
1
0
1
-1
0
0
1
-1
-1
-2
1
0
0
0
0
0
0
1
0
1
2
-1
-1
-1
1
-1
1
0
0
-1
0
0
1
-1
1
0
-1
1
2
-1
-1
-1
0
-1
-1
0
1
0
-2
-1
-1
0
2
-1
2
1
1
-1
0
-2
1
0
-1
1
0
1
0
-1
1
-1
-1
0
-1
0
0
1
0
0
0
1
0
0
0
-1
1
1
0
0
1
2
2
-2
0
-1
-1
2
0
0
0
0
-1
-1
1
-1
2
1
-1
-1
1
-1
0
-1
-1
1
0
-1
2
0
0
0
1
-1
1
-1
0
0
0
-1
0
0
-1
0
-1
0
0
0
1
-1
1
1
2
0
0
1
-1
1
0
2
-2
-1
0
1
0
0
0
2
-1
1
2
1
-1
-1
-1
2
-1
0
-1
0
0
-1
0
-1
1
0
0
1
1
-2
-1
0
1
-2
0
-1
1
0
0
1
-1
-1
0
0
-1
0
1
0
0
1
1
-1
0
1
0
-1
1
1
1
0
2
0
0
0
-1
0
1
0
1
-1
1
-1
-1
0
0
0
0
1
0
1
0
2
0
0
-2
0
1
-1
-2
-1
1
0
0
0
-1
1
1
0
0
-1
-1
0
0
1
-2
0
1
1
-1
0
0
-1
-1
1
2
0
0
1
1
2
-1
-1
-1
-1
0
0
-1
1
0
1
0
0
-1
1
1
-2
1
0
0
2
-1
0
-1
-1
0
-1
1
-1
-1
1
0
-1
-1
1
0
-1
1
-1
-1
1
-1
0
1
0
0
-1
0
0
0
0
0
0
0
2
0
0
1
1
0
1
0
-1
0
0
2
2
-1
1
0
1
0
0
0
0
0
0
0
-1
0
0
1
0
0
0
0
0
-1
-1
-1
-2
0
-1
-1
1
-1
2
1
0
0
-1
0
0
0
1
0
-1
1
-1
-2
-2
-2
1
0
1
0
-1
1
0
1
0
1
-1
-1
0
0
1
0
0
0
0
0
1
0
0
-1
-1
0
1
-1
1
-1
0
-2
-1
-1
-2
-1
0
-1
-1
0
0
1
-2
0
0
0
1
1
1
-1
1
0
-1
0
1
-2
0
-2
-1
-1
1
-1
-2
-1
1
-1
-1
0
1
0
1
0
-3
1
0
0
0
-2
-2
-1
1
0
-1
-1
0
0
-2
1
0
1
-2
1
-1
1
0
1
2
-1
-1
-1
1
1
0
1
0
1
-3
2
0
1
1
-1
2
0
-2
-2
0
1
-2
-1
-1
-2
0
1
1
2
1
-1
1
0
1
-1
0
2
2
0
0
-1
1
0
1
0
0
-1
1
-1
-1
0
-1
1
1
1
-2
0
1
-1
0
1
2
0
0
1
1
0
0
-1
-2
-2
-1
1
2
0
2
0
0
1
3
-1
0
0
0
0
1
2
-2
0
0
0
-1
0
0
0
-1
0
-3
-1
1
1
-1
-1
0
-1
0
0
-1
1
0
1
-1
1
1
-1
1
1
-1
3
0
1
0
0
-1
0
-1
0
0
1
0
1
0
-1
-1
0
-2
-1
-2
1
1
0
1
-2
-1
0
0
-1
1
-1
-1
0
0
-1
0
0
-1
-1
0
2
1
0
-1
-2
1
1
-2
0
1
-1
-1
-2
2
0
0
-2
0
-1
1
1
1
0
-2
0
2
0
-1
-1
0
-1
-1
1
1
0
0
-1
0
0
-3
0
-1
-2
-2
0
1
1
0
2
1
0
-1
0
-3
1
1
0
2
0
1
0
-1
0
0
-2
0
0
-1
-1
0
1
1
1
0
1
1
-1
2
1
-1
1
0
1
0
0
0
-1
0
0
-1
1
0
0
1
0
-1
1
-1
-1
0
0
0
-2
0
1
0
0
1
-1
-1
-1
-1
-1
-2
-1
1
1
0
-1
1
-1
-1
-1
1
1
0
-1
-1
0
-2
1
0
1
-1
-2
-1
2
0
-1
1
-2
0
2
0
1
0
-2
-1
0
-1
0
0
0
-1
-1
0
-2
0
-2
0
1
-1
0
1
-2
0
0
0
0
0
1
-1
0
1
1
-1
0
0
-1
0
0
2
0
0
-1
-1
0
2
-1
1
-1
0
-1
-1
-1
-2
1
-1
2
0
-2
0
0
0
-1
0
0
-1
-1
3
-1
-1
-1
0
3
1
-1
-1
0
2
-1
-1
2
0
0
1
0
1
-1
0
0
0
-2
1
0
3
1
2
-2
0
0
0
1
-1
0
0
0
0
-1
0
1
0
1
0
0
0
0
-1
0
1
1
0
-1
0
0
0
1
1
-2
1
0
1
0
1
1
1
-1
0
2
0
0
-1
0
0
0
0
0
2
1
0
0
0
1
-3
0
-1
0
0
3
-2
0
1
0
0
1
1
0
-1
0
0
0
0
0
-1
1
1
-1
0
1
1
-1
2
-1
1
0
0
-1
-1
2
0
-1
0
1
1
0
-2
1
0
1
1
0
1
0
2
0
-1
0
1
0
-2
-1
-1
0
0
-2
1
2
-1
0
-1
1
0
1
-2
0
-1
0
-1
0
-1
0
-1
-1
0
1
1
0
1
3
1
1
0
-1
-1
0
0
-1
2
-1
-2
2
1
-2
0
0
-1
-1
0
0
-1
0
0
1
0
0
0
2
-2
0
1
-1
0
0
1
0
1
0
0
2
-1
1
1
-1
1
-2
-1
-1
-1
1
0
0
0
0
0
-1
0
0
1
-1
-3
0
2
0
2
0
-1
0
0
0
0
0
1
1
0
-2
-2
0
0
1
-1
1
3
0
1
1
0
0
1
2
0
0
1
-2
-1
-1
1
-1
-1
1
0
0
-1
0
-1
-1
1
-1
1
0
1
-1
1
1
0
1
-1
0
-1
1
1
0
2
1
-1
2
-2
0
-1
-1
0
0
0
0
-1
0
0
-1
1
1
-1
1
1
-1
0
-1
0
0
0
0
2
0
-1
1
1
0
1
0
0
-1
1
0
1
-1
-1
-1
1
-1
0
1
2
0
0
-1
1
1
1
0
0
1
-1
0
1
0
2
-1
0
0
0
1
1
-1
-1
0
1
0
0
0
1
-1
1
-1
-1
3
2
2
-2
-1
1
-1
1
-1
0
0
1
1
2
0
2
2
1
-1
0
-1
1
-1
0
1
1
1
-1
-1
2
0
0
0
-1
-2
1
-2
-2
1
1
-1
0
0
0
0
-1
1
-1
0
2
-2
0
-2
0
0
-2
-2
0
1
-2
-1
1
-2
0
0
-2
0
1
0
0
-1
1
1
0
0
-1
0
-1
0
1
0
-1
1
0
1
0
1
1
0
-1
-1
2
1
1
0
0
2
-1
-1
0
0
0
1
1
0
0
-1
-1
0
2
1
-1
-1
1
-1
0
-1
1
2
1
0
0
0
1
0
1
0
-1
2
1
1
1
-1
-1
-2
-1
-1
0
1
1
1
-2
0
0
0
-1
-2
-1
2
0
1
0
2
1
1
-1
0
0
-1
1
-1
2
-2
0
0
-1
1
-1
0
1
0
0
0
1
1
-1
1
2
1
-1
0
0
-1
-1
0
1
0
0
1
0
-2
0
0
3
0
-1
1
-1
2
2
-2
2
0
-1
1
0
0
1
1
0
0
0
1
1
0
0
1
2
-1
1
0
0
1
1
1
-1
2
1
1
0
1
-1
-2
0
-2
-1
0
-1
1
0
0
0
3
0
-2
0
1
0
-2
0
0
2
0
1
0
1
-2
0
-1
1
1
0
0
1
-3
1
0
0
-1
0
1
0
1
1
1
2
2
0
-2
0
1
0
3
2
1
1
-1
2
1
-1
0
0
-2
0
1
1
1
0
0
0
1
1
-1
-1
-2
-1
-1
-2
0
1
0
-1
0
-2
-1
2
-1
0
1
0
-1
0
1
0
-1
-1
1
0
-1
2
0
-1
0
0
0
0
0
0
1
1
0
1
3
0
1
0
1
1
-1
0
-1
1
1
-2
0
1
1
1
0
1
1
1
1
-1
1
1
0
-2
1
-1
0
1
1
-1
-1
-2
0
0
-1
0
0
2
2
0
-4
-1
0
1
1
1
0
1
0
0
0
0
-1
0
0
0
-1
0
0
1
0
2
0
1
0
0
0
2
0
0
0
1
0
1
1
0
-1
-1
1
2
2
-1
-1
0
1
-1
0
0
-1
-2
1
0
0
0
0
0
-1
1
0
-1
-1
0
1
-1
1
0
1
0
-1
0
-1
0
1
0
1
-1
0
0
0
0
-2
-1
1
-2
1
0
0
1
0
-1
0
0
-1
0
-1
0
-1
0
1
1
1
-1
-1
-1
0
1
1
0
-1
1
2
-1
1
2
1
0
0
-1
0
-2
1
-1
0
2
0
-2
-1
0
-2
-1
-1
0
0
1
-1
-1
1
-2
-1
1
-1
-2
-1
0
0
1
0
1
2
0
0
1
0
-2
0
1
-2
0
-1
0
0
1
1
2
-1
0
0
0
0
1
-1
2
1
-1
-1
1
2
0
-2
-1
1
0
1
0
0
0
0
0
0
-2
1
0
0
-2
-1
-1
0
0
-1
0
-1
-2
1
2
1
2
-1
0
-1
2
2
1
0
0
1
1
1
2
1
1
-1
0
0
1
-2
0
-2
-2
1
0
0
0
1
0
-1
0
0
2
1
0
0
2
2
0
2
1
-1
0
-3
0
-1
1
1
1
1
2
0
0
0
-1
1
0
-1
0
0
1
0
0
0
0
2
0
0
-2
0
0
0
1
-1
0
-2
0
1
1
-2
0
0
-1
0
0
0
0
0
1
2
2
1
1
3
0
0
-1
1
0
1
0
1
0
1
1
0
0
0
0
1
0
0
2
-1
2
1
1
3
0
0
-2
0
-1
2
-1
-2
-1
2
0
1
1
-1
1
0
0
0
2
1
-1
0
0
1
0
0
0
-1
-1
1
0
0
0
0
1
0
0
0
0
1
-1
-1
0
1
1
-1
-1
-1
0
2
1
0
1
-2
-2
-1
-1
0
1
1
0
0
1
-1
-1
0
1
-1
1
1
1
1
-1
1
2
-2
0
1
-2
0
-1
-1
-1
-1
-1
0
2
0
-1
-1
-1
-3
-1
0
1
0
0
1
0
-2
1
0
1
0
-1
1
0
1
2
1
2
-2
0
1
1
-1
0
-1
0
-1
0
0
1
1
-2
0
0
-2
1
-1
-1
1
0
-1
0
0
0
0
-1
-1
1
1
-1
1
0
1
1
1
-2
0
-1
-1
1
0
1
-1
0
1
-1
0
-1
3
1
0
-1
0
0
0
-1
-1
-1
0
0
1
1
0
0
0
-2
3
1
-1
0
1
0
0
0
-2
0
1
1
-1
0
1
3
-1
0
-1
-1
0
0
-1
1
-1
2
0
1
3
-1
0
-2
-1
-1
0
-1
0
0
0
0
1
1
0
1
0
-1
-1
0
-1
-1
1
-2
0
1
2
-1
1
1
-1
0
-1
0
0
-1
2
0
0
-1
0
2
0
1
-1
2
-1
-1
1
-2
-2
-2
1
2
2
0
1
0
0
-1
0
-1
1
0
0
1
-2
0
0
1
0
0
1
2
1
0
0
1
0
-1
1
-1
0
-1
1
-2
1
0
-1
1
1
-1
0
0
0
-1
0
1
-2
0
0
0
-1
1
1
0
-2
1
-2
0
1
-1
0
-1
1
0
-2
0
1
0
0
0
-1
-1
0
1
0
0
1
1
0
0
-1
2
1
1
-1
-1
0
0
-1
0
-1
-1
0
0
2
1
-1
-1
0
-1
-1
0
1
1
-1
2
2
-1
0
1
-1
0
1
0
-1
0
0
0
0
-2
-1
0
-1
-1
0
-1
-1
0
1
0
0
-1
-1
-1
1
-1
0
1
-1
2
-1
1
-2
-1
-1
1
0
1
0
-1
0
1
1
-2
-1
0
0
0
1
1
2
0
-1
0
0
-2
1
1
1
0
0
0
0
1
1
0
0
2
2
2
-2
2
1
-1
0
1
-1
0
0
1
0
2
2
-1
0
-1
-1
-1
-2
-1
0
-1
-1
0
0
1
-1
1
1
1
0
-1
-1
-1
-1
-1
3
0
0
2
-1
0
0
1
-1
1
1
-1
2
-1
0
2
0
1
0
0
1
-1
0
0
-1
-2
-1
0
1
0
0
0
2
0
1
0
-1
-1
0
2
1
0
0
0
-2
0
0
0
1
-1
-1
1
1
0
2
2
0
1
1
0
0
0
1
0
-1
-1
0
1
-1
1
1
-1
0
-2
1
-1
1
1
1
2
1
-1
0
0
0
1
2
1
-2
-1
1
-1
1
1
1
0
0
-1
-2
1
0
0
0
-1
1
0
-1
0
0
-1
0
-1
0
0
0
0
1
0
-1
0
0
0
1
0
-2
-2
1
-2
-2
-1
-1
1
0
1
-2
2
-1
-1
1
1
1
0
-1
-1
1
0
1
0
1
0
-2
-3
-1
-1
-1
-1
-1
0
0
-2
1
-1
-1
1
1
2
0
-1
-2
0
2
1
0
1
0
0
0
0
1
0
2
-1
1
1
1
-1
1
0
-1
1
0
0
0
-1
-1
1
-2
0
-1
2
0
0
0
0
0
-1
0
-1
0
2
-1
-1
1
1
-1
0
2
-1
-2
0
-1
-1
0
0
0
-1
1
1
1
0
1
-1
0
-1
-2
-1
-2
0
0
-2
-1
-1
-1
0
0
-1
-1
0
0
0
1
1
2
0
1
0
2
2
0
1
3
1
0
1
0
-1
-2
0
0
-1
-2
0
2
0
0
-1
1
-1
1
-1
0
1
1
-1
0
-1
-1
1
0
0
1
0
1
-1
1
0
1
2
-2
2
1
-1
0
2
2
0
2
0
-1
0
0
-1
-1
1
0
0
1
-1
0
0
-1
0
-1
-1
1
0
1
0
1
-1
-1
-1
0
0
-1
0
0
0
-1
0
-1
0
0
0
2
0
-1
0
1
1
1
-1
2
0
0
-2
1
0
0
-1
0
0
0
2
0
-1
2
1
0
0
-3
0
1
1
2
-2
1
0
2
0
-1
1
-1
0
-1
1
1
0
-2
1
-1
2
-2
0
1
1
0
1
0
-2
0
0
0
1
-1
1
0
-1
1
-1
-1
2
-3
0
-1
-1
-1
-2
1
0
1
1
0
-1
0
2
0
2
-2
1
1
0
2
0
0
2
1
1
-1
0
-1
0
1
0
1
0
-1
0
-1
0
1
0
-1
0
-1
-1
-1
1
0
-1
0
0
-1
1
1
1
0
0
1
-1
-1
-1
1
-1
1
1
0
2
0
-1
-2
1
1
1
-2
0
-2
1
1
0
1
1
1
-2
1
1
-2
1
-1
1
-1
-1
0
-1
-1
1
1
1
2
0
0
0
1
-2
0
0
0
-1
1
-3
2
-1
2
0
-1
0
2
0
1
0
0
0
0
1
0
-1
0
0
1
-1
2
1
1
0
-1
0
1
-1
0
0
2
0
0
0
-1
0
1
0
2
0
1
0
-1
0
1
-1
-2
0
2
-1
0
-1
1
1
0
-1
0
0
-2
-1
0
1
1
-1
0
1
1
1
0
-1
2
-1
0
0
1
1
1
1
0
3
-1
-1
1
-2
0
-1
0
0
1
0
1
1
1
-1
0
0
0
-1
0
0
0
-1
0
1
1
0
0
0
1
1
1
-1
-2
-1
0
-1
-1
0
0
0
0
1
0
0
0
1
-1
-1
-1
2
0
1
1
-1
1
-2
-1
0
-2
0
0
0
0
0
-1
0
2
0
0
-1
0
0
2
2
0
0
-1
1
0
0
-1
1
-1
0
-1
0
-1
0
-1
1
-1
-2
-2
0
2
0
0
-2
0
-1
-1
-2
-1
1
-1
0
1
0
0
3
0
1
-1
0
1
0
1
0
1
1
-2
-1
-1
2
0
-1
1
-1
0
1
0
0
2
0
0
0
3
1
-1
0
0
2
1
0
0
0
-1
-3
-1
1
0
-2
-1
-1
-2
-1
0
1
0
1
0
0
0
2
0
1
2
2
0
1
0
0
-1
0
0
-1
1
1
1
0
-1
1
1
-2
1
0
1
0
1
0
-1
0
1
3
-1
1
2
1
-1
-1
0
1
1
0
2
1
0
0
1
-2
1
2
1
0
-2
1
-1
0
-1
-1
0
0
-2
-1
0
1
1
0
1
-1
-1
1
0
-1
2
-1
-1
0
0
1
-1
0
0
1
-1
0
0
-2
1
1
0
0
1
0
1
0
0
0
0
0
0
-1
0
1
-2
0
1
2
1
-1
-1
1
0
2
1
1
0
3
3
-1
0
1
-1
1
0
0
1
0
-1
0
0
1
1
-1
1
1
-1
0
-1
-1
0
0
-1
0
0
1
2
0
0
-1
0
0
-2
1
-1
1
0
2
1
-1
2
0
-1
2
-1
1
0
1
