25 60 36
0 5
0 11
0 14
0 23
0 24
1 10
2 4
3 1
3 13
4 5
4 7
4 16
4 18
5 9
5 24
6 7
8 9
8 13
9 3
9 17
10 7
11 9
11 24
12 2
12 11
12 21
12 23
13 6
13 7
13 13
13 21
14 1
15 3
15 23
16 1
16 15
16 20
17 23
18 14
18 20
18 24
19 11
19 13
19 17
19 19
20 4
20 6
20 17
20 19
21 10
21 18
21 20
22 4
22 10
22 18
23 0
23 5
24 6
24 11
24 17
24
7
33
37
13
43
0
4
42
39
17
56
41
58
22
30
44
5
6
59
29
2
10
40
8
53
49
34
57
21
35
55
23
46
38
47
50
28
3
48
1
26
36
32
52
14
54
27
19
25
15
45
51
9
11
18
31
16
20
12
-58
99
-59
-42
-51
17
10
20
7
18
-16
51
32
48
-7
-50
14
11
-39
28
28
29
-25
10
20
-10
-39
22
8
-19
-40
-57
-19
-2
13
0
1
-10
20
-36
42
12
9
-18
-6
-79
-27
-9
2
50
-18
22
62
31
-17
67
-5
94
-92
-29
-5
-4
70
-25
-18
26
6
24
36
18
-59
-1
36
9
-10
-5
-23
-34
-62
57
-12
-4
42
-75
-3
-11
-5
-33
25
40
-60
-29
22
-44
5
15
10
-73
25
-1
21
26
23
66
-22
-31
32
-47
56
-43
9
-13
-64
-30
25
6
6
-18
-41
-18
37
27
21
2
85
6
-85
-39
9
33
61
14
11
-6
-15
-5
15
-10
-14
4
-53
23
-15
38
-51
1
-28
-3
52
-37
37
-16
9
-67
-17
-63
16
41
-5
-27
15
31
34
-28
-25
1
39
2
-3
-47
19
-17
-58
35
37
1
-30
23
9
0
0
-14
-10
-48
22
-53
35
15
-18
11
48
7
15
44
-10
-46
15
22
64
-31
60
-3
75
34
14
-36
1
-64
98
38
1
33
-30
26
-9
41
-27
5
25
10
-40
-28
-2
5
37
23
-12
32
-48
-42
10
-3
-37
32
24
19
-9
56
-26
-78
73
-14
37
14
-4
2
-56
-20
-37
19
44
60
-10
-19
-27
15
-12
-69
-25
21
-2
-107
-12
-91
73
33
-2
-25
-26
17
16
-37
-13
39
-48
-19
-6
57
22
52
14
3
43
-26
-30
-32
-46
-29
-15
9
8
-27
-14
-11
-26
-21
-12
-24
2
-27
15
2
-30
-47
5
-38
-24
42
54
-29
20
-5
59
3
-29
-17
9
8
-36
-23
31
62
-19
55
-43
18
-30
21
-114
-27
-22
1
-8
38
9
-79
-58
50
-27
23
-23
29
-25
27
-75
31
34
-36
-19
6
70
48
23
17
37
30
-79
24
-5
-36
-14
-1
46
1
-36
48
-23
-104
20
33
41
-2
-72
-24
50
29
-24
13
-6
26
8
-42
-65
-2
14
-58
-31
-17
5
-40
-23
-29
20
25
-23
11
22
-48
-13
-30
-50
21
-55
-27
57
0
-2
28
22
16
64
5
24
1
32
22
34
-44
-5
-5
-4
13
61
61
1
-22
-25
37
-2
-54
-13
15
67
22
-67
-3
-24
7
38
17
-80
-35
51
7
-16
63
-4
62
-65
-28
-72
23
-28
36
-62
20
14
-35
18
56
8
8
-25
57
72
-9
92
26
-42
37
24
-27
20
-4
-61
-25
-44
18
-9
-9
59
14
11
15
-19
-7
73
-1
28
-47
44
-29
-94
-11
-10
3
24
-69
-46
25
-32
56
-13
-62
8
46
-24
-19
14
2
2
26
-27
23
80
34
-18
-56
-19
-25
42
32
-37
1
-32
31
26
47
-50
-20
13
25
14
-22
29
-34
-63
-12
-3
7
-9
54
-23
-22
57
-15
15
13
-16
74
89
-49
28
32
-5
7
37
-26
-44
1
-53
-9
25
37
-49
10
29
-20
10
3
-35
6
-21
-61
64
8
-1
51
51
10
-11
13
14
-24
18
21
-52
5
0
16
47
12
14
12
26
-50
-17
-3
6
-66
18
11
-25
41
14
-79
45
2
-12
-22
-34
-74
11
13
-29
30
-3
10
-30
14
30
-2
17
9
26
69
49
8
44
48
13
-6
10
-24
-22
-23
-30
-6
27
7
1
-51
-17
-34
-50
-45
6
-45
-33
-4
-75
18
-5
67
-12
33
48
-5
20
-34
5
48
18
-21
-40
-6
-2
-19
58
55
50
-9
-6
-12
-11
28
-18
29
44
-45
27
47
19
34
-13
-67
15
-30
17
23
-49
-9
18
34
-16
4
-48
17
57
-10
27
-4
52
21
-18
-39
30
-9
-14
43
-21
51
-16
-27
61
-80
-42
-46
-39
-22
-19
-3
-11
-46
6
20
-46
90
-18
47
-41
11
4
-3
-24
-38
3
58
4
26
65
31
-10
53
42
40
-12
49
-15
86
-46
-8
-5
-31
-27
25
-7
21
6
-30
-11
-5
14
55
21
27
16
-44
-75
-10
-61
26
-47
18
13
-24
-3
-66
-22
-28
1
-30
-31
-54
-10
-59
55
-43
-36
-56
26
93
90
-15
-44
8
6
17
-28
2
17
-13
-62
56
-10
15
13
10
-40
-37
35
8
-8
12
-6
31
50
14
24
-31
7
9
-20
26
12
31
-33
-46
15
6
-19
5
2
-8
10
6
12
-16
10
33
-13
-10
-10
66
-41
40
-11
20
14
24
24
55
-8
0
-32
40
-55
-79
3
-15
35
54
20
-66
28
8
3
5
0
23
-11
3
19
0
-61
-19
50
37
-3
33
-26
-28
0
-69
43
-38
-50
-18
47
56
-41
39
-20
33
-50
13
8
-31
-18
40
-26
-66
19
-105
-6
52
-5
59
27
-53
35
-14
-35
49
30
-93
17
0
-27
-16
-19
4
14
-23
-24
40
5
-8
-33
-55
20
77
-17
-38
56
0
30
30
-24
-7
41
71
-14
20
6
-59
13
30
-49
74
54
-41
-16
6
-7
51
42
-120
-3
-45
-1
-42
-16
-9
-57
-51
-6
-37
-1
30
57
-39
79
-44
-8
37
-14
-7
-86
45
-66
-40
-3
-47
0
-51
44
24
-69
-32
39
35
26
0
-13
95
-33
-13
-16
-2
-4
-6
-77
-4
62
-32
-48
-10
25
-15
-26
56
39
-40
25
-29
17
2
13
-7
-9
55
33
16
-39
-55
29
20
46
-21
58
-34
-59
-7
-10
24
-6
11
23
87
36
13
-11
-26
15
-44
-16
-7
39
13
-40
-4
38
-97
-15
26
90
18
15
46
59
-18
-55
14
24
-11
-59
-47
48
13
23
-15
-12
16
35
60
-36
114
-37
10
43
-27
16
-13
20
5
48
0
-34
29
58
32
17
4
49
-19
-94
-2
9
22
-7
-15
31
42
-36
-65
45
-19
-60
53
-24
5
-14
-45
40
2
-27
34
8
-7
44
-23
12
25
-1
19
-39
-3
-4
64
54
-49
-80
-9
36
-57
-19
36
60
40
-58
52
-24
-61
17
-14
26
-8
50
119
34
-45
-36
-30
-52
15
-4
66
-69
-15
4
11
-27
-14
-6
-8
0
0
-43
0
-5
-19
26
25
-29
44
11
-20
20
-41
99
5
-6
-52
38
12
67
61
53
12
-14
21
43
7
21
16
-12
25
74
25
-70
17
41
24
-22
-46
1
-9
-34
-20
71
90
39
-48
74
-35
0
50
-7
29
11
-12
-22
40
-31
-43
12
44
80
15
42
36
-12
74
12
70
-101
-12
-80
34
28
41
-40
14
-8
22
63
10
5
-61
-4
-47
9
0
-26
30
-36
55
50
-37
9
-16
-25
31
-49
-50
16
-1
15
-14
19
-67
-30
4
31
9
-12
-11
-14
51
37
21
5
-82
25
66
-51
-34
-53
14
-110
21
-35
-33
31
-62
40
44
-51
17
-7
-13
-1
-12
7
32
-41
-1
18
-16
-52
-48
27
-53
-16
23
38
4
6
10
-2
11
26
57
11
-42
-26
46
15
-62
-42
43
-23
36
36
42
2
-9
11
-24
44
-4
-6
54
14
3
53
-25
-45
40
-28
8
19
11
17
8
-9
10
-4
-19
-82
-44
-61
32
-10
7
33
10
6
-21
15
-62
-37
36
-37
39
38
-14
-15
-21
16
87
-3
-6
2
3
-26
47
-35
61
-13
-14
16
-70
-15
40
-5
-20
48
-14
-48
4
74
-12
-6
-33
-11
9
35
-10
-28
-13
14
0
-29
62
11
12
-23
30
76
-68
-51
90
-67
8
17
-13
20
-44
57
16
42
-49
-58
53
63
-25
42
30
-51
17
-11
-17
4
11
-38
59
-26
21
6
11
35
10
-5
-20
70
3
-27
-43
-5
9
12
28
-16
-63
32
44
8
-18
-38
-34
78
-23
1
-13
-15
15
-55
-89
6
-4
38
34
-75
-23
-10
-30
-18
-31
52
35
-13
-24
-62
38
-26
-42
44
6
-39
-15
-60
-27
-6
56
0
-35
20
14
-7
-3
43
-56
-30
0
-10
24
-5
8
35
57
42
-19
-23
1
-50
3
-31
54
14
-25
13
15
-13
1
24
-26
6
88
31
6
-5
27
-6
36
-47
-28
19
7
6
27
-47
-32
4
62
1
-7
33
20
-102
14
-19
41
-9
-63
1
10
6
3
43
46
-27
50
-46
-26
16
12
21
-56
2
-26
-12
47
36
15
11
56
16
22
-8
31
10
55
17
28
-78
-38
59
22
-9
-27
-28
0
45
-8
-2
-9
5
-1
-6
-22
49
-19
17
1
39
39
8
-20
-10
-31
105
17
10
-7
-31
0
43
69
-30
74
-11
-54
-57
13
9
-14
-5
4
22
-6
-8
28
4
-99
-44
59
-41
-2
7
99
6
-35
7
-38
-20
43
-38
30
2
-6
35
-13
30
-63
39
-10
28
-12
31
5
-6
62
3
-17
-24
12
-85
-46
4
14
27
2
-59
-24
-48
54
7
-36
-8
21
-67
-24
44
-68
-106
43
-36
-66
35
54
55
-26
10
-66
-3
28
-1
-13
-28
20
5
11
-6
3
33
8
-52
25
14
-31
24
61
-34
43
-20
-21
-15
-23
9
19
-89
25
10
6
15
-3
25
-34
14
24
-20
-3
69
42
16
26
43
-58
1
-46
-1
-11
25
21
16
-67
54
-36
-9
-30
-31
65
98
-40
18
-44
18
-15
-40
-47
37
-57
12
-18
63
70
4
17
15
21
39
4
-30
-8
35
-59
45
63
59
5
-1
62
79
46
-56
-20
-54
27
-16
-4
13
24
17
48
68
61
-39
-6
-12
-69
95
-55
-4
-23
19
-5
14
-28
12
-28
-16
-18
5
-13
-25
26
68
36
18
14
3
12
-7
-47
-10
-46
-5
-42
-1
-28
34
61
57
23
-47
44
-34
-55
-40
17
-18
13
-19
56
37
23
72
-32
38
-29
-18
40
68
0
-41
46
-57
-107
-50
-22
36
-6
49
-34
-14
40
-37
-29
29
1
-10
0
52
3
-41
-64
24
22
-73
-42
-3
-26
16
-40
-25
-32
91
-18
-3
-18
-7
4
-29
-13
-3
15
-80
-45
16
43
20
-33
0
-67
29
-13
-12
-23
-119
32
-20
35
-31
-3
24
-2
-34
71
-19
-6
1
-17
20
-10
-32
-38
2
51
54
-10
33
-76
1
6
14
-1
51
-19
37
2
58
12
-4
-54
1
-30
15
-49
1
17
-12
2
18
58
-24
24
15
-6
2
-48
-21
-14
-14
-23
48
97
-62
23
-16
32
6
30
-6
42
2
-37
-9
7
20
-7
-12
-11
12
-23
26
14
24
3
-6
-57
22
1
80
-54
38
-16
7
6
-19
-5
11
48
42
45
-5
-25
-58
65
2
3
37
-5
-80
42
-19
-54
25
-26
-81
34
-27
37
-27
20
-21
-30
-62
26
-103
-41
-64
5
91
-72
29
-19
9
-36
74
-17
-10
2
5
-1
5
50
-59
-28
-41
-14
-5
49
-26
-23
39
57
-33
4
-38
-36
-13
2
55
-24
-19
-16
-95
-46
3
29
-13
-16
-29
-26
-12
-6
-58
1
-42
-25
19
2
21
-13
64
70
22
38
-5
-30
4
12
-1
-17
-22
60
-39
70
-46
15
3
-6
23
35
-36
17
32
21
-21
45
-40
13
-17
11
64
-6
13
-15
-11
-18
70
-3
-50
27
-8
-36
42
-51
4
-29
-14
4
-36
24
44
-55
-61
-29
-14
19
-24
60
24
-35
-36
-22
14
-25
-23
-17
8
-17
41
3
10
3
7
38
27
-15
29
8
-50
18
-15
25
-17
-10
-5
-10
-25
26
-5
31
31
-10
56
37
55
-30
-3
8
-2
21
-13
-46
21
29
14
9
-20
-31
-8
-20
-39
10
-28
11
-26
40
65
-6
10
17
21
-35
-10
-11
-11
54
-25
38
-7
-41
-64
-34
-63
-25
18
6
-50
27
26
5
17
-11
16
-19
-41
54
-6
-12
-15
-40
5
-18
-33
-45
18
40
16
-27
-28
40
-65
-19
59
15
-11
-115
13
17
-48
4
8
-12
-11
13
13
79
-38
-57
-14
-29
-9
36
44
-31
0
35
-2
-3
-31
16
-11
-62
-14
52
-27
60
-10
-34
45
-60
36
47
-88
15
-15
85
50
4
38
99
-6
-27
27
3
-26
21
19
-60
-20
-29
-17
-33
-40
21
31
-62
7
67
9
43
-1
-31
16
3
-18
0
101
35
-11
-2
8
-8
13
78
-33
-49
-75
-10
-65
74
25
-3
15
40
2
-25
33
58
26
-15
-100
13
93
-11
39
-8
35
-22
-14
-52
10
57
-45
-34
11
-40
-29
-29
2
-23
48
0
54
-18
16
69
-5
-63
49
-5
5
-15
16
-16
3
4
-1
25
17
60
-27
-10
0
-27
19
-36
-15
16
-32
49
5
4
38
35
-15
2
18
72
33
-40
19
8
5
0
23
-32
-25
22
59
-12
-80
-11
13
-41
60
-17
-29
-4
-30
-34
-30
14
-2
13
28
30
10
86
-24
-13
-5
0
0
40
-28
-15
6
8
72
-3
-4
9
17
-24
-17
-10
17
24
-59
42
15
55
8
-82
-16
114
6
-10
35
-5
-54
9
55
-4
31
17
-13
-70
-30
-47
-20
-9
-20
-9
-25
32
-25
16
-40
-13
15
-1
28
2
-2
11
39
-46
-52
54
18
-51
8
-39
62
21
11
31
-24
-25
-102
-36
47
-27
2
15
9
8
-26
-91
11
-5
-34
98
-44
27
1
-15
8
86
54
20
-31
25
74
66
72
29
-39
12
8
65
55
49
-7
-28
54
7
-67
-9
-66
7
40
-13
35
124
-2
25
-20
3
66
34
37
62
-18
-44
14
-36
28
4
-35
59
-10
-1
-25
-21
-12
-12
19
-38
-40
-58
44
-25
44
54
36
-1
-50
33
-23
8
22
18
-57
10
-65
18
-27
-2
46
-17
-24
-50
-7
17
38
13
45
-38
29
-32
-22
41
-17
-23
74
3
30
-36
-34
23
-26
-16
9
-18
49
30
19
123
-118
0
-15
27
-3
0
-33
46
81
60
0
34
29
12
-24
37
28
32
70
60
16
-24
28
30
53
85
-3
79
39
54
41
-57
15
29
-2
27
51
58
-50
-1
-68
40
-36
-25
11
73
42
-2
-39
38
17
6
-62
-21
-40
-17
-3
-20
-5
27
46
-52
-25
-55
21
61
-28
16
-27
28
2
39
14
25
5
2
-45
49
35
22
-27
-2
-44
-24
17
6
-12
-5
-14
-27
-31
-22
-18
-27
57
7
58
56
-43
-21
-18
19
-32
-3
2
-15
68
-22
-10
42
18
-106
10
-30
1
8
-41
21
19
40
-4
45
46
-8
10
33
-13
-41
15
-8
16
1
-42
-4
-32
9
30
-29
0
-28
4
-58
6
17
37
8
-34
-15
31
15
42
21
-7
-4
-3
2
-15
-9
50
41
-45
55
-74
-2
7
-12
22
-39
-24
10
-29
12
-18
30
-34
-29
-22
52
9
28
65
17
-29
-26
3
-26
9
7
23
58
38
-28
-1
-58
26
-15
-23
-18
-8
-26
4
6
-13
20
66
15
-54
4
21
-30
-3
50
83
-17
-32
54
14
-31
66
-67
-36
-2
-22
-2
44
30
-82
-54
-71
-42
18
-75
-18
-22
5
-15
-45
93
-10
-22
28
-34
-6
-16
-61
-19
25
-30
31
-28
28
-40
20
28
-4
19
40
34
-12
-61
-21
-17
-23
23
27
21
42
-10
22
-10
-32
-2
41
90
-15
27
18
9
-12
52
-30
26
21
54
-14
-30
25
-6
-89
51
21
3
13
-13
29
62
-39
-31
-5
36
-14
-14
57
-93
98
64
-14
11
-16
9
26
-29
49
-19
-14
-21
-87
-21
-46
-1
31
-1
-33
19
27
-15
54
-2
84
-18
-2
-2
-26
-67
3
-25
-35
35
-28
-30
11
-72
-25
-20
-3
-43
29
-34
-1
18
31
6
-56
-2
63
16
28
-39
57
70
11
-6
-37
39
15
90
-23
74
34
-38
4
71
-56
11
38
-7
-69
18
31
10
-15
2
18
23
19
20
-8
25
119
40
-12
54
-28
-28
11
37
21
-23
0
54
26
-71
-26
-11
38
-9
-52
-23
-11
-23
17
-22
45
-7
32
58
14
-101
32
8
31
-52
-11
-28
-14
19
40
5
-1
-55
64
-56
24
15
37
5
-35
47
-34
33
42
6
41
26
34
-3
29
76
-33
-2
-34
11
20
-2
-5
15
-18
0
30
54
-45
80
-42
2
48
19
21
-27
41
-27
-37
-31
10
36
33
3
-28
27
22
-39
-24
-24
7
-67
59
18
-21
46
-36
19
39
-47
4
21
-8
67
21
101
8
0
12
-11
-20
-18
18
54
43
-51
-49
-22
-84
65
-37
17
37
36
-11
-21
44
-16
2
71
-4
-25
-39
10
-16
-64
5
-21
22
-5
-3
-45
36
-6
40
-6
-1
14
-9
55
10
17
-2
-11
39
-91
-13
-14
-30
-8
-88
68
-14
-16
-23
-73
-22
0
-6
-25
-18
-39
-45
31
-1
-76
34
18
-12
-22
-12
65
-1
-49
-31
-23
-62
20
44
-44
17
3
-4
8
-26
-20
33
-21
3
-29
-4
2
33
-46
-1
29
18
56
-10
36
27
-33
60
61
44
19
63
14
14
78
6
46
-22
-33
-6
75
5
58
34
13
10
-35
-84
26
26
19
22
-27
25
-48
-55
58
-12
3
-65
-32
31
-41
21
17
35
-64
-32
-41
-11
47
40
22
-19
28
-26
19
6
20
-32
2
56
-13
24
-14
22
-33
22
-54
63
15
-64
64
-13
-69
-62
-42
86
-6
-21
4
33
-47
18
-47
-33
38
-8
45
1
0
-14
-76
-50
-28
-18
-40
-10
36
15
21
30
-26
-8
9
-68
27
-6
1
-37
-5
18
-49
37
-27
-89
12
5
6
-28
-19
60
8
44
-9
-21
-48
45
17
-15
43
-58
4
-19
-11
42
-61
-41
-32
-17
25
-61
7
1
-12
-19
27
6
34
-24
31
15
-36
-13
7
15
-45
2
17
-68
40
71
64
3
-9
12
-6
8
-9
-59
5
-86
53
-33
3
26
64
-9
-23
23
-66
34
6
53
4
34
9
38
-2
-1
37
35
-9
50
-40
32
-7
10
54
-12
13
39
-27
-56
-29
-12
33
-57
-9
-54
-12
-10
-36
-31
37
2
-26
33
-56
-51
-23
30
48
-26
0
-45
-13
27
21
-41
51
8
52
-9
-53
40
-35
-40
31
1
-30
23
8
-13
-10
-70
8
-32
14
54
-3
-4
25
45
-54
-77
-21
-6
16
-9
80
61
-31
-39
13
-1
-24
33
-54
9
-10
17
33
60
-24
12
-10
-38
2
-29
26
48
-95
-90
-12
-10
72
-46
55
-19
5
-38
27
62
4
73
34
14
39
13
3
34
-13
-48
24
18
21
-39
29
-22
1
43
15
-38
-8
-21
62
17
-48
-45
-16
56
17
-52
-16
11
-41
60
41
-4
-12
-36
-22
-47
-59
26
17
-40
5
-85
14
-80
-62
-33
-1
-15
5
-67
-15
66
12
-9
2
39
4
66
-5
17
36
-33
43
-27
-28
-2
8
18
-2
-3
20
5
-35
-18
-28
62
-1
104
35
-63
-15
20
70
19
23
-8
-6
-12
-27
16
-50
-49
-19
30
28
34
1
-57
-45
2
13
-49
22
25
18
13
-18
0
18
7
14
-16
-25
-7
-19
7
8
14
-92
36
-14
25
-10
15
-10
24
-10
49
6
33
66
-61
-33
-19
-25
6
51
-60
11
37
39
46
22
-23
9
-14
-66
4
60
14
-16
-73
24
7
-30
-47
-23
-49
-90
2
30
2
-12
-70
-9
-59
-29
-16
-12
-54
7
-23
18
10
53
-16
-18
-11
74
-48
-21
14
9
30
14
9
-79
-6
1
18
-33
12
22
-9
2
-10
1
49
-54
-58
-14
13
13
54
-12
24
44
8
-74
2
37
18
-23
-26
-53
21
-49
36
-1
29
-35
-24
-7
70
12
50
-28
35
9
-2
53
-35
27
-41
-29
13
-54
-44
18
-57
-20
34
-49
-39
-19
-18
-27
-22
-38
1
22
5
46
-2
-8
-4
4
62
-33
43
-25
27
-14
-17
47
0
18
-5
-63
23
-9
-38
53
-10
-6
-37
57
-35
6
53
-22
-28
-3
-11
-18
0
45
-10
51
26
-40
-22
30
5
-42
18
24
-34
17
-18
1
-13
0
-94
16
-35
27
43
-51
-4
4
14
12
9
-35
13
12
54
2
4
6
61
30
-8
-1
36
1
14
30
13
51
-48
-19
4
45
48
-10
39
63
-46
25
-43
-50
11
-40
40
15
-8
-1
-4
-31
20
-84
55
1
-16
9
-2
25
-22
18
-31
34
-47
-11
1
-21
-1
33
1
112
-55
27
-2
-33
24
-77
41
-8
-14
-45
-9
-5
54
-17
-64
-29
-45
17
5
-24
29
18
30
-25
2
55
-48
18
-41
48
14
-2
-52
-35
-79
-48
78
18
15
-16
-8
-52
15
17
61
4
-51
-21
-18
-15
6
44
-3
29
-34
-18
16
1
36
12
-40
-44
-62
60
-3
-97
73
-39
-28
-8
-5
-42
23
-23
-7
11
-38
-44
10
2
27
-25
-3
34
36
-5
7
-37
38
-38
27
34
-14
-26
12
0
-2
51
14
-23
-69
52
-4
4
-3
42
-20
-49
-24
52
18
-12
-23
24
-10
44
-15
-59
-22
-4
-9
46
43
10
-10
-32
-52
29
-16
-41
11
61
-31
1
-19
37
-28
41
-6
18
-49
-12
-41
15
-4
-23
42
-7
6
24
14
2
-18
64
-75
26
13
-20
-56
8
-13
13
-3
-15
44
8
-25
13
38
-58
42
-50
-29
19
-17
5
-16
26
48
-48
25
6
1
48
-16
-10
-13
12
0
-28
-83
30
-38
0
51
-44
0
-41
-7
-52
-33
23
-41
-63
1
-50
-24
-1
-6
-21
45
-11
-84
63
-41
89
62
-9
-38
-16
-17
6
-18
26
4
-10
14
24
-23
67
-9
15
46
23
7
-47
-7
-25
33
-59
-8
13
34
4
-39
14
5
16
53
-62
-59
-20
-18
-50
-61
-30
60
10
25
74
-2
67
-26
50
-22
-13
46
-16
-41
54
-61
-3
-17
16
3
-65
-15
7
-8
-10
-9
0
-32
-15
-61
-10
-45
-12
21
-18
44
-97
-26
-27
-9
-13
36
-10
-6
-49
38
16
-11
-24
62
20
-19
20
40
-43
8
-2
45
-1
5
54
-15
12
-25
-21
29
-24
12
39
-39
17
-30
-32
26
17
-50
21
26
-68
-31
1
48
-28
3
-2
-1
16
-26
-33
1
-3
47
69
6
11
57
38
-32
36
-1
26
-38
87
23
-4
20
-33
9
49
-49
14
29
30
-7
26
24
-31
-8
26
93
20
99
4
11
11
41
9
45
-46
55
17
-35
-32
-10
45
34
72
-106
12
6
14
27
2
-33
-13
-52
11
30
25
6
13
-41
-65
-3
-38
-46
7
21
-21
-4
14
1
16
11
23
-54
2
-1
11
-13
-49
-27
-67
32
26
48
-66
-18
55
-45
0
-1
16
-3
46
10
-4
-7
-104
89
-15
-31
11
6
-17
38
11
-21
-102
9
21
-30
-17
-36
48
-57
-29
12
-59
-45
14
9
14
-27
49
29
-45
-41
-19
-12
13
-3
55
74
-32
32
14
74
-1
-55
25
3
-46
-12
7
-42
37
24
-9
3
-11
43
10
-35
16
19
-41
78
56
29
-12
12
43
-47
-20
6
18
23
-6
14
-28
15
21
-59
40
-102
-8
-22
11
16
-13
36
-30
60
36
-27
55
-10
19
55
36
10
-32
-51
-25
-52
-25
-54
43
43
-1
-47
53
-6
2
33
-43
-74
-9
7
-28
-11
-11
-24
-29
17
21
46
-16
-35
-23
26
12
69
8
17
60
-20
7
26
19
50
44
25
-62
-15
-56
35
28
2
-47
72
-65
-44
76
10
-46
88
11
24
-34
-52
36
68
61
-1
26
-17
16
110
34
14
11
0
33
-18
17
32
47
-19
11
-100
-26
-14
93
48
-21
-34
8
56
5
-15
49
60
23
17
22
-31
-32
-3
-32
-2
-34
8
29
13
12
-12
18
17
51
21
30
14
58
28
53
-106
78
-5
26
7
-3
-10
-4
-14
-28
11
28
34
-26
-54
-35
-9
27
-54
-23
-32
-46
-2
54
57
12
-4
-25
-4
0
6
-2
-4
16
-26
-29
-24
-26
-101
35
58
16
43
-24
13
33
21
25
30
6
-32
-26
2
-11
-9
-7
15
-21
17
7
0
-9
-44
-74
-70
-6
-4
37
19
0
-69
-36
-5
-8
-20
49
-82
-19
-83
29
5
47
-47
46
22
11
-12
54
-17
-33
-11
-23
31
-25
-31
-5
-13
73
80
-15
-26
34
18
-17
0
-73
15
-6
11
19
-70
-8
-38
48
19
-1
-2
-36
-6
36
11
-9
75
40
-2
-36
59
51
-18
-8
9
-1
8
-40
-23
-26
2
37
-12
-5
-12
59
9
-27
-3
31
-12
5
15
-61
-24
-44
-41
6
35
-62
9
-11
2
-40
19
-27
15
-7
33
21
-19
86
48
-5
-19
13
27
41
-4
-13
56
-6
-1
-25
-4
33
22
63
16
-18
-76
19
54
-9
-1
-19
20
25
7
49
41
18
-17
17
-23
-13
2
-14
7
39
18
-20
-40
34
-28
-27
10
38
12
118
-45
-127
-82
-1
10
48
-43
-35
-41
-40
9
44
-13
-34
-33
30
48
-2
-32
33
1
58
-44
33
-48
-46
52
-74
8
90
-43
34
22
-21
13
28
37
38
92
3
29
-28
25
-43
7
-25
-7
11
-55
-54
-30
-10
-59
-21
0
-14
-16
-5
-49
-18
9
15
38
-4
-14
24
12
-19
21
6
2
-17
47
14
-6
-36
-13
-16
24
31
22
-21
-32
53
-8
35
-46
-24
35
44
-1
-12
0
-35
1
-21
-1
61
-17
12
-29
30
80
-31
24
-14
48
-23
27
46
18
55
-1
19
-31
-23
-67
-87
-1
-50
33
4
20
8
38
-8
-25
-20
9
-15
-57
19
-20
-82
32
5
25
39
-15
-30
94
5
-17
-1
-2
-56
23
-68
7
3
31
14
-15
-43
-12
57
10
29
53
-38
-17
48
19
-33
27
-37
10
-23
-21
13
30
-48
23
1
47
13
-36
-12
10
16
25
-23
-19
34
-55
-74
-4
-100
-13
11
-5
-18
-17
-36
9
-37
21
-31
81
-52
-2
38
-12
20
-23
-47
-43
-59
-45
6
-5
27
8
-11
16
20
45
-63
18
22
-7
-12
1
-20
-90
-25
6
32
-4
-19
35
23
-34
-54
-13
9
27
-4
-20
12
-29
13
-32
37
-17
-4
-34
32
-14
-20
-4
-28
25
-48
12
6
-1
-60
-56
2
-37
-43
15
-31
0
-2
-42
89
-48
-34
16
20
-39
-38
12
13
-20
40
-10
58
-19
20
-41
-6
-5
9
-1
82
-50
86
45
44
-32
-4
10
-7
-14
-2
-54
-31
43
-36
25
-20
57
-14
-20
-43
-61
-11
48
29
-10
-17
1
68
48
-47
-50
24
-31
4
4
87
27
83
-76
29
-47
-36
-34
-33
47
23
59
-1
-26
-27
-9
-5
-10
-27
-6
23
-40
17
-6
-22
66
4
-27
5
21
29
-16
-8
-70
-5
18
21
-16
-12
-39
-13
-4
68
15
-29
-51
25
-20
2
-8
-10
16
15
3
63
31
-24
34
8
20
-11
11
-66
29
3
-26
-26
4
-59
57
33
6
42
-12
-1
22
5
29
10
0
-3
42
-36
28
34
10
-26
18
-29
-16
-21
25
-39
20
-89
44
38
1
-11
8
42
2
11
-30
11
-45
3
-56
-33
-55
-35
-55
42
59
-4
-31
-14
-10
-29
0
-22
16
-38
10
47
19
1
-9
-75
81
-9
33
-66
-61
32
-10
17
-6
-7
5
27
46
-1
47
-5
-16
-2
-13
38
1
27
-23
65
6
-2
30
49
11
41
50
9
14
-8
-18
-33
-3
8
55
47
8
-23
71
-69
-31
5
-23
8
73
-21
-28
-11
-18
-28
26
7
-11
9
15
32
33
-62
-12
-33
44
-12
18
57
3
44
-21
7
-8
-35
-1
-38
11
40
79
-56
1
7
8
48
-3
-17
-21
4
39
16
-14
-35
-41
-34
27
1
3
-12
33
16
10
12
-8
-6
-10
-17
52
-16
6
73
8
34
21
-12
-20
-60
-1
8
29
-37
0
27
-2
89
62
27
27
-2
56
-7
-57
-3
35
-29
-63
-7
-38
-20
-34
22
-10
-76
-26
-9
15
17
-21
41
-22
31
46
18
46
52
-38
58
15
-47
1
-20
53
-37
-21
-33
13
-15
-23
45
-2
-23
34
-33
-33
10
32
-12
-30
-82
45
-9
-11
7
42
-58
-12
3
-22
-5
-28
-42
22
-27
-12
-52
-1
13
-2
29
-3
-11
-69
1
-46
20
-41
10
3
33
-3
-27
10
-32
-40
46
-25
-2
-33
8
-46
-17
5
12
-57
-3
10
22
-40
-5
-13
-24
-5
3
34
6
-14
5
-48
25
17
30
-37
15
45
-28
0
14
-5
-8
48
61
11
-44
-8
18
25
34
38
-26
-87
-27
-10
57
-20
-40
-25
54
-1
-50
11
-54
-44
59
15
26
-27
25
-22
-13
57
62
-25
34
-3
47
8
36
7
29
22
-8
-37
37
34
-2
7
-8
-14
-31
38
-19
49
-23
-32
11
32
-33
-28
40
30
26
1
5
13
-11
9
-35
7
-44
-27
-58
27
-34
-18
2
-18
68
71
5
55
7
16
-51
-39
0
-17
-8
-13
-40
53
26
-38
20
-68
-25
-6
-64
40
-65
-32
23
14
9
32
51
-36
-32
-14
11
-18
-43
46
30
-9
-69
-49
32
108
8
21
0
-24
-13
-69
47
-42
19
19
52
-7
-16
8
-47
34
5
2
9
-48
35
-13
-16
42
87
-19
-38
35
16
-4
-20
-48
-27
-4
-7
-20
85
16
-29
19
-43
-59
72
46
-16
43
-41
-27
-43
29
-42
-84
27
-89
-27
-39
-39
-13
-83
2
63
-10
-73
-10
14
18
-5
16
-5
51
-16
-9
22
-15
-10
-3
10
46
52
-2
104
-5
-69
-18
-43
62
19
53
-28
-6
25
-7
-12
41
6
26
48
20
-35
6
86
64
53
-76
6
-42
2
50
-61
33
10
-32
22
-20
66
-35
59
-15
20
33
13
5
19
-39
14
-19
-19
68
52
55
-8
-19
-1
12
44
-14
-7
-34
-55
-13
45
-20
-57
23
37
-29
17
27
6
-11
4
2
9
-45
-10
-12
-4
-36
3
33
-66
-34
12
36
40
-2
13
-49
-55
10
-29
-24
18
-17
43
62
35
-6
-3
35
-63
-18
-9
31
-42
-15
-39
-26
19
3
30
23
-4
57
19
-6
78
-40
1
-4
-37
-59
-81
-4
-17
44
34
-44
-29
12
10
7
-33
-37
34
-60
-27
10
-13
-67
39
-17
-66
-42
37
-18
-20
46
16
-3
3
3
5
-33
48
-6
-15
-35
-24
61
-26
-2
-1
4
37
-68
15
-21
-41
-4
-54
-15
9
-50
1
-10
8
17
14
-30
-26
-8
-54
-47
26
41
24
-49
1
17
-14
32
4
-59
-57
17
16
-29
-74
-27
17
82
-37
-71
-7
1
-40
-38
7
11
71
-44
47
-16
45
-34
8
28
19
7
16
-60
8
-7
2
11
-29
-14
34
-12
31
-5
-7
-20
-86
6
20
34
42
22
-23
-58
-79
-84
48
6
66
-2
25
-92
-76
12
14
-69
-3
-16
-2
-7
-31
13
-19
59
-13
50
-44
-38
-15
52
43
-24
-24
15
57
-47
3
3
15
-12
2
-46
11
-5
0
-31
30
15
-5
35
-28
13
56
-24
27
0
34
-22
-12
17
-12
-14
24
5
60
-33
-90
-25
67
41
-26
40
21
-17
-29
60
-5
19
-47
28
-7
-46
74
14
-50
-34
-54
21
-85
-38
28
-14
-67
-14
20
-15
-5
9
-27
29
24
-72
50
114
53
-3
31
25
53
-16
-50
-35
-16
-21
32
-5
1
20
-5
2
-20
-57
57
-30
-43
11
17
0
8
6
-21
-50
19
-31
-22
3
-10
28
-59
-55
-33
-8
-5
14
11
23
11
7
29
-80
38
-49
4
-11
-30
38
2
-9
-19
-36
-5
36
40
12
7
77
9
-24
-23
-27
-11
57
-44
34
66
44
24
-20
-54
13
0
41
-13
9
23
34
46
-5
17
-45
-50
-29
19
83
-36
0
-14
9
41
8
-22
-71
9
31
11
20
-54
-11
-24
-28
-4
16
-79
1
-36
-37
32
14
-32
19
-11
19
78
14
46
2
98
16
22
20
17
-55
53
37
7
-28
-47
-68
31
7
-16
34
25
37
-48
10
49
42
10
-29
-3
-44
-33
29
15
48
16
22
62
-52
-20
44
32
35
25
-3
0
47
17
-54
33
12
-9
-5
52
30
-44
30
-59
21
-27
59
8
21
65
-8
-16
-12
-25
-3
-2
-10
-12
-13
29
48
-41
17
23
40
-6
-8
-17
12
8
29
24
48
29
-21
52
11
-24
42
69
-20
42
-33
22
13
-82
89
42
-23
-49
-37
27
20
-14
-28
-12
8
-35
15
-43
7
49
16
-32
37
54
-61
-35
12
-47
18
-102
29
16
-21
28
-22
-11
-4
-4
68
-67
-11
5
-2
28
57
31
58
-29
-11
16
-20
-27
35
13
58
10
26
12
-10
-7
22
-33
-58
-11
-12
33
84
-1
5
-42
-3
8
8
-39
-22
2
52
65
-16
-32
-61
-28
17
-32
-1
-18
56
-8
-2
37
0
-43
46
-55
-41
29
-1
-12
55
13
47
-32
72
20
-45
-18
56
-2
55
20
-35
-79
27
-8
-27
-38
53
-46
53
-69
28
49
-4
39
-14
-10
5
20
23
21
-25
1
29
0
0
-56
43
107
-28
10
18
-24
18
-8
21
36
8
25
32
77
-72
-18
-14
39
-14
-20
-16
-54
37
-7
-66
-38
-94
-12
-8
-15
-20
-32
11
-6
-8
-23
2
33
-38
-22
20
-1
50
-31
-69
36
9
-7
-13
20
11
-65
-15
31
-18
3
12
-32
28
-16
-12
12
0
-50
43
-6
12
-4
37
-47
-11
43
-31
-11
-54
-6
4
6
-55
-2
73
34
-1
56
0
12
23
-19
59
3
-37
-4
51
-3
-58
44
-17
-25
14
-25
-52
41
11
-7
-51
-67
27
-16
-45
5
-35
-26
20
50
2
-70
48
9
37
-65
17
2
65
-14
-33
-10
62
-17
-11
-15
-27
-19
-55
7
-19
-62
-7
-33
3
57
-32
-9
-18
26
33
48
45
4
9
-2
-72
29
10
27
11
35
22
32
9
-17
-23
65
24
-9
2
-30
104
-5
-52
-34
-70
30
12
-7
17
4
73
-50
12
-31
-8
-34
-39
37
30
-44
-21
1
7
-20
13
38
27
25
-28
39
25
16
-25
20
-77
-30
13
-25
-10
-3
-9
-92
-31
-36
45
41
-47
-42
-21
2
-89
-61
13
-49
-17
-9
-9
-51
11
20
44
9
-23
-32
6
8
-46
13
-23
91
14
-20
-23
-24
38
26
-12
52
29
-5
9
29
43
81
48
1
21
-21
-59
-35
87
45
-32
3
-50
-56
-17
-17
27
-44
24
30
-15
-38
-29
-42
-62
64
27
-28
-83
-39
-7
61
-9
-30
41
8
-26
-22
25
-36
-11
59
23
-17
70
59
-30
-30
-30
11
-49
53
34
-45
-1
43
-36
19
15
-56
2
23
-6
-7
-86
-99
-3
-92
4
-40
24
29
93
17
42
-1
32
83
6
-23
30
5
-15
2
6
-36
15
1
-9
55
-32
14
-13
-18
-3
-19
37
19
-67
-62
-8
46
14
-16
-35
12
50
11
-12
-18
-64
8
-43
-2
-2
39
11
-42
11
-22
21
12
-82
20
-72
15
4
-26
55
-8
-19
48
65
36
10
-7
-50
-19
3
46
50
4
27
-33
41
-63
-73
-46
10
16
-4
8
-9
10
-9
19
-23
2
-47
-40
-28
13
-2
-13
-32
10
54
57
31
-30
-3
58
-50
69
25
50
-6
51
-8
-34
15
-23
-46
-14
5
40
-19
-32
-14
-14
40
-15
-31
12
18
53
-16
8
-9
2
-1
11
-34
-6
17
-59
-15
-59
9
46
-4
-14
-1
29
31
3
-25
18
36
13
-45
-76
45
-3
-26
-31
44
-1
23
31
1
31
-44
-9
-65
12
91
-32
-22
-65
-7
-6
-50
30
3
-12
21
-30
21
61
-2
-22
-21
-30
68
-7
-26
-51
41
-4
52
-1
-66
-31
15
-38
64
-85
-45
-24
40
21
-52
26
20
-9
22
-23
-39
-36
-26
63
12
4
-32
-12
-61
15
35
-6
55
-8
26
-20
-51
47
-25
7
-30
51
-35
-43
1
-40
14
56
52
-33
-14
5
32
-10
-24
2
45
19
-13
30
-12
33
42
-56
-59
-80
-18
1
-50
63
-32
-23
-68
-67
-11
50
-25
-25
-20
22
-54
-34
8
-23
-45
16
27
13
8
-23
15
0
1
35
41
-24
44
-62
-11
-38
13
-9
-9
12
-22
40
-10
-37
-28
7
23
-41
-59
49
28
-24
56
33
7
0
8
-50
-41
-22
-61
6
-19
-28
20
31
-52
-4
4
-33
1
-8
3
36
47
3
25
-25
-8
26
15
20
-15
29
28
-58
5
47
-63
21
-1
-62
-4
34
16
-39
16
-2
-15
48
-22
-42
-70
4
-42
35
-19
-32
56
29
-12
-3
-17
67
28
-86
88
-5
-29
13
31
50
1
26
8
18
4
-28
-28
-8
-53
-20
64
1
22
36
-24
-9
-69
-50
-10
38
-3
31
-3
-59
-49
11
2
1
58
5
-35
12
26
-13
3
49
-65
56
-16
11
16
18
-21
-3
43
9
-77
-92
24
33
7
55
-33
38
38
0
-64
-1
-12
-33
-25
19
-1
-13
7
-26
43
-2
16
18
-36
-58
18
-81
10
0
45
14
7
32
32
-9
63
61
-33
-39
44
15
28
-9
-85
39
0
-2
25
65
84
-2
-17
-41
58
18
5
-12
55
14
-37
16
25
31
38
-93
73
0
-6
-12
-7
-2
26
4
-27
26
43
-20
2
-57
-37
-22
34
20
15
3
66
-78
3
26
18
-33
-23
-18
-84
-77
6
-4
-16
18
86
24
-60
3
7
-1
-48
16
-4
9
-10
8
11
-14
-10
-72
-8
-2
63
52
14
-50
-2
51
-58
34
-9
-1
-9
-45
-11
52
31
21
-87
-55
44
-11
43
12
6
-14
-64
-3
-45
-60
-30
-21
21
-22
-33
-13
9
-2
-52
30
3
0
-59
23
63
15
2
6
34
2
82
-14
61
-81
-62
-11
-2
34
-26
-53
19
-22
68
-20
-30
72
-30
-21
0
17
-24
41
1
-49
-6
11
-10
35
58
45
-23
31
-22
3
37
-52
50
41
31
-48
-3
80
-16
-58
66
-8
-22
-7
-14
-42
36
-17
-52
-137
-38
-50
-1
-7
-29
43
-11
-18
12
0
-73
39
-20
-2
19
48
-30
22
35
-63
-25
15
61
-57
-13
-29
-12
-50
89
8
3
10
-24
-55
-8
20
26
5
-21
-7
-28
-30
3
-18
31
-36
-65
24
50
-47
-17
-32
43
-30
61
-62
-48
24
-20
-7
13
-53
29
40
-14
15
9
-7
-42
11
-24
24
-22
-34
43
-21
-47
-29
40
-26
42
28
20
-62
1
-20
32
-20
-43
-43
-9
-38
-30
-28
-23
-41
17
-29
6
24
-9
15
23
67
2
-12
27
24
92
47
-91
30
20
41
15
-84
4
12
-31
-34
27
27
45
-6
-32
-57
30
58
23
-28
40
2
-21
31
77
-63
-10
48
-42
-1
-54
-19
34
45
-4
-48
-10
15
-13
69
7
41
26
-31
46
25
-71
-15
-87
22
-25
14
-9
97
-11
-39
16
-26
-48
-6
10
28
0
19
21
-32
-23
13
6
20
-13
-5
-10
93
12
4
18
18
20
17
11
15
9
10
-67
-62
40
24
-65
15
48
-33
8
11
78
26
-2
11
-10
4
-18
-20
-70
-65
44
6
-15
63
-14
56
14
-25
31
-17
-18
-5
-27
35
-54
-7
-9
22
6
-70
31
-88
-4
-43
-42
-14
-17
15
7
-30
36
66
-2
-4
-4
26
-3
-32
56
-37
-84
54
-48
90
-3
-15
-52
-64
53
24
29
-58
13
11
30
-41
13
-9
75
26
12
30
-21
-25
-16
42
-32
33
-57
-72
60
52
-40
-6
17
41
-24
-1
-20
-24
-28
15
-52
-18
28
-5
-19
-30
-1
24
-15
27
35
7
33
-49
-23
18
-21
-45
-1
73
-14
69
-53
57
5
-30
-53
-11
1
13
-7
72
-38
-21
-25
-57
24
32
25
-35
-48
-13
-14
-30
15
20
15
-8
69
12
-28
-29
35
-35
-68
25
-9
34
-28
-19
-8
-36
10
-63
50
12
-17
18
27
-53
55
-50
-2
-49
61
-24
14
39
-56
-12
13
2
-80
31
8
-49
-38
-25
9
-62
13
-51
28
9
-18
56
121
60
-89
-51
44
12
4
-26
-9
-21
-32
6
29
-34
25
-14
25
15
25
-29
-7
-32
-24
-73
-1
-19
13
32
-44
-18
8
0
-8
-17
56
5
40
-12
-8
-64
-5
-72
32
-76
-60
53
33
-60
-5
-35
-28
-5
-35
38
-47
5
-28
-10
-40
64
24
30
-8
-52
8
11
-12
7
13
-12
79
25
-45
25
-16
21
-3
-88
-14
-10
-33
-2
3
-66
58
77
13
-6
-8
-75
-48
-24
28
93
-36
32
-67
22
52
-11
-23
-21
-27
1
25
38
-24
-30
35
-30
-43
-6
19
8
9
39
-16
8
-31
-55
34
-47
-5
81
21
40
43
55
0
14
69
13
-16
-48
1
-36
60
18
-59
-38
-8
-8
-5
-32
-25
-20
-10
-54
-55
25
19
5
-29
-28
-92
-15
-3
42
-4
-58
15
-26
29
24
38
123
33
-22
42
85
-20
11
-41
-5
8
-15
3
62
11
-27
-28
13
-29
28
47
-16
-10
-6
-72
-2
4
-19
38
-29
-23
41
8
80
-50
-33
55
75
-29
-13
7
-57
30
32
-58
-46
-34
-86
1
-6
8
13
-1
24
-4
13
-21
8
17
-52
-31
-6
-47
14
24
-25
21
31
-38
-42
-12
-13
-6
2
-39
20
0
0
-28
-33
42
54
-4
23
30
-14
33
-55
28
42
102
18
10
22
-82
-5
-20
-46
48
8
12
-30
-36
-44
30
-32
56
-30
38
28
12
26
34
-62
-13
-10
-37
-52
-21
20
23
26
-26
-33
26
-36
70
-27
20
-29
31
-11
-39
-17
14
-29
-11
-54
12
-31
18
-21
82
4
3
4
-29
-20
-27
27
-36
12
-20
-55
73
10
-31
-10
12
45
41
34
-46
-5
-9
-19
22
-14
51
39
-18
66
51
7
-34
-20
42
-15
-28
-36
-43
-25
41
-1
-80
-12
-14
-25
-32
-46
-27
23
-6
-6
-29
-24
6
-9
-54
-36
-48
45
-14
-1
7
58
0
18
-38
-35
-1
10
1
-55
-37
-8
4
-37
74
-21
28
-7
43
27
37
-3
32
-15
69
7
48
29
-37
83
19
-76
-28
-32
22
-7
-6
6
-37
20
-31
29
5
-2
42
15
-14
85
-37
-6
97
-30
24
-54
33
-57
5
64
38
-1
-1
5
41
-23
-12
33
-38
3
-25
41
-39
-8
43
0
-9
5
-45
-53
-2
-34
25
6
-5
-87
21
-10
-7
6
50
12
20
19
-10
-39
15
20
28
36
8
-6
-44
9
41
-22
-15
6
49
-100
9
60
-20
68
-27
-51
66
-5
-21
-8
-23
-25
3
-5
37
-11
-5
-76
14
-17
15
-41
13
-9
-40
-40
53
-5
4
-2
9
-22
23
-24
36
-57
-10
-11
13
-73
-26
40
-2
18
-26
-41
46
-49
-24
83
38
3
18
-46
25
-22
13
26
8
28
18
-25
6
-24
21
15
42
41
44
44
55
-18
-7
-44
-23
24
-13
4
14
40
-11
76
45
30
-28
-62
-68
-28
18
-71
-1
-7
63
12
24
12
17
8
28
-6
-64
-26
28
-70
-52
-8
-87
-33
38
0
-23
-42
7
-1
8
-14
-82
-7
28
17
84
22
22
26
135
-85
66
63
8
0
4
8
5
20
2
30
57
2
-19
55
-29
-1
32
54
15
68
-43
-46
48
-36
-48
67
-22
3
20
29
-32
14
16
0
-20
-36
-32
2
105
41
41
-15
23
-56
9
-2
16
-50
29
-27
-41
-38
-31
-7
38
37
24
15
-8
-59
14
-8
-12
38
1
30
59
-64
17
16
40
4
-19
17
71
-46
-34
-51
8
20
-78
-27
2
-15
-12
-24
-17
-33
-18
-5
-2
-51
-75
-4
-45
-41
-7
-28
-31
-12
4
47
2
16
-3
-16
8
-9
7
-33
27
2
6
37
-22
17
4
-17
79
14
26
-6
-9
-76
16
64
-104
36
-66
-16
-31
62
-61
-9
2
36
-33
22
-8
-11
12
12
-19
-87
-6
-13
4
-8
37
18
-2
-25
9
-25
-19
-12
-63
-79
5
10
-50
9
26
71
-51
-23
29
-13
-25
40
-72
23
-29
-3
-19
78
26
45
-14
-25
12
20
-55
3
-46
-36
-12
-31
-28
51
-30
58
1
65
9
4
-36
-18
-21
12
-32
-82
-31
-28
-23
0
35
-6
-9
-67
5
-39
35
-18
-29
-13
-49
-69
102
-12
76
-41
-63
-10
39
69
16
-7
23
-13
-46
28
26
40
-20
18
15
-26
26
25
-42
5
-69
77
67
-45
-27
42
-38
-45
-24
-22
-35
1
33
-34
-39
46
26
1
6
16
-32
-117
32
-42
0
23
25
18
59
32
7
31
10
76
11
-10
20
78
9
-1
-38
31
-67
-10
42
-3
-38
17
47
-4
17
24
-7
33
-53
-38
-11
-47
0
6
-29
-62
21
-10
29
-35
23
8
-5
-3
-3
23
-14
-50
-10
20
37
-74
-61
-7
23
48
5
-3
24
24
8
70
33
-2
22
-38
17
31
43
-16
53
25
-23
-17
-8
39
-20
-29
23
-33
-48
33
-9
8
-1
5
-7
1
-18
12
1
-17
-46
14
-27
18
-36
-48
-10
19
0
-9
-58
13
23
-18
8
-15
34
-55
-12
11
44
37
-38
-65
-31
-64
-15
35
26
34
-28
-43
-10
73
18
15
-5
-21
12
-34
7
29
63
65
5
-58
2
69
54
-25
-3
72
29
8
-47
-20
-6
6
-75
-9
-21
9
46
0
56
-25
55
-7
-19
-59
36
-16
27
67
-41
-4
-6
68
23
-25
-11
-13
10
88
17
2
1
33
23
-33
31
-47
12
-18
-53
-44
-33
-43
43
51
-19
-11
-14
23
20
16
-26
92
-48
65
27
40
-50
14
17
-19
8
2
-109
-31
3
0
-37
2
-10
45
4
-59
-35
-16
-32
-19
-11
-11
-33
-3
7
176
-20
66
-35
-33
59
-16
42
-35
-34
-38
-8
-2
-24
50
32
20
40
-5
65
25
-42
48
-8
22
37
-8
-15
67
-64
-20
42
-22
-6
-60
50
-26
11
-3
-68
-6
-28
-6
27
42
-15
-4
62
-26
-32
35
-26
47
-2
-18
31
-15
11
6
-4
-79
24
36
-36
-31
-7
28
-15
-12
45
-25
-27
23
-28
34
7
5
19
-34
63
-46
-64
-12
-52
60
32
48
70
33
6
-36
-33
-23
43
28
-68
6
-71
-25
-45
-11
-16
-63
15
54
71
39
-3
-7
-11
-79
15
-36
38
-4
10
-19
-26
-24
0
72
6
15
-6
13
8
-20
-33
62
28
29
-81
-58
42
1
-39
-20
6
-49
-34
-46
32
-61
56
16
-17
28
23
-28
9
25
1
-10
43
-42
-21
-22
30
2
-7
22
-25
3
30
-47
-30
-35
21
-66
31
-12
7
-18
14
52
23
0
-11
7
-28
-18
-8
9
25
-38
73
-25
-12
23
50
10
18
-27
11
0
48
-6
30
36
-3
18
0
23
-30
-1
-17
11
43
-36
-24
80
53
-17
-24
32
-12
107
4
62
-31
37
46
-69
-43
-46
38
140
13
29
19
16
52
37
21
-22
52
-10
4
3
-11
-40
-2
-38
7
47
24
-7
-77
-55
9
-10
53
-10
-8
-8
50
28
-2
1
-44
-45
19
54
2
-2
-12
-24
3
17
23
36
62
-5
-7
22
3
19
3
39
35
6
-14
44
22
-17
62
-50
-49
-22
-15
-22
-1
-6
21
36
-52
-1
16
0
-23
-10
40
-7
-47
-11
80
7
3
52
-40
-76
21
57
-58
-38
-18
-4
-40
-51
-28
-1
25
-4
17
59
59
-1
-13
32
-8
-35
78
34
-33
-13
-12
47
7
-23
-21
49
51
-4
-27
-39
52
15
-41
51
60
45
37
35
-6
-15
-50
6
69
-25
30
34
-56
-20
-29
13
41
-20
-16
39
0
-27
35
-17
29
-3
16
3
-4
1
-23
44
-54
25
-11
-74
-2
-8
-20
-18
-37
32
26
-25
38
26
-24
25
-5
25
-10
-11
-36
25
-21
43
-65
22
16
0
-8
58
-13
13
-14
28
-13
-5
29
-63
-8
-1
14
25
-19
-3
-11
72
-22
-7
11
8
40
20
50
11
-67
44
-7
-29
-22
3
80
-89
-7
37
-45
26
-48
-12
-27
-41
-18
55
5
17
-25
24
-83
4
-4
19
3
25
-76
-13
-45
3
50
-110
-14
37
-22
34
-19
-2
52
36
-39
-11
48
-39
24
31
-43
26
-51
-14
-64
-67
3
17
29
-16
4
39
-12
-2
48
70
-54
66
-29
-58
-82
-26
5
51
16
-78
43
-52
-60
12
0
33
-33
9
-2
-65
28
-27
-3
64
-28
18
-23
1
34
-66
-11
-55
-51
-48
-1
2
-8
60
6
-70
36
-32
18
24
34
29
67
-36
33
-24
-60
3
-12
-34
-29
19
-33
-34
59
-45
4
72
10
-39
-55
21
49
-18
-7
9
2
51
33
-46
51
26
60
10
26
2
-68
62
-4
29
-16
-24
23
-44
7
-45
7
3
3
-12
-2
-25
-14
38
57
-52
35
56
5
27
-35
-8
39
14
-1
7
-26
16
39
-17
-61
52
-45
4
-15
16
4
14
52
-23
43
-70
18
-51
26
-39
-63
-40
40
-16
-8
43
8
2
2
-34
40
-35
57
6
-8
32
60
106
-18
-45
26
-15
-28
-37
82
13
20
22
4
1
39
32
-14
95
19
3
75
-59
18
38
4
14
2
-55
13
-48
40
-43
30
21
45
-81
-13
-5
12
-6
-37
47
9
-29
-42
21
35
19
-44
41
20
-19
38
8
-23
16
-39
-14
-8
-20
9
-25
22
14
8
3
68
-19
56
-39
4
-76
34
-88
-1
25
58
15
0
-63
8
-6
-26
-42
-40
-49
-27
-13
35
-31
-43
25
-14
41
76
-30
-8
48
-14
-18
7
43
24
-5
14
-1
43
-36
-22
-28
0
13
12
-19
-7
47
26
56
-32
16
44
22
-75
30
-11
-29
68
-17
-22
-16
57
-38
-3
34
24
-48
34
70
-8
-92
11
-50
22
-60
56
-15
10
13
52
53
-10
43
19
23
37
12
53
-35
3
46
25
-1
-20
-21
41
-29
-22
19
4
5
-43
-35
24
30
-12
63
4
-33
39
-37
9
1
38
11
-69
8
6
1
22
-51
34
-34
-64
83
-22
-45
-125
30
23
-18
14
-10
6
-27
-51
-20
-29
-59
-33
12
-39
-9
86
4
72
16
50
-2
17
-4
85
25
-51
-22
27
-40
-38
-24
-12
-10
5
-6
-9
62
-33
-24
3
-64
-32
-17
52
8
-34
-31
5
-22
-13
-28
-41
6
-45
63
-37
-15
-18
-77
6
-37
-41
28
19
42
-55
-15
66
-4
8
63
-42
-71
13
-11
-11
-5
18
-12
-15
38
4
11
49
12
4
-49
50
-16
10
26
85
41
9
13
-1
0
-51
46
-5
35
13
-18
-35
-41
24
5
-31
49
22
-47
-26
21
-93
74
8
-39
14
-12
-30
-17
34
-46
-14
4
-1
-4
10
-53
-7
-36
-4
0
-54
-38
-18
-22
17
-21
-65
28
-13
1
0
-13
-4
66
-35
74
3
-84
20
-25
40
4
4
-44
-33
-21
-19
-17
74
66
1
40
17
2
-1
-70
-12
-16
2
59
-8
48
-2
46
70
11
-3
12
-60
48
31
37
-82
39
-11
-23
27
8
-25
11
18
25
-10
65
73
-64
26
15
27
20
-13
-34
6
11
56
17
0
-30
-6
3
31
-2
63
-8
-24
-13
10
-41
-27
-1
-32
19
25
-62
-10
-37
4
37
29
-26
-16
-34
10
-30
52
13
32
-37
-9
-4
47
-5
20
22
-45
17
-39
5
-31
-15
6
39
-34
-45
51
3
33
29
-2
25
-41
3
93
-26
76
18
-78
8
50
15
1
32
17
30
-31
-48
21
47
-22
-13
23
-68
25
-13
-30
6
-11
8
-26
-1
8
43
-14
-23
-35
-14
12
13
17
-46
-26
59
6
65
60
11
44
-49
-14
25
45
22
69
9
30
8
-59
-1
21
-41
-50
-7
-59
13
63
7
14
-55
18
29
42
15
-15
20
-12
-48
13
34
-53
46
-20
0
-31
14
-47
29
