25 60 49
0 5
0 11
0 14
0 23
0 24
1 10
2 4
3 1
3 13
4 5
4 7
4 16
4 18
5 9
5 24
6 7
8 9
8 13
9 3
9 17
10 7
11 9
11 24
12 2
12 11
12 21
12 23
13 6
13 7
13 13
13 21
14 1
15 3
15 23
16 1
16 15
16 20
17 23
18 14
18 20
18 24
19 11
19 13
19 17
19 19
20 4
20 6
20 17
20 19
21 10
21 18
21 20
22 4
22 10
22 18
23 0
23 5
24 6
24 11
24 17
24
7
33
37
13
43
0
4
42
39
17
56
41
58
22
30
44
5
6
59
29
2
10
40
8
53
49
34
57
21
35
55
23
46
38
47
50
28
3
48
1
26
36
32
52
14
54
27
19
25
15
45
51
9
11
18
31
16
20
12
-79
135
-80
-58
-69
23
13
28
10
25
-22
70
44
66
-10
-67
19
15
-54
38
38
40
-34
13
27
-13
-54
29
10
-26
-55
-78
-26
-2
18
0
1
-14
27
-49
57
16
12
-24
-8
-107
-37
-13
3
68
-25
30
84
43
-23
92
-7
127
-125
-40
-7
-6
95
-34
-25
36
9
32
48
24
-80
-1
49
12
-14
-7
-31
-46
-85
77
-17
-5
58
-102
-4
-16
-7
-45
34
55
-82
-39
29
-60
7
20
13
-100
34
-2
29
35
32
90
-30
-42
43
-64
76
-59
13
-18
-87
-40
34
9
8
-25
-56
-24
50
37
29
3
116
8
-115
-53
12
45
82
20
15
-8
-21
-7
21
-13
-19
6
-72
32
-21
51
-69
2
-38
-4
71
-50
51
-22
12
-92
-23
-86
21
56
-6
-37
20
43
46
-38
-34
1
53
2
-4
-64
25
-23
-79
47
51
1
-41
32
12
0
0
-19
-14
-65
30
-72
48
20
-24
15
66
9
21
59
-14
-63
20
29
87
-42
81
-4
102
46
19
-49
1
-87
133
52
2
44
-41
35
-12
56
-37
6
34
13
-54
-37
-2
7
51
31
-17
43
-66
-57
13
-4
-50
44
33
25
-12
76
-35
-106
99
-19
51
19
-5
2
-76
-28
-50
25
60
81
-13
-26
-37
21
-17
-93
-34
29
-2
-145
-16
-124
99
46
-3
-33
-36
23
21
-50
-17
52
-65
-26
-8
78
30
71
19
5
58
-35
-41
-44
-63
-40
-20
12
10
-36
-20
-15
-35
-28
-17
-32
3
-36
20
3
-40
-64
7
-52
-33
58
74
-40
27
-7
81
4
-39
-24
13
11
-49
-32
42
84
-26
75
-59
24
-41
29
-155
-37
-29
2
-11
52
12
-107
-78
68
-36
32
-31
39
-33
37
-102
42
46
-49
-25
8
96
65
32
23
50
41
-107
33
-6
-50
-19
-1
62
2
-49
65
-32
-142
28
45
56
-3
-98
-32
67
40
-32
18
-8
35
11
-57
-89
-2
19
-79
-42
-23
7
-55
-31
-39
28
34
-32
14
30
-66
-18
-40
-68
29
-74
-36
78
-1
-3
38
30
22
87
7
33
1
43
30
47
-60
-7
-6
-6
18
83
82
2
-30
-34
50
-3
-74
-18
20
91
30
-92
-4
-33
9
52
23
-109
-48
70
9
-21
86
-5
84
-88
-38
-98
32
-38
48
-85
27
19
-48
25
76
11
10
-34
77
98
-12
125
36
-57
50
32
-37
28
-5
-83
-34
-60
24
-12
-13
80
19
14
21
-26
-10
99
-1
37
-63
60
-39
-128
-16
-14
4
32
-94
-63
34
-43
76
-18
-84
11
63
-33
-26
19
3
3
35
-37
31
108
47
-25
-77
-26
-34
58
44
-50
2
-43
42
36
64
-69
-27
18
34
20
-30
40
-46
-86
-17
-4
10
-12
74
-31
-30
77
-20
20
17
-21
100
121
-67
39
43
-6
10
51
-35
-60
2
-72
-12
34
50
-67
13
40
-27
13
4
-47
8
-28
-83
88
11
-2
69
69
13
-14
18
19
-33
24
28
-71
6
0
22
64
17
19
17
36
-68
-24
-4
8
-89
25
15
-34
56
19
-108
62
3
-16
-29
-46
-101
15
18
-39
40
-4
13
-40
19
40
-3
23
12
36
93
67
10
60
65
17
-8
14
-32
-31
-32
-41
-8
37
9
2
-70
-23
-46
-68
-62
8
-61
-45
-5
-102
25
-6
91
-16
45
66
-7
28
-46
6
65
24
-29
-55
-9
-3
-26
79
75
68
-12
-8
-16
-15
38
-24
40
59
-61
37
64
26
46
-18
-91
20
-41
24
32
-67
-13
25
46
-21
6
-65
23
77
-14
37
-5
71
29
-25
-53
41
-12
-19
59
-29
69
-22
-37
83
-108
-57
-63
-54
-30
-26
-5
-15
-62
8
27
-63
122
-25
64
-56
16
6
-5
-32
-52
4
79
5
36
89
42
-13
72
58
54
-17
66
-21
116
-62
-11
-7
-42
-37
34
-9
29
8
-40
-15
-7
19
74
28
37
22
-59
-102
-13
-83
36
-63
24
18
-33
-4
-89
-30
-39
1
-41
-42
-73
-14
-80
75
-59
-48
-76
35
126
122
-21
-60
11
8
24
-39
3
23
-18
-84
77
-13
21
17
14
-54
-51
48
10
-10
16
-8
43
68
19
32
-42
10
13
-27
36
17
43
-45
-62
21
9
-25
7
2
-11
14
8
17
-22
13
44
-18
-13
-13
90
-55
54
-15
27
20
32
33
75
-11
0
-43
55
-75
-108
4
-20
47
73
27
-90
39
11
4
7
1
31
-15
4
26
0
-83
-25
67
50
-4
45
-35
-38
0
-95
58
-51
-68
-25
64
76
-56
53
-27
45
-68
18
12
-42
-24
54
-36
-90
26
-143
-8
71
-7
80
37
-72
48
-19
-47
67
41
-127
23
0
-37
-22
-26
6
19
-31
-32
54
7
-11
-45
-75
27
104
-23
-52
76
0
41
41
-33
-9
55
97
-19
27
8
-81
18
40
-66
101
73
-56
-21
9
-9
69
57
-163
-4
-62
-1
-58
-22
-12
-77
-69
-8
-50
-2
41
78
-53
107
-60
-11
50
-19
-10
-117
62
-90
-55
-3
-64
0
-69
59
33
-94
-44
53
47
36
0
-18
130
-46
-18
-22
-2
-5
-8
-105
-6
84
-44
-65
-14
34
-20
-36
76
53
-55
34
-39
23
3
18
-10
-12
75
45
22
-52
-75
40
28
63
-28
80
-46
-80
-9
-13
32
-8
14
31
119
50
17
-15
-36
21
-60
-22
-10
53
17
-55
-5
51
-133
-21
35
123
24
20
63
81
-24
-75
18
33
-15
-81
-64
65
18
31
-21
-16
22
48
82
-49
156
-51
13
58
-37
21
-18
27
7
66
0
-46
40
79
44
23
6
67
-26
-128
-3
12
30
-10
-20
42
58
-50
-89
62
-26
-82
73
-33
7
-20
-61
54
2
-37
47
11
-9
59
-31
16
34
-1
25
-53
-4
-6
88
73
-67
-109
-12
49
-77
-26
49
81
54
-79
71
-32
-84
24
-19
35
-11
69
163
47
-61
-49
-40
-71
20
-5
90
-94
-21
6
15
-37
-19
-8
-11
0
-1
-58
0
-6
-26
36
34
-40
60
15
-28
27
-56
135
7
-8
-71
52
16
91
84
71
16
-19
29
58
9
28
22
-16
34
100
34
-95
23
55
32
-30
-63
2
-13
-46
-27
96
122
53
-66
101
-47
0
68
-10
39
15
-16
-30
54
-42
-59
16
60
109
20
57
48
-16
101
17
95
-137
-16
-108
47
38
56
-54
19
-11
30
85
14
6
-84
-6
-64
12
0
-35
41
-49
75
68
-50
12
-22
-34
43
-67
-68
21
-1
20
-19
26
-92
-40
5
42
12
-16
-15
-19
69
51
29
7
-112
34
90
-69
-46
-73
19
-150
29
-48
-45
42
-85
54
60
-70
24
-9
-18
-1
-16
9
43
-56
-1
25
-22
-71
-66
37
-72
-22
31
51
5
8
14
-2
15
36
78
15
-57
-36
62
21
-84
-57
59
-32
49
49
58
2
-13
14
-32
60
-5
-8
73
20
4
72
-34
-61
54
-38
11
25
15
23
11
-13
14
-6
-25
-112
-60
-83
43
-13
9
44
13
9
-29
20
-84
-51
49
-51
53
52
-19
-20
-28
22
118
-4
-8
3
5
-35
64
-47
83
-18
-19
22
-95
-21
55
-7
-27
65
-19
-66
6
100
-16
-8
-45
-16
12
48
-14
-38
-18
19
0
-40
85
14
16
-31
41
103
-93
-70
122
-91
11
23
-18
27
-60
78
22
57
-67
-79
71
86
-35
57
41
-69
23
-15
-24
5
15
-51
81
-36
28
8
15
48
14
-7
-27
95
5
-36
-59
-6
13
16
39
-21
-86
44
60
11
-25
-51
-46
106
-32
1
-18
-21
20
-75
-121
8
-6
52
46
-102
-32
-14
-41
-25
-43
71
48
-17
-32
-85
52
-35
-58
59
8
-53
-20
-82
-37
-9
76
0
-48
27
20
-9
-4
59
-77
-41
0
-13
33
-7
10
47
78
58
-26
-31
1
-68
5
-43
73
19
-34
18
21
-18
2
33
-36
8
120
42
8
-6
37
-8
49
-64
-38
25
9
9
37
-64
-44
5
85
2
-9
45
27
-139
19
-26
56
-13
-86
2
13
8
4
58
62
-37
68
-63
-36
21
17
28
-76
2
-35
-16
64
49
21
15
76
21
30
-10
42
14
74
23
38
-106
-52
80
30
-12
-36
-39
1
61
-10
-3
-12
6
-1
-8
-30
67
-26
23
1
53
53
11
-27
-14
-43
143
23
13
-10
-42
0
58
94
-40
100
-15
-74
-77
17
12
-18
-7
5
29
-8
-11
38
5
-135
-60
81
-56
-3
9
135
8
-48
10
-51
-27
59
-52
41
3
-8
48
-17
41
-86
54
-13
38
-16
42
7
-8
84
4
-23
-32
17
-116
-62
5
20
37
2
-81
-32
-65
73
9
-49
-11
28
-91
-33
59
-92
-145
59
-50
-89
47
73
75
-35
14
-89
-4
38
-1
-18
-38
27
7
15
-7
4
44
11
-71
34
20
-43
33
83
-46
59
-27
-29
-21
-32
12
26
-121
35
14
8
20
-4
34
-47
19
33
-27
-4
94
57
21
36
58
-78
1
-62
-1
-15
34
28
21
-91
74
-49
-12
-41
-42
89
133
-54
25
-60
24
-21
-54
-64
51
-78
16
-24
86
96
6
24
21
28
53
5
-40
-11
47
-80
62
86
80
7
-1
85
108
63
-77
-28
-73
37
-22
-6
18
32
23
66
92
83
-53
-9
-16
-93
129
-75
-5
-32
26
-7
19
-38
16
-37
-22
-24
6
-18
-35
35
93
49
25
19
4
16
-9
-63
-13
-62
-7
-57
-1
-38
47
83
78
31
-64
60
-46
-75
-54
23
-25
17
-26
77
51
31
98
-44
52
-40
-24
54
93
1
-56
63
-77
-146
-68
-30
49
-8
67
-47
-19
54
-50
-39
39
2
-13
0
71
5
-56
-87
32
30
-99
-56
-4
-36
22
-54
-34
-43
124
-25
-4
-24
-9
5
-39
-18
-4
20
-109
-61
22
58
27
-44
0
-91
40
-17
-16
-31
-162
44
-27
48
-43
-4
32
-3
-46
97
-25
-8
1
-24
28
-14
-43
-52
3
69
74
-14
45
-103
2
8
19
-1
69
-25
50
3
79
16
-6
-73
1
-41
21
-67
1
23
-17
3
25
79
-32
32
21
-9
2
-65
-28
-20
-19
-31
65
132
-84
32
-22
44
8
41
-8
58
2
-51
-12
9
27
-10
-16
-15
16
-32
35
20
33
4
-9
-77
30
1
108
-74
51
-22
9
8
-26
-7
15
65
58
61
-7
-34
-79
89
3
5
50
-7
-109
57
-25
-73
34
-35
-111
46
-36
51
-37
27
-29
-41
-85
35
-141
-55
-87
7
123
-98
39
-26
13
-49
101
-23
-13
3
6
-1
7
68
-80
-39
-56
-19
-6
67
-36
-32
53
78
-45
5
-52
-49
-17
3
75
-33
-26
-22
-129
-63
5
40
-18
-22
-39
-36
-16
-8
-79
1
-57
-34
26
2
28
-17
88
95
30
52
-7
-41
5
16
-2
-23
-30
82
-53
95
-63
20
4
-8
32
48
-49
23
44
28
-28
61
-55
18
-23
15
88
-9
17
-20
-15
-25
95
-4
-68
37
-11
-49
57
-69
5
-39
-19
5
-49
33
60
-75
-82
-39
-19
26
-32
82
33
-48
-48
-30
19
-34
-31
-23
10
-23
55
4
14
4
9
51
37
-21
39
11
-68
24
-21
33
-23
-13
-7
-13
-34
35
-7
42
43
-13
77
51
74
-40
-4
11
-3
28
-17
-62
29
39
19
12
-27
-42
-11
-27
-54
13
-38
15
-35
54
88
-8
14
23
28
-47
-14
-15
-15
74
-33
52
-9
-56
-88
-46
-85
-33
25
8
-68
37
36
7
23
-16
22
-25
-56
74
-8
-17
-20
-54
7
-24
-45
-61
24
54
22
-37
-38
54
-88
-26
80
20
-15
-156
18
24
-66
5
11
-16
-14
18
17
107
-52
-78
-20
-40
-12
49
60
-42
0
48
-3
-5
-42
22
-15
-85
-19
71
-37
82
-14
-46
62
-81
49
64
-120
20
-21
116
69
5
52
134
-8
-37
37
4
-35
28
25
-81
-27
-39
-23
-45
-54
29
42
-84
9
91
13
58
-2
-42
22
4
-25
0
137
48
-15
-3
11
-11
18
106
-44
-67
-101
-13
-89
100
34
-4
20
54
3
-34
45
79
35
-20
-137
18
126
-15
53
-10
48
-30
-20
-71
14
78
-61
-46
15
-55
-39
-39
2
-31
66
-1
74
-24
21
95
-7
-86
67
-7
6
-20
22
-22
4
5
-2
35
23
82
-36
-14
0
-37
26
-48
-20
21
-44
67
7
6
52
48
-20
3
25
98
45
-55
26
11
6
0
31
-44
-34
30
80
-16
-109
-15
17
-55
81
-23
-40
-5
-41
-46
-41
19
-2
18
38
41
13
117
-33
-17
-7
-1
0
55
-38
-20
8
10
98
-4
-5
12
23
-33
-23
-14
23
33
-81
57
20
75
10
-112
-22
155
8
-14
48
-6
-73
13
75
-6
42
23
-18
-95
-41
-65
-27
-12
-27
-12
-34
43
-34
22
-54
-18
20
-1
37
3
-3
15
53
-63
-70
74
25
-69
11
-53
84
29
14
42
-32
-34
-139
-49
64
-37
3
20
12
11
-35
-124
16
-7
-47
133
-61
37
2
-20
10
117
73
27
-42
33
101
90
98
39
-53
16
11
88
75
66
-10
-38
74
10
-91
-12
-89
10
54
-18
47
169
-2
35
-28
5
90
46
51
85
-25
-59
20
-49
38
6
-48
81
-13
-2
-34
-29
-16
-17
25
-51
-54
-79
60
-34
60
73
49
-1
-69
45
-31
11
30
24
-78
14
-89
24
-37
-3
62
-23
-32
-68
-9
24
51
18
61
-52
39
-44
-31
55
-22
-32
101
4
40
-50
-47
31
-35
-21
12
-24
66
41
25
168
-161
0
-20
37
-4
0
-45
63
110
82
0
47
39
16
-33
51
39
44
96
81
22
-33
38
41
72
115
-4
107
53
73
56
-78
20
39
-3
37
70
79
-67
-1
-93
54
-49
-33
15
99
57
-3
-53
52
23
9
-84
-29
-55
-23
-5
-27
-6
36
62
-70
-34
-75
28
84
-38
22
-37
38
2
53
18
34
7
3
-61
67
47
30
-37
-3
-59
-33
23
8
-16
-6
-19
-36
-42
-30
-25
-37
77
9
79
76
-59
-29
-24
25
-44
-4
3
-21
93
-30
-14
57
24
-145
14
-41
1
11
-55
28
26
54
-6
61
62
-11
13
45
-18
-56
20
-10
21
2
-57
-5
-43
13
41
-40
-1
-38
6
-79
8
23
50
11
-47
-20
43
20
57
29
-10
-6
-4
2
-20
-13
67
56
-62
75
-100
-2
9
-17
30
-53
-32
13
-39
17
-24
40
-46
-40
-30
71
13
39
89
23
-39
-35
4
-35
12
9
31
79
51
-38
-2
-80
35
-21
-32
-24
-11
-35
5
9
-18
27
90
21
-74
5
28
-41
-4
69
113
-23
-43
74
19
-42
90
-91
-50
-3
-30
-3
60
41
-111
-73
-97
-57
25
-103
-25
-30
7
-20
-61
127
-14
-31
38
-46
-8
-22
-83
-25
33
-40
42
-38
38
-55
28
38
-6
26
55
46
-17
-83
-28
-23
-31
31
36
28
57
-13
30
-13
-44
-3
55
122
-20
37
25
12
-17
71
-41
35
29
74
-19
-41
34
-8
-121
69
28
4
18
-17
40
84
-54
-42
-7
49
-19
-19
77
-127
134
87
-19
14
-21
12
35
-40
67
-26
-20
-29
-119
-29
-63
-2
42
-1
-45
26
37
-20
74
-3
114
-24
-2
-2
-35
-91
4
-33
-48
48
-39
-41
16
-99
-34
-27
-4
-58
39
-46
-2
24
42
8
-76
-3
86
22
38
-54
77
95
15
-8
-50
53
21
122
-31
101
46
-52
6
97
-76
15
51
-10
-93
25
42
14
-20
3
24
31
25
27
-11
34
162
54
-17
74
-38
-38
15
51
29
-31
0
73
35
-96
-35
-15
51
-13
-71
-32
-15
-31
23
-30
61
-9
43
78
20
-138
43
11
42
-71
-15
-38
-18
26
55
6
-2
-75
87
-76
33
21
50
7
-47
64
-46
45
58
8
56
35
46
-4
40
104
-45
-3
-46
15
27
-2
-6
21
-24
1
41
74
-62
109
-57
2
66
26
28
-37
56
-37
-51
-43
14
48
45
4
-38
37
30
-53
-32
-32
10
-91
80
24
-29
62
-49
25
53
-64
5
28
-11
91
29
138
11
0
16
-15
-28
-24
25
73
58
-69
-66
-29
-114
88
-50
24
51
49
-15
-28
59
-22
3
97
-5
-34
-53
14
-22
-88
7
-28
30
-6
-5
-61
50
-8
54
-9
-2
19
-12
75
14
23
-3
-15
53
-124
-18
-19
-41
-11
-120
93
-19
-21
-32
-100
-30
0
-8
-34
-25
-53
-61
42
-1
-103
47
25
-16
-30
-17
89
-1
-67
-43
-31
-84
27
60
-60
23
5
-6
10
-35
-28
45
-29
4
-40
-6
3
45
-63
-1
40
25
76
-14
50
37
-45
81
83
60
25
85
19
19
106
8
63
-30
-45
-8
102
7
78
46
17
13
-48
-115
35
35
26
30
-37
35
-65
-75
79
-17
5
-88
-44
42
-56
28
24
48
-87
-44
-56
-15
64
55
31
-26
38
-36
26
8
27
-44
3
76
-18
32
-19
30
-46
30
-73
86
21
-87
87
-18
-94
-84
-58
117
-8
-28
6
45
-64
24
-63
-45
52
-11
62
2
1
-19
-104
-69
-38
-24
-54
-13
49
20
29
41
-35
-11
12
-93
36
-8
1
-50
-7
25
-66
51
-37
-122
17
7
8
-38
-25
82
11
60
-12
-29
-65
61
23
-21
59
-79
6
-26
-15
57
-83
-56
-44
-24
34
-83
9
2
-16
-25
37
8
46
-32
42
20
-49
-18
10
20
-61
3
23
-92
54
97
87
3
-12
16
-8
11
-13
-80
6
-118
72
-44
4
35
87
-12
-32
31
-89
46
9
72
5
46
12
51
-3
-1
50
48
-12
68
-54
44
-9
13
73
-17
18
54
-37
-76
-40
-17
46
-78
-12
-73
-16
-14
-49
-43
50
2
-36
45
-76
-70
-31
40
66
-35
0
-61
-18
37
28
-56
69
11
71
-13
-72
55
-47
-54
43
2
-42
31
11
-18
-13
-95
11
-44
20
73
-4
-5
34
61
-73
-105
-28
-8
21
-13
109
83
-42
-53
18
-1
-33
44
-74
12
-13
24
45
81
-33
17
-13
-52
2
-40
35
66
-129
-122
-17
-13
98
-62
74
-26
7
-52
36
85
6
99
46
19
53
17
4
46
-18
-65
33
24
29
-54
39
-30
1
58
20
-51
-11
-29
84
23
-65
-61
-22
76
23
-71
-22
15
-56
82
55
-6
-17
-49
-30
-64
-81
36
23
-54
6
-116
19
-108
-85
-44
-1
-20
7
-92
-20
90
17
-12
3
53
5
90
-7
24
49
-45
58
-37
-38
-3
11
25
-3
-4
28
7
-48
-24
-37
84
-2
142
48
-86
-20
28
96
26
31
-10
-8
-17
-36
22
-68
-67
-25
41
38
47
1
-78
-62
3
18
-67
29
34
24
18
-24
0
24
10
19
-21
-33
-9
-26
9
11
19
-126
49
-19
34
-13
20
-13
33
-14
66
8
45
90
-83
-46
-25
-34
8
70
-81
16
51
53
62
29
-31
13
-19
-90
6
82
19
-22
-99
32
10
-40
-64
-31
-67
-122
3
41
3
-16
-96
-13
-81
-40
-21
-16
-73
9
-31
24
13
72
-21
-24
-14
101
-66
-29
19
13
41
19
12
-107
-8
1
25
-46
16
30
-12
3
-14
1
66
-74
-79
-19
18
18
73
-16
32
60
11
-100
3
51
24
-31
-36
-72
28
-67
50
-1
39
-48
-32
-9
96
16
68
-37
48
12
-3
73
-47
36
-56
-39
18
-73
-60
24
-78
-27
47
-67
-54
-26
-25
-36
-30
-51
1
30
7
62
-3
-10
-6
6
85
-45
58
-34
37
-18
-23
64
1
24
-7
-86
32
-12
-51
72
-13
-8
-50
78
-48
8
73
-30
-39
-4
-14
-24
0
62
-14
70
36
-54
-29
40
7
-58
25
32
-46
23
-24
2
-18
0
-127
22
-48
37
59
-70
-5
6
19
16
13
-48
17
16
74
3
6
8
83
40
-11
-1
50
2
18
41
18
69
-65
-26
5
61
65
-13
53
86
-62
34
-58
-67
15
-54
55
20
-11
-2
-6
-42
28
-115
75
2
-21
12
-3
34
-29
25
-42
46
-64
-15
2
-29
-2
45
1
152
-75
36
-3
-45
33
-105
55
-10
-19
-62
-12
-7
74
-23
-87
-40
-61
24
6
-32
39
25
40
-35
3
75
-65
25
-56
66
20
-3
-71
-48
-108
-65
106
25
21
-22
-11
-70
20
23
83
6
-70
-29
-24
-20
9
60
-4
39
-46
-25
21
1
50
16
-54
-60
-84
82
-5
-132
100
-54
-38
-10
-7
-58
31
-31
-9
14
-52
-59
14
3
37
-35
-4
46
49
-6
9
-51
52
-52
37
46
-19
-35
16
-1
-3
70
20
-32
-94
71
-6
5
-4
58
-27
-67
-32
71
25
-17
-32
32
-13
59
-20
-80
-30
-6
-13
63
58
13
-14
-44
-71
40
-22
-56
16
82
-42
1
-26
51
-39
56
-8
24
-67
-16
-56
20
-5
-31
58
-10
8
32
19
3
-25
87
-102
35
18
-27
-76
11
-18
18
-4
-21
59
11
-34
17
51
-79
58
-68
-40
26
-24
7
-22
36
65
-66
34
8
2
65
-21
-14
-18
17
0
-38
-113
40
-51
0
69
-60
0
-56
-9
-71
-45
32
-55
-86
1
-68
-33
-1
-8
-28
61
-15
-114
85
-56
122
84
-12
-52
-21
-23
8
-24
36
5
-14
19
32
-32
91
-13
21
62
32
10
-64
-10
-35
45
-80
-10
18
46
5
-52
19
7
22
72
-84
-81
-27
-24
-68
-83
-41
82
14
33
100
-2
91
-36
67
-29
-18
62
-22
-55
73
-83
-5
-24
22
4
-89
-21
10
-11
-14
-13
0
-44
-21
-83
-14
-62
-16
28
-25
60
-132
-35
-36
-13
-18
49
-13
-8
-67
52
22
-15
-33
85
27
-26
27
54
-58
11
-2
61
-1
6
73
-20
16
-34
-29
40
-33
17
53
-53
23
-41
-43
35
23
-68
29
36
-93
-42
1
65
-37
5
-3
-2
21
-36
-44
2
-4
64
94
8
15
78
52
-43
49
-2
35
-51
118
31
-5
27
-45
12
66
-67
19
39
41
-10
36
32
-42
-11
35
127
28
134
5
15
15
56
13
62
-63
75
24
-48
-43
-14
62
47
97
-145
16
8
19
37
3
-44
-17
-71
15
41
34
8
18
-56
-89
-4
-51
-63
10
28
-29
-5
19
2
22
15
31
-74
3
-1
16
-18
-66
-37
-92
44
35
65
-89
-24
75
-62
-1
-2
22
-4
63
14
-5
-9
-142
121
-20
-43
14
8
-23
51
16
-28
-139
13
29
-40
-23
-50
66
-77
-40
16
-80
-62
19
12
19
-36
67
40
-61
-56
-26
-17
18
-4
74
101
-43
43
20
101
-2
-75
34
4
-63
-16
10
-57
51
32
-12
5
-14
58
13
-48
22
25
-55
106
77
39
-17
16
58
-64
-27
8
25
31
-8
19
-38
20
29
-80
55
-139
-10
-30
15
21
-18
49
-41
82
50
-36
75
-13
26
74
49
13
-43
-69
-34
-71
-33
-73
58
58
-1
-64
72
-9
2
45
-58
-100
-13
9
-38
-14
-14
-33
-40
23
28
63
-22
-47
-31
35
16
93
10
22
81
-27
10
35
26
67
60
34
-85
-21
-76
48
38
3
-65
98
-89
-59
104
14
-62
120
16
33
-47
-71
49
92
83
-1
36
-24
22
150
46
19
15
0
45
-25
23
43
64
-25
15
-136
-35
-19
127
65
-28
-47
11
76
7
-20
66
82
31
23
29
-42
-43
-3
-43
-3
-47
11
40
18
17
-16
25
23
69
29
41
19
79
38
73
-145
106
-6
35
10
-3
-13
-6
-20
-38
15
39
46
-36
-74
-48
-12
37
-73
-32
-44
-63
-2
73
78
16
-5
-34
-5
0
8
-2
-5
21
-35
-40
-33
-35
-137
48
78
21
58
-33
18
45
28
33
41
9
-43
-35
3
-15
-12
-9
20
-29
23
9
0
-12
-60
-100
-95
-8
-5
50
25
0
-94
-49
-6
-11
-28
67
-111
-26
-113
40
7
64
-63
63
29
15
-16
74
-23
-45
-15
-31
42
-34
-42
-7
-17
99
109
-21
-35
46
25
-23
-1
-100
20
-8
15
26
-95
-11
-51
65
25
-2
-3
-49
-9
49
15
-12
102
54
-2
-50
80
69
-24
-10
12
-1
10
-54
-31
-35
3
51
-17
-6
-16
80
12
-37
-4
42
-16
7
20
-84
-32
-59
-56
8
47
-85
12
-15
2
-54
26
-36
20
-9
45
29
-26
117
65
-7
-26
17
37
56
-5
-18
77
-8
-1
-35
-6
44
31
86
21
-24
-103
26
73
-13
-1
-25
27
34
10
66
56
25
-23
23
-32
-18
3
-19
9
54
24
-27
-55
47
-38
-37
13
51
16
161
-62
-172
-111
-1
14
66
-59
-48
-55
-55
12
60
-17
-46
-45
40
65
-3
-44
44
2
79
-59
45
-65
-63
71
-100
11
123
-59
46
30
-28
17
38
50
51
125
4
39
-39
34
-58
10
-34
-10
15
-75
-73
-40
-14
-80
-28
0
-18
-21
-7
-67
-25
12
21
52
-5
-19
33
17
-26
29
8
2
-23
64
19
-9
-48
-18
-22
33
42
30
-28
-44
73
-11
48
-63
-33
47
60
-2
-17
1
-48
2
-29
-1
84
-23
16
-40
41
109
-42
32
-20
66
-31
37
62
25
75
-2
26
-43
-32
-92
-119
-2
-69
45
5
28
11
52
-11
-34
-27
12
-21
-77
26
-28
-112
43
7
34
53
-20
-41
128
7
-23
-1
-3
-76
31
-93
10
4
43
19
-20
-58
-16
78
14
39
72
-52
-23
65
26
-45
36
-50
13
-31
-29
18
40
-65
31
2
64
18
-49
-16
13
22
34
-31
-25
46
-75
-101
-6
-136
-18
15
-7
-24
-23
-49
12
-50
29
-42
110
-70
-2
52
-16
27
-32
-64
-58
-81
-61
8
-7
37
11
-15
22
28
61
-86
25
30
-10
-17
2
-27
-123
-34
8
44
-6
-26
47
31
-47
-73
-18
12
37
-6
-27
16
-40
18
-43
50
-23
-6
-46
44
-19
-27
-5
-38
34
-66
16
8
-2
-82
-77
3
-50
-58
21
-43
0
-3
-58
121
-65
-47
22
27
-53
-51
17
17
-28
55
-13
78
-26
28
-56
-8
-6
12
-2
111
-68
117
61
60
-44
-5
14
-10
-20
-2
-74
-42
59
-49
34
-27
78
-18
-28
-59
-83
-15
66
40
-14
-23
2
93
66
-64
-68
33
-42
6
6
118
37
113
-103
40
-63
-49
-47
-45
63
32
80
-2
-35
-37
-12
-7
-14
-37
-8
31
-55
23
-8
-30
89
5
-37
7
28
40
-21
-11
-95
-6
24
28
-22
-16
-53
-17
-6
92
20
-39
-69
34
-27
3
-11
-13
22
20
4
86
42
-32
47
11
28
-15
15
-90
40
4
-35
-35
5
-80
77
45
8
57
-16
-2
30
7
40
13
0
-4
57
-48
38
46
13
-36
25
-39
-22
-28
34
-53
27
-121
60
52
2
-16
10
58
3
15
-40
15
-61
4
-77
-45
-74
-48
-75
58
80
-5
-43
-19
-13
-39
0
-30
21
-52
14
65
26
2
-13
-102
110
-13
45
-89
-83
43
-13
23
-8
-10
6
36
62
-2
64
-7
-22
-2
-18
51
1
37
-31
89
8
-3
41
67
16
56
68
12
19
-12
-24
-45
-3
11
75
64
11
-32
97
-94
-42
7
-32
11
99
-29
-38
-15
-25
-38
35
10
-15
12
21
43
45
-85
-17
-45
60
-16
24
77
4
60
-28
10
-11
-47
-2
-52
15
55
107
-76
2
10
12
66
-4
-23
-29
6
53
22
-19
-47
-55
-46
37
1
3
-17
45
22
14
16
-11
-8
-14
-22
70
-22
8
99
11
46
29
-16
-27
-81
-1
11
40
-50
0
37
-3
121
84
37
37
-3
76
-10
-77
-4
47
-39
-86
-9
-51
-27
-46
30
-14
-103
-35
-12
20
23
-29
55
-31
43
62
25
62
70
-52
79
21
-64
1
-28
73
-50
-29
-45
17
-21
-31
62
-2
-31
46
-45
-45
14
44
-16
-40
-112
61
-12
-15
10
57
-79
-17
4
-30
-7
-38
-57
31
-37
-16
-71
-2
17
-3
39
-5
-14
-93
1
-63
27
-56
14
4
45
-4
-36
14
-43
-54
62
-34
-3
-45
11
-63
-23
6
17
-77
-5
13
30
-55
-6
-18
-33
-6
5
46
8
-19
7
-65
34
23
40
-51
20
61
-38
1
19
-7
-11
66
82
16
-59
-11
24
34
46
51
-36
-118
-37
-14
78
-27
-55
-34
73
-2
-69
15
-74
-60
81
21
35
-36
35
-29
-18
77
84
-34
47
-4
64
11
49
9
39
29
-11
-51
50
46
-2
10
-11
-19
-43
52
-26
66
-31
-44
15
43
-45
-38
54
40
36
1
7
18
-15
13
-48
9
-60
-36
-79
37
-46
-25
3
-24
92
97
7
74
10
22
-69
-54
0
-23
-11
-18
-55
73
36
-51
27
-93
-34
-9
-87
54
-89
-43
31
19
12
44
70
-49
-43
-19
15
-24
-58
63
41
-12
-93
-67
44
148
10
29
1
-33
-18
-94
64
-57
26
25
71
-10
-21
11
-63
46
6
3
13
-65
47
-18
-21
57
119
-26
-52
48
22
-5
-27
-66
-36
-6
-9
-27
115
22
-40
26
-58
-80
98
63
-22
59
-55
-37
-59
39
-58
-115
37
-122
-37
-53
-53
-17
-113
2
86
-14
-100
-14
19
24
-7
22
-7
69
-22
-12
30
-21
-13
-4
14
62
71
-3
142
-6
-95
-25
-58
85
26
73
-38
-8
34
-9
-17
55
8
35
66
27
-48
8
117
88
72
-103
9
-58
3
68
-83
44
14
-44
30
-27
90
-48
81
-20
28
45
18
6
27
-53
19
-26
-26
92
71
75
-11
-26
-2
17
61
-20
-9
-46
-75
-18
62
-27
-77
32
50
-39
23
36
9
-15
6
3
12
-61
-13
-16
-5
-49
5
45
-89
-46
17
49
55
-3
18
-67
-75
13
-40
-33
24
-23
59
85
48
-8
-4
48
-86
-25
-12
42
-57
-21
-53
-36
26
4
41
32
-6
77
27
-8
106
-55
2
-6
-51
-80
-111
-5
-23
60
46
-60
-40
16
14
10
-45
-51
46
-82
-36
14
-17
-92
53
-23
-90
-57
50
-24
-28
63
22
-4
4
4
6
-45
65
-8
-21
-47
-32
82
-35
-3
-2
6
50
-93
21
-29
-55
-5
-73
-21
13
-68
1
-14
11
24
19
-41
-35
-11
-73
-63
35
55
33
-67
1
23
-19
44
6
-81
-78
24
22
-40
-100
-37
23
112
-50
-97
-9
1
-54
-51
10
15
96
-60
64
-22
62
-46
11
38
26
10
22
-82
11
-9
3
14
-40
-19
46
-16
42
-6
-10
-27
-117
8
27
47
57
30
-31
-79
-107
-114
65
8
90
-3
34
-125
-104
16
20
-94
-4
-22
-3
-9
-42
18
-26
80
-18
67
-60
-51
-21
70
59
-33
-33
20
77
-64
4
5
20
-16
3
-63
16
-7
0
-43
41
21
-7
47
-38
18
77
-32
37
0
47
-30
-17
23
-17
-19
32
6
81
-45
-123
-34
91
56
-35
54
29
-24
-40
82
-7
25
-64
38
-9
-63
101
19
-68
-47
-73
29
-115
-52
38
-18
-91
-19
28
-20
-6
12
-36
39
33
-98
67
156
72
-4
43
34
72
-21
-69
-48
-22
-28
43
-7
1
27
-7
3
-27
-78
77
-41
-59
15
24
1
11
8
-29
-69
25
-42
-30
3
-13
38
-81
-75
-44
-11
-7
20
14
31
14
9
39
-109
51
-66
5
-15
-41
51
3
-13
-25
-48
-7
48
55
16
10
105
12
-32
-31
-37
-14
77
-60
46
90
59
32
-27
-73
18
0
55
-17
13
31
46
62
-7
24
-62
-68
-39
26
113
-48
0
-19
12
56
10
-30
-97
13
43
15
28
-73
-15
-33
-38
-6
22
-108
2
-48
-50
43
19
-44
26
-15
26
106
20
62
3
133
22
30
28
23
-74
72
50
9
-38
-64
-92
42
10
-22
46
33
51
-65
14
67
58
13
-39
-4
-60
-45
39
21
65
22
30
84
-71
-28
60
44
48
34
-4
0
64
24
-74
45
16
-13
-6
71
41
-60
41
-81
29
-37
80
11
29
88
-10
-21
-17
-34
-4
-3
-14
-16
-18
40
66
-55
23
31
54
-8
-11
-24
16
11
40
33
65
40
-29
71
15
-33
57
93
-28
57
-45
30
17
-111
121
57
-31
-67
-51
37
28
-19
-38
-16
11
-47
21
-59
9
66
21
-44
50
74
-83
-47
16
-64
25
-139
39
22
-28
38
-29
-15
-6
-6
92
-92
-15
7
-2
39
78
43
79
-40
-16
22
-27
-37
47
17
79
14
35
16
-14
-9
29
-45
-78
-15
-17
45
114
-1
6
-57
-4
10
11
-53
-30
3
70
88
-21
-43
-83
-38
24
-43
-1
-24
76
-11
-3
50
1
-59
62
-75
-56
39
-2
-16
75
18
64
-43
98
27
-62
-25
76
-3
75
28
-47
-107
37
-11
-37
-52
73
-63
72
-93
38
66
-6
53
-20
-14
7
27
32
29
-34
1
40
1
0
-76
58
145
-38
13
24
-32
24
-11
28
49
11
34
43
105
-99
-24
-19
53
-19
-27
-22
-74
50
-9
-89
-52
-129
-17
-11
-20
-27
-43
15
-8
-11
-31
3
45
-52
-29
27
-2
68
-42
-94
49
13
-9
-18
27
16
-88
-20
42
-25
4
17
-43
38
-22
-17
16
0
-69
58
-8
16
-5
50
-65
-15
58
-42
-16
-73
-8
6
8
-75
-3
99
46
-1
76
0
16
31
-26
80
4
-51
-5
69
-3
-80
59
-23
-35
19
-33
-70
55
15
-10
-69
-92
37
-22
-61
7
-48
-36
28
68
2
-95
65
12
51
-88
23
3
89
-20
-45
-13
84
-24
-15
-20
-37
-26
-75
10
-25
-85
-9
-44
4
78
-43
-12
-25
36
44
65
61
6
12
-3
-98
39
14
37
15
48
30
43
12
-22
-31
88
33
-12
2
-41
141
-6
-71
-47
-95
40
17
-9
24
5
99
-68
16
-42
-11
-46
-53
51
41
-60
-29
1
10
-28
18
52
36
34
-38
52
35
22
-34
28
-105
-41
17
-34
-14
-4
-12
-126
-43
-50
61
56
-64
-58
-28
3
-121
-82
17
-67
-24
-13
-13
-70
15
27
60
13
-31
-43
8
11
-63
18
-32
124
20
-27
-31
-33
52
35
-17
70
40
-6
12
40
58
111
66
1
29
-29
-81
-48
118
61
-43
4
-68
-77
-23
-23
36
-61
33
41
-21
-51
-39
-57
-84
87
36
-38
-113
-53
-10
83
-12
-40
56
11
-35
-30
35
-49
-15
81
31
-24
95
80
-41
-41
-41
15
-67
73
47
-61
-1
59
-50
26
20
-77
2
31
-9
-10
-116
-134
-4
-125
5
-55
32
40
127
24
57
-1
43
113
8
-32
41
7
-21
3
9
-48
20
1
-12
75
-44
18
-17
-25
-4
-27
50
26
-91
-84
-11
63
19
-22
-47
16
68
15
-16
-25
-87
10
-59
-2
-2
52
15
-57
15
-30
28
16
-112
27
-98
20
6
-35
74
-11
-26
65
89
49
14
-9
-69
-26
4
63
68
6
36
-45
56
-86
-100
-62
14
22
-5
11
-12
14
-12
25
-32
2
-64
-54
-38
18
-2
-18
-44
14
73
78
43
-41
-4
80
-68
94
33
68
-8
69
-11
-46
20
-31
-62
-19
6
54
-25
-44
-19
-20
54
-20
-42
16
24
72
-21
11
-13
2
-1
15
-47
-8
23
-80
-20
-80
13
63
-6
-19
-2
39
42
4
-34
24
50
18
-61
-104
61
-4
-35
-43
60
-1
31
43
1
42
-60
-12
-89
16
123
-44
-30
-88
-9
-9
-68
42
4
-16
28
-41
28
83
-2
-30
-29
-40
93
-10
-35
-70
56
-6
71
-1
-89
-42
21
-52
88
-116
-61
-33
54
28
-71
36
27
-13
30
-31
-53
-49
-35
86
17
5
-43
-16
-83
20
48
-9
75
-10
36
-27
-69
64
-33
10
-41
70
-47
-59
1
-54
19
77
70
-45
-19
7
44
-14
-33
3
61
25
-17
40
-16
45
57
-77
-81
-109
-25
2
-68
85
-43
-31
-92
-91
-15
69
-34
-34
-28
30
-74
-46
10
-31
-61
22
37
18
11
-31
20
-1
1
48
55
-33
60
-84
-14
-52
18
-13
-12
17
-30
55
-14
-50
-38
10
31
-55
-80
66
38
-32
76
44
10
0
11
-68
-55
-30
-83
8
-27
-38
27
42
-70
-6
6
-45
1
-11
4
48
64
4
35
-33
-11
35
21
27
-20
40
38
-79
7
64
-86
28
-1
-85
-6
46
22
-53
21
-2
-21
65
-30
-57
-95
6
-57
48
-26
-43
77
40
-16
-4
-23
92
38
-117
120
-7
-39
17
43
69
1
35
11
24
6
-38
-38
-11
-72
-28
88
1
30
49
-32
-12
-93
-68
-13
52
-4
43
-4
-81
-67
15
3
1
78
6
-48
17
35
-18
4
66
-89
76
-22
15
21
25
-29
-5
59
12
-104
-125
33
44
10
75
-44
52
52
1
-88
-2
-17
-45
-34
26
-1
-18
9
-36
58
-2
22
24
-50
-79
24
-111
14
0
61
19
9
44
43
-13
86
84
-45
-53
60
20
38
-12
-115
53
0
-3
34
88
114
-2
-23
-55
78
24
6
-16
74
20
-51
22
34
42
51
-126
99
0
-8
-16
-9
-3
36
6
-37
36
58
-27
3
-78
-50
-30
47
27
21
5
89
-106
4
35
25
-45
-31
-25
-114
-105
9
-6
-22
24
117
32
-81
4
10
-1
-65
21
-5
12
-13
11
14
-19
-14
-99
-11
-3
86
71
20
-68
-3
70
-79
46
-13
-2
-13
-62
-16
71
43
28
-119
-75
60
-15
59
17
8
-19
-87
-4
-61
-81
-41
-29
29
-29
-45
-17
13
-3
-71
41
5
0
-80
32
85
21
2
9
46
2
112
-19
83
-110
-84
-15
-3
46
-35
-72
26
-29
92
-27
-41
99
-41
-28
0
23
-32
56
2
-66
-9
14
-13
48
79
61
-31
42
-30
5
50
-71
68
56
43
-65
-4
109
-21
-80
89
-11
-30
-9
-20
-57
49
-23
-70
-186
-51
-68
-1
-10
-39
58
-15
-25
17
0
-99
54
-27
-3
26
65
-41
30
47
-86
-34
21
83
-77
-18
-39
-17
-68
121
11
4
14
-32
-74
-11
28
36
7
-28
-10
-38
-41
4
-24
42
-49
-88
33
68
-63
-23
-43
59
-40
83
-85
-65
32
-27
-10
17
-73
40
55
-19
20
12
-9
-57
15
-33
33
-30
-47
58
-29
-64
-39
54
-36
57
39
27
-85
1
-27
43
-27
-59
-59
-12
-52
-41
-38
-32
-55
23
-39
8
33
-12
20
31
91
2
-17
37
33
126
64
-124
40
27
56
20
-114
5
16
-43
-46
37
36
62
-9
-44
-78
41
79
32
-39
55
3
-29
42
104
-86
-13
65
-57
-1
-74
-27
46
62
-6
-65
-14
21
-18
94
10
55
36
-42
63
35
-97
-21
-118
30
-34
20
-12
132
-15
-53
22
-36
-65
-8
14
38
0
26
28
-43
-32
17
9
27
-18
-7
-14
127
16
6
25
24
27
23
15
21
13
14
-92
-84
55
32
-89
20
65
-45
11
15
107
36
-2
15
-13
5
-24
-27
-95
-88
60
8
-21
85
-20
76
19
-34
42
-23
-25
-7
-36
48
-74
-10
-13
30
9
-95
42
-120
-5
-58
-57
-19
-24
21
9
-40
49
90
-3
-5
-5
36
-4
-44
76
-51
-115
73
-65
123
-4
-21
-71
-87
72
32
40
-79
18
15
41
-55
17
-13
103
35
17
41
-28
-34
-22
57
-43
45
-77
-98
81
70
-54
-8
23
55
-33
-2
-28
-33
-39
21
-70
-25
38
-7
-25
-41
-2
33
-21
37
48
10
45
-67
-32
24
-29
-61
-1
100
-19
93
-72
78
6
-41
-73
-15
2
17
-9
99
-51
-29
-34
-78
32
43
34
-47
-65
-18
-19
-41
20
27
21
-12
94
17
-38
-40
48
-48
-92
34
-12
46
-38
-26
-11
-49
14
-86
67
16
-23
25
37
-73
75
-68
-2
-67
83
-32
20
53
-76
-16
17
2
-108
42
11
-67
-51
-34
12
-84
17
-69
38
12
-25
76
165
82
-121
-70
60
17
6
-35
-13
-28
-43
9
40
-46
34
-19
34
20
35
-39
-9
-44
-33
-100
-2
-27
17
43
-61
-25
10
-1
-11
-23
76
7
55
-16
-11
-87
-7
-98
44
-104
-81
73
44
-82
-6
-47
-39
-6
-47
52
-64
6
-38
-14
-54
87
33
40
-11
-71
10
15
-16
10
17
-17
108
35
-61
34
-22
29
-5
-120
-18
-13
-45
-3
4
-90
79
104
17
-8
-11
-102
-66
-33
38
126
-49
44
-91
29
70
-15
-32
-28
-37
1
34
52
-32
-41
47
-40
-59
-8
26
11
12
53
-22
11
-42
-75
47
-64
-7
110
29
54
58
75
0
19
94
18
-21
-65
2
-49
82
24
-80
-52
-10
-12
-7
-43
-34
-27
-13
-73
-74
34
26
7
-39
-38
-126
-21
-3
57
-5
-78
21
-36
40
33
51
168
45
-30
58
115
-27
15
-56
-7
11
-21
4
85
16
-36
-38
18
-39
39
64
-22
-14
-8
-98
-3
5
-26
51
-40
-31
55
10
109
-68
-44
75
102
-39
-18
10
-77
41
43
-80
-63
-46
-117
1
-9
10
18
-1
33
-5
18
-28
11
23
-71
-42
-8
-64
19
32
-34
29
43
-51
-57
-16
-17
-9
3
-53
27
0
1
-39
-45
57
74
-6
32
40
-20
45
-75
39
57
139
24
13
30
-111
-7
-27
-63
65
10
16
-41
-49
-60
41
-44
76
-40
52
38
17
35
46
-84
-18
-13
-50
-71
-28
28
31
35
-36
-45
35
-49
95
-36
27
-39
43
-14
-53
-23
19
-39
-15
-73
16
-42
25
-29
111
6
4
6
-40
-27
-36
37
-49
17
-27
-75
99
14
-43
-13
17
61
56
46
-63
-7
-12
-26
29
-20
69
53
-24
89
70
10
-47
-27
57
-21
-38
-50
-59
-34
56
-1
-109
-16
-20
-34
-44
-63
-37
32
-8
-9
-39
-33
8
-12
-74
-48
-65
62
-19
-1
10
79
0
25
-52
-48
-2
13
1
-75
-50
-11
5
-51
101
-28
39
-9
58
37
51
-5
44
-21
94
9
66
39
-50
113
26
-103
-38
-43
30
-9
-8
8
-50
27
-43
40
7
-2
57
21
-19
116
-51
-9
131
-41
33
-73
45
-78
7
87
52
-1
-1
7
55
-32
-16
45
-52
4
-34
55
-53
-11
58
0
-12
7
-61
-72
-2
-46
34
8
-6
-119
29
-14
-10
8
69
17
28
26
-13
-53
20
27
39
49
11
-9
-60
12
55
-30
-20
9
66
-137
13
82
-27
92
-37
-69
89
-7
-28
-11
-32
-34
5
-7
51
-15
-6
-104
19
-23
21
-56
18
-12
-55
-55
73
-7
6
-3
12
-30
31
-32
48
-77
-14
-14
18
-99
-36
54
-2
24
-36
-56
63
-67
-33
113
52
4
25
-62
34
-30
18
35
11
39
24
-34
8
-33
29
21
57
55
60
60
75
-25
-9
-60
-31
32
-17
6
20
54
-16
103
61
41
-38
-85
-92
-37
24
-97
-1
-9
86
16
32
16
23
11
39
-8
-88
-35
38
-95
-71
-11
-119
-45
51
0
-31
-57
9
-1
11
-19
-111
-10
38
23
114
30
30
36
183
-116
90
85
11
0
6
11
7
27
3
40
78
3
-25
74
-39
-1
44
73
21
92
-58
-62
65
-49
-65
91
-30
4
28
39
-44
19
22
0
-28
-49
-43
2
143
56
55
-21
31
-76
12
-3
21
-68
40
-37
-56
-51
-43
-10
52
50
32
20
-11
-80
19
-11
-17
52
1
40
81
-87
23
22
54
6
-25
23
97
-62
-46
-69
11
27
-106
-37
2
-21
-16
-33
-23
-45
-25
-7
-2
-70
-101
-6
-61
-56
-9
-38
-43
-17
6
63
3
21
-5
-22
11
-12
10
-45
37
2
8
50
-30
24
6
-23
107
19
36
-9
-12
-103
22
88
-142
49
-89
-22
-43
85
-83
-13
2
49
-45
30
-11
-15
16
16
-26
-118
-8
-18
6
-11
50
25
-3
-34
13
-34
-26
-17
-86
-108
7
14
-68
12
35
97
-69
-31
39
-18
-33
54
-98
31
-39
-4
-26
107
35
61
-19
-34
17
27
-75
4
-63
-49
-17
-42
-38
69
-41
79
1
89
12
6
-49
-25
-29
16
-44
-112
-42
-38
-32
0
48
-9
-12
-92
7
-53
47
-25
-40
-18
-67
-93
139
-16
103
-56
-86
-14
54
94
22
-9
31
-17
-62
39
35
55
-28
25
21
-36
35
34
-56
7
-94
105
92
-61
-36
58
-52
-61
-33
-29
-48
1
44
-47
-53
62
35
2
9
21
-44
-159
43
-56
0
32
34
24
80
44
10
42
14
104
15
-13
28
106
13
-2
-51
43
-92
-14
58
-4
-52
23
64
-5
23
33
-10
45
-73
-51
-16
-64
0
8
-39
-85
28
-13
40
-47
32
10
-7
-4
-4
32
-19
-68
-14
27
50
-100
-84
-9
31
65
7
-4
33
33
10
95
45
-3
30
-52
23
43
58
-22
72
34
-31
-23
-10
54
-27
-39
32
-45
-66
45
-13
11
-2
7
-10
1
-24
16
2
-23
-63
20
-36
25
-49
-65
-13
26
0
-13
-78
17
31
-24
10
-20
46
-74
-17
14
60
50
-51
-89
-43
-87
-21
47
35
46
-39
-58
-13
99
24
20
-7
-29
16
-46
9
40
86
88
6
-79
2
94
73
-33
-4
98
39
11
-64
-28
-9
9
-102
-12
-29
12
62
0
76
-35
75
-9
-26
-80
49
-21
36
91
-56
-5
-8
92
31
-33
-16
-18
14
120
24
3
1
45
31
-45
43
-64
16
-24
-72
-60
-45
-58
58
69
-27
-15
-19
32
28
21
-35
125
-66
88
36
55
-68
20
23
-25
10
2
-148
-43
3
0
-51
2
-14
62
5
-80
-47
-21
-44
-26
-15
-15
-45
-4
10
239
-27
90
-48
-45
81
-22
57
-48
-46
-52
-11
-3
-33
69
43
27
55
-7
88
34
-57
65
-11
30
50
-10
-20
91
-87
-27
57
-30
-8
-82
67
-35
16
-4
-93
-8
-38
-9
37
57
-20
-6
85
-35
-43
47
-36
64
-3
-24
43
-20
15
8
-6
-108
32
49
-49
-42
-10
38
-20
-16
61
-34
-37
32
-39
46
9
7
26
-47
85
-63
-87
-16
-71
82
43
66
96
45
8
-49
-45
-32
59
38
-92
8
-97
-34
-61
-15
-21
-85
21
74
96
53
-5
-9
-15
-107
20
-49
52
-6
14
-26
-35
-33
0
98
8
20
-8
18
11
-27
-45
85
38
39
-111
-79
57
1
-53
-27
9
-66
-46
-63
43
-83
77
22
-23
38
32
-39
13
34
1
-13
59
-57
-29
-29
40
2
-9
30
-35
4
41
-64
-41
-48
29
-89
43
-17
9
-24
20
70
31
-1
-15
9
-39
-24
-11
12
33
-52
100
-34
-16
31
69
14
25
-36
15
0
65
-9
41
48
-4
24
0
31
-41
-1
-23
16
58
-49
-33
109
72
-23
-33
44
-17
146
6
85
-42
51
63
-94
-58
-63
51
191
17
39
26
22
71
51
28
-29
71
-14
6
4
-15
-54
-3
-52
9
63
33
-10
-104
-75
12
-14
72
-13
-11
-11
68
38
-3
2
-60
-61
26
73
2
-2
-17
-33
3
23
32
49
84
-7
-9
30
4
26
4
53
48
9
-19
60
30
-23
85
-68
-66
-29
-20
-31
-2
-8
28
49
-71
-2
22
0
-31
-13
54
-10
-64
-15
109
10
5
70
-54
-104
29
78
-78
-51
-25
-6
-54
-69
-39
-1
34
-6
24
80
81
-1
-17
44
-10
-48
106
46
-44
-18
-16
64
10
-31
-29
67
70
-6
-36
-53
71
20
-55
69
81
61
50
48
-9
-21
-69
8
94
-34
40
46
-76
-27
-39
18
55
-27
-22
53
0
-37
47
-24
39
-4
22
4
-5
2
-32
60
-74
33
-14
-101
-3
-11
-27
-24
-50
43
35
-34
52
36
-32
35
-7
34
-13
-15
-49
35
-29
58
-89
30
21
0
-11
79
-17
17
-19
39
-18
-7
39
-85
-11
-2
20
34
-27
-4
-14
97
-30
-10
16
10
54
27
68
15
-91
60
-10
-39
-30
5
109
-121
-9
50
-61
36
-65
-16
-37
-56
-25
75
6
23
-34
33
-113
5
-5
26
4
34
-103
-18
-61
4
68
-149
-19
50
-30
46
-26
-3
70
50
-53
-15
65
-54
33
42
-59
36
-69
-19
-87
-91
4
24
39
-22
6
52
-16
-3
65
95
-74
89
-39
-79
-111
-35
6
69
22
-106
58
-71
-82
16
0
45
-45
12
-2
-88
39
-36
-4
87
-39
25
-31
1
46
-90
-15
-74
-70
-66
-2
3
-11
82
8
-95
48
-44
25
33
46
40
91
-49
46
-33
-81
4
-17
-47
-39
26
-45
-47
80
-61
5
98
13
-54
-75
29
67
-25
-10
12
3
69
45
-63
69
35
82
14
35
2
-93
85
-6
40
-21
-33
32
-60
10
-61
10
4
5
-16
-3
-34
-19
52
77
-71
48
77
7
37
-48
-10
54
19
-2
10
-36
21
53
-24
-83
70
-61
6
-20
22
5
19
71
-31
59
-96
25
-70
35
-53
-86
-54
54
-22
-11
59
11
3
2
-47
54
-47
78
9
-11
44
82
144
-24
-61
35
-20
-39
-51
112
18
27
31
5
2
54
43
-19
129
26
4
102
-81
24
51
6
19
3
-74
17
-65
54
-58
41
28
61
-111
-18
-7
16
-9
-50
64
12
-40
-58
29
48
25
-60
55
27
-26
52
11
-31
22
-53
-19
-11
-28
13
-34
30
18
11
4
93
-26
76
-53
6
-104
46
-120
-1
34
79
21
1
-85
11
-9
-35
-57
-55
-67
-37
-18
47
-42
-58
34
-19
56
104
-41
-11
65
-19
-25
10
59
32
-6
19
-1
59
-49
-30
-39
0
18
16
-26
-10
64
35
76
-43
22
60
31
-102
40
-15
-40
93
-23
-30
-22
78
-52
-4
46
32
-66
46
96
-10
-125
15
-67
30
-81
76
-20
13
18
71
72
-13
58
26
32
50
16
73
-48
4
62
35
-2
-28
-28
56
-39
-29
26
5
7
-58
-48
33
41
-17
86
5
-45
52
-50
12
1
52
15
-94
10
8
2
30
-69
46
-46
-87
112
-29
-61
-170
41
31
-24
19
-14
8
-37
-69
-28
-40
-80
-45
16
-53
-13
117
6
99
21
69
-3
24
-5
116
34
-69
-30
36
-55
-52
-33
-17
-14
6
-8
-12
85
-46
-33
4
-87
-44
-23
70
11
-46
-43
6
-30
-18
-38
-56
8
-62
86
-51
-20
-25
-104
8
-50
-56
38
26
58
-75
-20
89
-5
11
86
-58
-97
18
-15
-16
-6
25
-16
-21
51
5
14
66
16
6
-67
67
-21
14
35
115
56
12
18
-1
0
-69
63
-6
48
17
-25
-48
-56
33
7
-42
67
30
-64
-36
29
-127
101
10
-53
19
-16
-40
-24
46
-62
-19
5
-1
-6
14
-73
-10
-49
-5
1
-73
-52
-25
-30
24
-29
-89
38
-18
2
0
-17
-6
90
-48
100
4
-114
27
-34
54
6
6
-60
-45
-29
-26
-23
101
90
2
55
23
3
-1
-95
-16
-22
2
80
-11
65
-3
63
95
15
-5
16
-82
65
42
50
-111
53
-14
-31
36
11
-33
15
24
34
-13
88
100
-86
35
20
36
27
-18
-46
8
15
77
23
0
-40
-8
4
42
-3
86
-11
-33
-18
13
-56
-36
-1
-43
26
34
-85
-14
-51
6
50
40
-35
-22
-46
14
-41
71
17
44
-51
-12
-5
64
-7
28
30
-61
24
-54
7
-42
-20
9
53
-47
-61
69
4
44
39
-2
33
-56
5
126
-35
103
25
-106
10
68
21
1
43
23
41
-42
-65
29
64
-30
-17
31
-92
34
-18
-41
8
-15
11
-36
-1
10
59
-19
-32
-47
-19
17
17
24
-63
-36
80
8
88
81
15
59
-67
-18
34
62
31
93
12
41
11
-80
-1
28
-55
-69
-9
-81
18
86
10
19
-75
24
40
57
21
-20
28
-16
-65
18
46
-72
63
-27
0
-43
19
-64
40
