25 60 64
0 5
0 11
0 14
0 23
0 24
1 10
2 4
3 1
3 13
4 5
4 7
4 16
4 18
5 9
5 24
6 7
8 9
8 13
9 3
9 17
10 7
11 9
11 24
12 2
12 11
12 21
12 23
13 6
13 7
13 13
13 21
14 1
15 3
15 23
16 1
16 15
16 20
17 23
18 14
18 20
18 24
19 11
19 13
19 17
19 19
20 4
20 6
20 17
20 19
21 10
21 18
21 20
22 4
22 10
22 18
23 0
23 5
24 6
24 11
24 17
24
7
33
37
13
43
0
4
42
39
17
56
41
58
22
30
44
5
6
59
29
2
10
40
8
53
49
34
57
21
35
55
23
46
38
47
50
28
3
48
1
26
36
32
52
14
54
27
19
25
15
45
51
9
11
18
31
16
20
12
-103
176
-104
-75
-90
30
17
36
13
33
-28
91
57
86
-13
-88
25
19
-70
50
50
52
-45
17
36
-17
-70
39
13
-34
-71
-101
-34
-3
23
1
2
-18
35
-64
75
20
16
-31
-10
-140
-48
-16
4
89
-32
39
110
56
-30
120
-10
166
-163
-52
-10
-8
124
-44
-33
46
11
42
63
31
-104
-2
64
16
-18
-9
-40
-60
-111
101
-22
-7
75
-133
-5
-20
-9
-58
45
71
-107
-51
38
-78
9
26
17
-130
45
-2
38
46
41
118
-40
-55
56
-83
99
-77
16
-24
-114
-53
45
11
11
-33
-73
-31
66
49
37
3
151
11
-151
-69
16
59
108
26
19
-11
-27
-9
27
-18
-25
7
-94
41
-27
67
-91
2
-49
-6
93
-65
66
-28
16
-120
-29
-112
28
73
-8
-48
26
56
60
-50
-44
1
69
3
-6
-83
33
-30
-104
61
66
2
-54
42
16
0
0
-25
-18
-85
39
-94
63
27
-31
19
86
12
27
78
-18
-82
27
38
113
-55
106
-6
133
60
25
-64
2
-114
174
68
3
58
-54
46
-15
73
-49
8
44
17
-70
-49
-3
9
66
41
-22
57
-86
-74
17
-5
-66
57
43
33
-16
100
-45
-138
129
-24
66
24
-7
3
-100
-36
-66
33
79
106
-18
-34
-48
27
-22
-122
-44
38
-3
-189
-21
-162
130
60
-4
-44
-46
30
28
-66
-23
69
-85
-34
-11
102
39
92
25
6
76
-46
-53
-58
-82
-52
-27
16
13
-47
-26
-20
-46
-37
-22
-42
4
-47
26
4
-53
-84
10
-67
-43
76
96
-52
35
-9
106
6
-51
-31
17
14
-64
-42
55
110
-34
98
-77
31
-53
38
-203
-49
-38
2
-14
68
16
-140
-102
89
-47
41
-41
51
-44
48
-134
55
60
-63
-33
10
125
85
41
30
66
54
-140
43
-8
-65
-24
-1
81
2
-64
85
-42
-185
36
58
73
-4
-129
-42
88
52
-42
23
-11
45
14
-75
-116
-3
25
-103
-55
-30
9
-72
-41
-51
36
44
-41
19
40
-86
-24
-53
-89
38
-97
-47
101
-1
-4
49
39
28
113
9
43
1
56
39
61
-79
-9
-8
-7
23
109
108
2
-39
-45
65
-4
-96
-23
26
119
39
-120
-5
-43
12
68
30
-142
-62
91
12
-28
113
-7
109
-115
-50
-127
42
-49
63
-110
35
25
-63
33
99
14
13
-44
101
128
-15
163
47
-74
65
42
-48
36
-7
-109
-44
-79
32
-15
-16
104
24
19
27
-34
-13
129
-1
49
-83
79
-51
-167
-20
-18
5
42
-123
-82
45
-57
100
-23
-110
14
83
-44
-34
25
4
4
46
-48
41
142
61
-33
-100
-34
-45
75
58
-65
2
-57
55
47
84
-90
-35
24
44
26
-39
52
-60
-113
-22
-5
13
-16
97
-40
-39
101
-26
26
23
-28
131
158
-88
50
56
-8
13
66
-46
-79
3
-95
-15
44
65
-88
18
52
-36
18
5
-61
10
-37
-108
115
14
-2
91
90
18
-19
24
24
-43
31
37
-92
8
0
29
84
22
25
22
47
-89
-31
-5
10
-116
32
20
-44
74
25
-141
80
4
-21
-38
-60
-132
20
23
-51
52
-5
17
-53
24
53
-4
31
16
47
122
87
13
78
85
22
-11
19
-42
-40
-42
-53
-10
48
12
2
-91
-30
-60
-89
-81
10
-80
-59
-6
-133
33
-8
119
-21
59
86
-9
36
-60
8
85
32
-37
-72
-12
-3
-34
103
98
88
-16
-11
-21
-19
50
-32
52
78
-79
48
84
34
60
-23
-119
26
-54
31
42
-88
-16
33
60
-28
8
-85
30
101
-18
48
-7
93
37
-33
-69
54
-16
-24
76
-37
90
-29
-48
109
-141
-74
-82
-70
-39
-34
-6
-19
-81
11
35
-82
160
-32
84
-73
20
7
-6
-42
-68
6
104
7
47
116
55
-18
94
75
71
-22
87
-27
152
-81
-14
-10
-55
-48
44
-12
38
11
-52
-19
-9
25
97
36
48
29
-78
-133
-18
-109
47
-83
31
23
-43
-5
-117
-39
-50
1
-53
-55
-96
-18
-105
98
-77
-63
-100
45
165
160
-27
-78
14
11
31
-51
4
30
-24
-110
100
-17
27
22
19
-71
-66
62
14
-13
21
-10
56
89
25
42
-55
13
17
-35
46
22
56
-59
-81
27
11
-33
9
3
-15
18
10
22
-29
17
58
-23
-17
-17
118
-72
70
-20
36
26
42
43
97
-14
0
-57
71
-98
-141
5
-26
62
95
35
-118
50
14
5
10
1
41
-20
5
34
0
-108
-33
88
66
-5
59
-45
-49
0
-124
76
-67
-89
-32
83
99
-73
69
-36
58
-89
23
15
-55
-31
71
-47
-118
34
-187
-11
93
-10
105
48
-93
62
-25
-62
87
53
-166
29
0
-48
-28
-34
8
25
-41
-42
71
9
-15
-59
-98
35
136
-30
-68
100
0
54
53
-43
-12
72
126
-25
35
10
-106
24
53
-87
132
95
-73
-28
11
-12
90
75
-213
-5
-81
-2
-75
-29
-15
-101
-91
-10
-65
-2
53
101
-69
140
-79
-14
66
-25
-13
-153
81
-117
-72
-4
-83
0
-91
78
43
-123
-57
69
61
47
0
-23
170
-59
-24
-29
-3
-7
-11
-137
-8
110
-57
-85
-18
45
-27
-47
100
69
-72
45
-51
30
4
24
-13
-16
98
59
28
-68
-98
52
36
82
-37
104
-60
-105
-12
-17
42
-11
19
40
155
65
23
-20
-47
27
-78
-29
-13
69
22
-71
-7
67
-173
-28
46
161
31
27
82
106
-31
-98
24
43
-20
-106
-84
85
24
41
-27
-21
28
63
107
-65
203
-67
17
76
-48
28
-23
35
9
86
0
-60
52
103
57
29
8
88
-34
-167
-4
16
39
-13
-26
55
75
-65
-116
81
-35
-107
95
-43
10
-26
-80
71
3
-48
61
14
-12
78
-41
21
44
-2
33
-70
-5
-8
115
96
-87
-142
-15
63
-101
-34
64
106
71
-103
93
-42
-109
31
-25
46
-15
90
212
61
-79
-64
-53
-92
26
-7
118
-123
-27
8
19
-48
-25
-11
-14
0
-1
-76
0
-8
-34
47
44
-52
78
19
-36
35
-73
176
8
-10
-93
68
21
119
109
93
20
-25
37
76
12
37
28
-22
45
131
44
-125
30
72
42
-40
-82
2
-17
-60
-36
126
160
69
-86
132
-61
1
89
-13
51
19
-21
-39
70
-55
-77
21
78
142
26
75
63
-21
132
22
124
-179
-21
-141
61
49
73
-71
25
-15
40
111
19
8
-109
-8
-84
15
0
-45
53
-64
98
89
-66
16
-29
-44
56
-87
-88
28
-2
27
-25
34
-120
-53
6
55
15
-21
-20
-24
90
67
38
9
-146
44
118
-90
-60
-95
25
-195
37
-63
-59
55
-111
70
78
-92
31
-12
-23
-1
-21
12
56
-74
-2
32
-29
-93
-86
48
-94
-29
40
67
7
10
18
-3
20
47
102
19
-75
-47
81
28
-110
-75
77
-41
64
64
75
3
-17
19
-42
78
-7
-11
96
26
6
94
-44
-80
71
-50
15
33
20
29
14
-17
18
-8
-33
-146
-78
-109
57
-17
12
58
17
11
-38
27
-110
-66
64
-66
70
68
-25
-26
-37
29
154
-5
-11
4
6
-46
83
-61
109
-23
-25
28
-124
-27
71
-10
-36
85
-25
-86
8
131
-21
-11
-59
-20
15
63
-18
-49
-23
25
0
-52
111
19
21
-41
54
135
-121
-91
160
-119
15
30
-24
35
-78
102
29
74
-87
-103
93
112
-45
75
53
-90
29
-19
-31
6
20
-67
106
-47
36
10
20
63
18
-9
-35
124
6
-47
-77
-8
17
21
51
-28
-113
58
79
14
-33
-67
-60
138
-42
1
-24
-27
26
-99
-158
10
-8
68
60
-134
-42
-18
-53
-32
-56
93
63
-22
-42
-110
68
-46
-75
77
11
-69
-26
-107
-48
-11
99
0
-63
36
26
-12
-5
77
-100
-53
-1
-17
43
-9
13
62
101
75
-34
-40
1
-89
6
-56
96
25
-45
23
28
-24
2
43
-47
10
157
54
10
-8
48
-10
64
-83
-50
33
12
11
48
-84
-58
7
111
2
-12
59
35
-181
24
-35
73
-16
-112
2
18
10
5
76
82
-48
88
-82
-47
28
22
37
-100
3
-46
-21
83
64
27
20
99
28
40
-13
54
18
97
30
49
-138
-68
105
39
-16
-47
-50
1
80
-14
-4
-16
8
-1
-11
-39
87
-33
30
1
69
69
14
-35
-19
-56
186
29
17
-13
-54
1
76
123
-52
131
-20
-96
-101
22
16
-24
-9
6
38
-10
-14
49
7
-176
-79
106
-73
-4
12
176
11
-63
13
-67
-35
77
-67
54
4
-11
62
-22
54
-112
70
-17
50
-21
55
9
-11
110
5
-29
-42
22
-151
-81
7
26
48
3
-105
-42
-85
96
12
-64
-14
37
-119
-43
78
-120
-189
77
-65
-117
62
95
98
-45
18
-117
-6
50
-1
-23
-49
35
9
20
-10
5
58
15
-93
45
26
-56
43
109
-60
77
-36
-38
-27
-42
16
34
-158
45
19
11
27
-5
45
-61
25
43
-35
-5
123
74
28
47
76
-102
1
-81
-1
-19
45
37
28
-119
97
-64
-16
-53
-54
116
174
-71
32
-78
32
-27
-71
-83
66
-101
21
-32
112
125
8
31
27
37
69
6
-52
-15
62
-105
80
112
105
9
-2
111
141
82
-100
-36
-95
48
-28
-8
23
42
30
86
120
109
-69
-11
-21
-122
169
-98
-7
-42
34
-10
25
-50
21
-49
-29
-31
8
-24
-45
46
122
65
32
25
6
21
-12
-83
-18
-81
-9
-74
-1
-49
61
109
102
41
-84
78
-60
-98
-71
30
-32
23
-34
100
66
41
128
-57
68
-52
-31
71
121
1
-73
82
-101
-190
-89
-39
64
-10
87
-61
-25
70
-66
-51
51
2
-17
0
93
6
-74
-114
42
39
-130
-74
-5
-47
29
-70
-45
-56
162
-32
-5
-31
-12
7
-51
-23
-5
26
-143
-79
29
76
35
-58
1
-119
52
-23
-21
-41
-212
58
-36
63
-56
-5
42
-4
-60
127
-33
-10
2
-31
36
-18
-56
-68
4
90
97
-18
59
-134
2
11
25
-2
90
-33
66
4
103
21
-7
-96
2
-53
27
-88
1
30
-22
4
32
103
-42
42
27
-11
3
-85
-37
-26
-25
-41
85
172
-110
41
-29
58
10
54
-10
75
3
-66
-16
12
36
-13
-21
-19
21
-42
46
25
43
5
-11
-101
39
1
141
-96
67
-29
12
11
-33
-9
20
85
76
80
-9
-44
-103
116
4
6
65
-9
-143
75
-33
-96
44
-46
-144
60
-48
66
-49
35
-37
-54
-111
46
-184
-72
-114
10
161
-129
51
-34
17
-64
132
-30
-17
3
8
-1
8
88
-105
-50
-73
-25
-8
88
-47
-41
70
101
-59
7
-68
-64
-23
4
98
-43
-35
-29
-169
-82
6
52
-23
-29
-51
-46
-21
-10
-103
2
-75
-45
34
3
37
-23
115
125
39
68
-9
-53
7
21
-2
-30
-39
107
-69
125
-83
26
6
-11
42
62
-63
30
58
37
-37
80
-72
24
-30
19
115
-11
22
-26
-20
-32
124
-5
-89
49
-14
-64
75
-91
6
-51
-25
6
-64
44
78
-98
-108
-51
-25
35
-42
107
43
-63
-63
-39
24
-45
-41
-29
13
-30
72
5
18
6
12
67
48
-27
51
15
-89
31
-27
44
-30
-17
-10
-17
-44
46
-9
54
56
-17
100
66
97
-53
-5
14
-4
37
-23
-81
37
51
25
15
-35
-55
-14
-36
-70
17
-50
19
-46
70
115
-10
18
30
37
-61
-19
-20
-20
96
-44
67
-12
-74
-115
-60
-111
-44
33
11
-89
49
47
9
30
-20
28
-33
-73
97
-10
-22
-26
-71
9
-32
-59
-80
32
71
29
-49
-49
71
-115
-34
104
27
-20
-204
23
31
-86
7
15
-21
-19
24
23
140
-68
-102
-26
-52
-16
63
78
-55
0
62
-4
-6
-55
28
-20
-111
-25
93
-48
107
-18
-60
81
-106
63
84
-156
26
-27
152
90
7
68
175
-11
-48
49
6
-46
37
33
-106
-36
-51
-30
-59
-71
38
55
-110
12
118
16
76
-3
-55
29
5
-32
0
179
63
-19
-4
15
-14
24
138
-58
-87
-132
-17
-116
131
44
-6
27
71
4
-45
58
103
45
-26
-178
23
165
-19
70
-13
62
-40
-26
-93
19
102
-80
-61
20
-71
-51
-52
3
-40
86
-1
97
-31
28
123
-9
-112
87
-10
8
-26
29
-29
5
7
-3
45
31
107
-47
-18
0
-48
33
-63
-26
28
-58
88
9
8
68
63
-26
4
32
128
59
-71
34
14
8
0
41
-57
-44
39
105
-21
-142
-19
23
-72
106
-30
-52
-7
-54
-60
-54
24
-3
24
50
53
17
153
-43
-23
-9
-1
0
72
-50
-26
10
13
129
-5
-7
16
30
-43
-30
-18
30
43
-106
75
27
98
13
-147
-29
202
10
-18
63
-8
-95
16
98
-7
55
30
-23
-124
-54
-84
-35
-16
-36
-16
-44
57
-45
29
-71
-24
26
-1
49
4
-4
19
69
-82
-92
97
33
-90
14
-69
110
38
19
54
-42
-44
-182
-64
84
-48
4
26
16
14
-46
-162
20
-9
-61
174
-79
48
2
-27
14
153
95
35
-55
44
132
117
128
51
-69
22
14
115
98
87
-13
-49
97
13
-119
-16
-117
13
71
-23
61
221
-3
45
-36
6
117
60
66
111
-32
-77
26
-64
49
8
-62
106
-17
-2
-44
-38
-21
-22
33
-67
-71
-104
79
-44
79
96
65
-1
-90
58
-40
14
39
32
-101
18
-116
31
-48
-4
82
-30
-42
-88
-12
31
67
24
80
-67
51
-57
-40
72
-29
-41
132
5
53
-65
-61
41
-46
-28
15
-31
86
54
33
219
-210
-1
-26
48
-6
0
-59
83
143
107
-1
61
51
21
-43
67
50
58
125
106
29
-43
49
54
94
151
-5
140
70
96
73
-102
26
51
-4
48
91
103
-88
-2
-121
71
-64
-44
20
129
74
-4
-70
68
31
11
-110
-37
-72
-30
-6
-36
-8
48
81
-92
-44
-98
37
109
-50
28
-48
50
3
69
24
45
9
4
-80
88
62
40
-48
-4
-78
-43
29
10
-21
-8
-25
-47
-55
-39
-33
-48
101
12
103
99
-77
-38
-31
33
-57
-5
4
-27
121
-40
-18
75
31
-189
18
-54
1
14
-72
37
34
70
-7
79
81
-14
17
58
-24
-73
26
-13
28
2
-74
-7
-56
17
53
-52
-1
-50
8
-103
10
29
65
14
-61
-27
56
27
74
38
-13
-8
-6
3
-26
-17
88
74
-81
99
-131
-3
12
-22
39
-69
-42
17
-52
22
-32
53
-60
-52
-39
93
16
50
116
30
-51
-46
5
-46
16
12
41
104
67
-49
-3
-104
46
-27
-41
-31
-14
-46
7
11
-24
35
117
27
-96
7
37
-53
-5
90
147
-30
-56
97
24
-55
117
-119
-65
-4
-39
-4
78
54
-145
-96
-127
-74
33
-134
-32
-39
9
-27
-80
166
-18
-40
49
-60
-10
-29
-109
-33
44
-53
55
-49
50
-72
36
50
-8
33
72
60
-22
-108
-37
-31
-40
41
47
37
74
-18
39
-18
-58
-4
72
160
-26
48
32
15
-22
93
-54
46
37
96
-25
-54
44
-11
-158
90
37
6
23
-22
52
109
-70
-55
-9
64
-24
-25
101
-166
175
114
-25
19
-28
16
46
-52
87
-33
-26
-38
-155
-37
-82
-2
54
-1
-59
33
48
-27
96
-4
149
-31
-3
-3
-46
-119
5
-44
-63
63
-51
-54
20
-129
-45
-35
-5
-76
51
-60
-2
32
55
10
-99
-4
112
29
49
-70
101
124
20
-11
-66
69
27
159
-40
131
60
-68
7
127
-99
19
67
-13
-122
33
55
18
-26
4
31
41
33
35
-14
45
212
70
-22
96
-50
-49
20
66
38
-41
0
95
46
-125
-46
-20
67
-16
-92
-42
-19
-41
30
-40
80
-12
57
102
26
-180
56
14
55
-92
-19
-50
-24
34
72
8
-2
-98
114
-99
43
27
65
10
-62
83
-60
59
75
10
74
46
61
-5
52
136
-59
-4
-61
19
35
-3
-8
27
-32
1
54
96
-81
142
-75
3
86
34
37
-48
74
-48
-66
-56
18
63
59
5
-50
48
39
-69
-42
-42
13
-119
105
32
-38
81
-64
33
69
-84
7
37
-14
119
38
180
15
0
21
-20
-36
-31
33
95
76
-90
-87
-38
-148
115
-65
31
66
64
-20
-37
78
-28
4
127
-7
-44
-70
18
-28
-114
9
-37
39
-8
-6
-79
65
-11
71
-11
-2
25
-16
98
19
30
-4
-19
69
-162
-24
-24
-53
-15
-157
122
-25
-28
-41
-130
-40
0
-11
-45
-32
-70
-80
54
-2
-135
61
33
-21
-40
-22
116
-1
-88
-56
-41
-110
35
78
-78
30
6
-8
14
-46
-36
59
-37
6
-52
-8
4
59
-82
-1
52
32
99
-18
65
49
-58
106
108
79
33
111
25
25
138
10
82
-40
-58
-10
134
9
102
60
23
17
-63
-150
46
46
34
39
-48
45
-85
-98
103
-22
6
-115
-58
54
-73
37
31
63
-114
-58
-73
-20
84
71
40
-34
50
-46
34
10
36
-57
3
99
-23
42
-25
39
-60
39
-96
112
27
-113
113
-23
-123
-110
-76
153
-10
-37
8
58
-84
32
-83
-58
68
-15
81
2
1
-25
-136
-90
-49
-32
-70
-17
64
26
37
53
-45
-15
15
-121
47
-10
2
-66
-9
33
-87
67
-49
-159
22
9
11
-50
-33
107
15
78
-15
-37
-85
79
30
-27
77
-103
8
-34
-20
75
-109
-74
-57
-31
44
-109
12
3
-21
-33
49
11
60
-42
54
27
-64
-23
13
26
-79
4
31
-120
71
127
113
5
-16
22
-10
15
-17
-105
8
-154
94
-58
5
45
113
-16
-42
40
-117
60
11
94
7
61
15
67
-4
-2
65
62
-15
89
-71
57
-12
18
95
-22
23
70
-48
-100
-52
-22
59
-102
-16
-96
-21
-18
-64
-56
66
3
-46
58
-100
-91
-41
53
86
-46
0
-80
-23
48
36
-73
90
15
93
-16
-94
71
-62
-71
56
2
-54
41
15
-23
-17
-124
14
-57
26
95
-6
-6
44
80
-96
-138
-37
-10
28
-16
143
108
-55
-69
24
-2
-43
58
-96
15
-17
31
59
106
-43
22
-17
-68
3
-52
46
86
-169
-160
-22
-17
128
-81
97
-34
9
-68
48
111
8
129
61
25
69
23
6
60
-23
-85
43
32
38
-70
51
-39
1
76
26
-67
-15
-37
110
30
-85
-80
-29
99
29
-92
-29
19
-73
107
72
-8
-22
-64
-40
-83
-105
47
30
-71
8
-152
24
-141
-110
-58
-1
-27
9
-120
-26
117
22
-15
4
69
7
118
-10
31
64
-59
76
-48
-49
-4
15
32
-4
-5
36
9
-63
-32
-49
110
-3
186
63
-113
-26
36
125
34
40
-14
-10
-22
-48
28
-89
-88
-33
54
49
61
2
-101
-81
4
23
-87
38
44
32
24
-32
1
32
13
25
-28
-44
-12
-33
12
15
25
-164
64
-25
44
-17
26
-17
43
-18
87
11
59
117
-108
-60
-33
-44
11
91
-106
20
66
69
81
38
-40
17
-25
-118
7
107
25
-28
-129
42
13
-52
-84
-40
-87
-160
4
54
4
-21
-125
-17
-106
-52
-28
-21
-95
12
-40
32
17
94
-28
-31
-19
131
-86
-38
25
16
53
24
15
-140
-11
2
32
-60
21
39
-16
4
-18
1
87
-96
-104
-25
24
24
96
-21
42
79
15
-131
3
66
32
-40
-47
-94
37
-87
65
-2
51
-62
-42
-12
125
21
89
-49
63
16
-3
95
-62
47
-73
-51
24
-95
-78
32
-101
-35
61
-87
-70
-34
-32
-47
-39
-67
1
39
10
81
-4
-13
-8
8
111
-59
76
-44
49
-24
-30
83
1
31
-9
-113
41
-16
-67
95
-18
-10
-66
102
-62
11
95
-40
-50
-5
-19
-32
0
81
-18
91
46
-71
-38
53
9
-75
32
42
-60
29
-31
2
-24
0
-166
28
-62
48
77
-91
-7
7
25
21
16
-63
22
21
96
3
7
10
109
53
-14
-1
65
3
24
54
24
90
-85
-34
7
80
85
-17
69
112
-81
44
-76
-88
20
-71
72
26
-14
-3
-8
-55
36
-150
98
2
-28
15
-4
44
-38
33
-55
61
-84
-19
2
-38
-2
59
2
199
-98
47
-4
-58
43
-137
72
-13
-24
-80
-16
-9
97
-31
-114
-52
-80
31
8
-42
51
32
52
-45
4
98
-85
32
-73
86
26
-3
-93
-62
-141
-85
138
32
27
-29
-14
-92
27
30
109
8
-91
-38
-32
-26
11
78
-5
51
-60
-32
28
1
65
21
-71
-78
-109
106
-6
-172
130
-70
-50
-13
-10
-75
41
-40
-12
19
-68
-77
19
4
49
-45
-6
60
64
-8
12
-66
68
-68
49
61
-25
-46
21
-1
-4
91
26
-42
-123
92
-8
6
-5
75
-35
-88
-42
93
33
-22
-41
42
-17
78
-26
-104
-39
-7
-17
82
76
18
-18
-57
-92
52
-28
-73
20
108
-54
1
-34
66
-50
73
-10
32
-88
-21
-74
26
-6
-41
75
-13
11
42
25
4
-32
113
-134
46
24
-36
-99
15
-24
24
-5
-27
77
14
-45
23
67
-104
75
-89
-52
33
-31
9
-29
47
85
-86
45
10
2
85
-28
-18
-23
22
1
-50
-147
53
-67
-1
91
-78
0
-73
-12
-93
-59
42
-72
-112
1
-89
-43
-1
-10
-37
80
-20
-149
111
-73
159
110
-15
-68
-28
-30
11
-31
47
7
-18
25
42
-41
119
-17
27
81
42
13
-84
-13
-45
59
-104
-14
23
60
6
-69
25
9
29
94
-110
-105
-36
-32
-88
-109
-53
107
19
44
131
-3
119
-46
88
-38
-23
81
-29
-72
95
-108
-6
-31
28
5
-116
-27
13
-14
-18
-17
0
-57
-27
-109
-18
-81
-21
37
-33
79
-172
-46
-47
-16
-23
63
-17
-11
-87
68
29
-20
-43
111
35
-34
35
70
-76
14
-3
80
-2
8
95
-26
21
-44
-38
52
-43
22
69
-69
30
-53
-57
46
30
-89
38
46
-121
-55
1
84
-49
6
-3
-2
28
-47
-58
2
-5
84
122
11
20
101
68
-56
64
-3
46
-67
155
41
-6
36
-59
16
86
-88
24
52
53
-13
47
42
-54
-14
46
165
36
175
7
19
19
73
16
80
-82
97
31
-63
-56
-18
80
61
127
-189
21
11
24
48
4
-58
-23
-93
20
54
45
10
23
-74
-116
-6
-67
-83
13
37
-37
-7
25
2
28
20
40
-96
3
-1
20
-23
-86
-49
-120
58
45
84
-117
-31
98
-81
-1
-2
29
-5
82
18
-7
-12
-185
158
-27
-56
19
10
-30
67
20
-37
-182
17
38
-53
-30
-65
86
-100
-52
21
-105
-81
25
16
25
-47
87
52
-80
-73
-34
-22
24
-5
97
132
-56
56
26
132
-2
-99
45
5
-82
-21
13
-75
66
42
-15
6
-19
76
17
-62
28
33
-72
139
100
51
-22
20
76
-84
-35
10
32
40
-10
25
-50
26
38
-104
72
-182
-13
-39
19
28
-23
64
-54
107
65
-47
98
-17
34
97
64
17
-57
-90
-45
-93
-44
-95
76
76
-1
-84
94
-12
3
59
-76
-131
-17
12
-49
-19
-19
-43
-52
30
36
82
-29
-62
-41
46
21
122
14
29
106
-35
13
45
34
88
79
45
-111
-27
-99
63
49
4
-84
128
-116
-77
135
18
-81
156
20
43
-61
-93
64
120
108
-1
47
-31
28
196
60
25
20
0
59
-33
30
56
83
-33
20
-178
-46
-25
166
85
-37
-61
14
99
9
-26
86
107
40
29
38
-55
-56
-4
-56
-4
-61
15
52
23
22
-20
32
30
90
38
53
24
103
50
95
-189
138
-8
46
13
-4
-18
-7
-26
-49
19
50
60
-47
-96
-63
-16
48
-96
-41
-57
-82
-3
96
102
21
-7
-44
-7
0
10
-3
-7
28
-46
-52
-43
-46
-179
63
102
28
76
-43
24
59
37
44
53
11
-56
-46
4
-20
-15
-12
26
-37
31
12
0
-15
-78
-131
-124
-11
-7
66
33
0
-123
-64
-8
-15
-36
88
-145
-34
-148
52
9
84
-83
82
38
19
-21
96
-29
-59
-20
-41
55
-44
-54
-9
-23
129
143
-27
-46
61
32
-30
-1
-130
26
-10
19
34
-124
-15
-67
85
33
-2
-4
-64
-11
64
19
-15
133
70
-3
-65
105
90
-31
-13
16
-2
14
-71
-40
-46
4
66
-22
-8
-21
105
16
-48
-5
55
-21
9
27
-109
-42
-77
-73
11
62
-110
16
-19
3
-71
34
-47
26
-12
59
38
-34
152
85
-9
-34
22
49
73
-7
-23
100
-10
-2
-45
-8
58
40
112
28
-32
-135
34
95
-17
-1
-33
35
44
13
86
73
32
-31
30
-42
-24
3
-25
12
70
32
-36
-71
61
-49
-49
17
67
21
211
-80
-225
-145
-1
18
86
-77
-63
-72
-71
16
78
-23
-60
-59
53
85
-4
-57
58
2
103
-78
58
-85
-82
92
-131
15
160
-76
61
39
-37
22
49
66
67
164
5
51
-50
45
-76
13
-45
-13
20
-97
-96
-53
-18
-104
-37
1
-24
-28
-9
-88
-32
15
27
67
-7
-25
43
22
-33
38
10
3
-30
83
25
-11
-63
-24
-29
42
55
39
-37
-57
95
-14
62
-82
-43
61
79
-2
-22
1
-63
2
-38
-1
109
-30
21
-52
54
142
-55
42
-26
86
-41
48
81
32
98
-3
34
-56
-41
-120
-155
-2
-90
59
7
36
14
67
-14
-45
-36
16
-27
-101
34
-36
-146
56
9
44
69
-27
-53
167
9
-30
-1
-4
-100
41
-121
13
5
56
25
-26
-76
-21
102
18
51
95
-67
-31
84
34
-59
47
-65
17
-41
-37
23
53
-85
41
2
84
23
-65
-21
17
29
45
-41
-33
60
-98
-132
-8
-178
-23
20
-10
-32
-30
-64
15
-65
37
-55
143
-92
-3
68
-21
35
-42
-84
-76
-105
-80
10
-10
48
14
-20
29
36
79
-113
32
40
-13
-22
2
-35
-160
-44
11
58
-8
-34
62
41
-61
-95
-23
16
49
-8
-35
21
-52
23
-56
66
-31
-7
-61
58
-25
-35
-7
-50
45
-86
21
10
-2
-107
-100
4
-66
-76
27
-56
0
-4
-75
157
-85
-61
29
36
-70
-67
22
22
-36
71
-18
102
-34
36
-73
-11
-8
16
-3
145
-89
152
80
78
-57
-7
18
-13
-26
-3
-96
-55
76
-64
44
-35
101
-24
-36
-77
-109
-20
86
52
-18
-30
2
121
86
-83
-89
43
-55
7
8
154
48
147
-135
52
-83
-64
-61
-59
83
41
104
-3
-46
-48
-16
-9
-18
-48
-10
40
-71
30
-10
-40
117
7
-49
9
37
52
-28
-14
-124
-8
31
37
-29
-21
-69
-23
-7
120
26
-51
-90
45
-35
4
-15
-17
28
26
6
113
55
-42
61
14
36
-20
19
-118
52
6
-46
-46
6
-105
101
58
10
74
-21
-3
39
9
52
17
-1
-5
75
-63
50
60
17
-47
33
-52
-29
-37
45
-69
35
-158
78
68
2
-20
13
75
4
20
-53
20
-80
6
-100
-59
-97
-63
-98
76
104
-7
-56
-25
-17
-51
0
-39
28
-68
18
84
34
2
-17
-133
144
-17
59
-117
-109
56
-18
30
-11
-13
8
47
81
-2
84
-9
-29
-3
-24
67
1
48
-40
116
10
-4
53
87
20
73
89
16
25
-15
-31
-59
-4
15
98
84
14
-42
126
-123
-55
9
-41
14
130
-38
-50
-20
-32
-50
45
13
-19
16
27
57
59
-111
-22
-59
78
-21
32
101
5
79
-37
13
-14
-62
-2
-68
19
71
140
-99
2
12
15
86
-5
-30
-38
7
70
29
-25
-62
-72
-60
48
2
5
-22
59
29
18
21
-15
-11
-18
-29
92
-29
10
129
14
60
38
-21
-36
-106
-2
14
52
-65
0
48
-3
158
109
49
48
-4
99
-13
-101
-5
62
-51
-112
-12
-67
-35
-60
39
-18
-134
-46
-15
27
31
-38
72
-40
56
81
32
81
92
-67
103
27
-83
2
-36
95
-65
-38
-59
22
-27
-40
80
-3
-40
60
-58
-59
18
57
-21
-53
-146
79
-16
-20
13
75
-103
-22
6
-40
-9
-50
-74
40
-49
-21
-92
-2
23
-4
51
-6
-19
-122
1
-82
36
-73
18
6
58
-6
-47
18
-56
-70
81
-44
-3
-59
15
-82
-30
8
22
-101
-6
17
39
-71
-8
-24
-43
-8
6
60
10
-25
10
-85
44
30
53
-66
26
80
-50
1
25
-9
-14
86
108
20
-78
-14
31
44
60
67
-47
-155
-48
-18
101
-35
-71
-44
96
-3
-90
20
-96
-79
106
27
46
-47
45
-39
-24
101
110
-44
61
-6
84
14
64
12
51
38
-14
-66
65
60
-3
13
-14
-24
-56
68
-34
87
-40
-58
19
57
-59
-49
70
53
47
1
9
24
-20
16
-63
12
-78
-48
-104
49
-60
-32
4
-31
120
126
9
97
13
29
-91
-70
1
-30
-15
-23
-72
95
47
-67
35
-121
-44
-11
-113
71
-116
-57
41
24
15
57
91
-65
-56
-25
20
-31
-76
82
54
-16
-122
-88
57
193
14
38
1
-44
-24
-122
84
-74
33
33
93
-13
-28
14
-83
61
8
4
17
-84
62
-23
-28
75
155
-35
-68
63
29
-6
-35
-86
-48
-8
-12
-36
151
29
-52
34
-76
-105
127
82
-28
77
-72
-48
-77
52
-75
-150
48
-159
-48
-69
-69
-23
-148
3
112
-18
-131
-18
25
31
-9
28
-10
91
-29
-16
39
-27
-17
-5
18
81
93
-4
186
-8
-124
-32
-76
111
34
95
-50
-11
44
-12
-22
72
10
46
86
35
-63
11
153
114
94
-135
12
-75
4
88
-109
58
18
-57
39
-35
118
-62
106
-27
36
59
24
8
35
-69
25
-34
-34
120
93
98
-15
-34
-3
22
79
-26
-12
-60
-98
-23
81
-35
-101
41
66
-51
30
47
12
-20
8
4
16
-79
-17
-21
-6
-64
6
59
-117
-61
22
65
72
-4
24
-87
-98
17
-52
-43
32
-30
77
111
62
-10
-5
62
-112
-33
-16
55
-75
-27
-70
-46
34
5
54
41
-8
101
35
-10
139
-72
2
-7
-67
-105
-145
-7
-29
78
60
-79
-52
21
18
13
-59
-66
60
-108
-48
19
-22
-120
69
-30
-118
-74
66
-32
-36
83
29
-5
5
5
8
-59
85
-10
-27
-62
-42
108
-46
-4
-2
7
66
-121
27
-38
-72
-7
-96
-27
16
-89
2
-18
14
31
25
-54
-45
-14
-95
-83
46
72
43
-87
2
30
-25
58
7
-105
-101
31
29
-52
-131
-49
30
146
-65
-127
-12
2
-71
-67
13
19
126
-78
83
-28
80
-60
15
50
34
13
28
-107
14
-12
3
19
-52
-24
60
-21
55
-8
-13
-35
-153
11
35
61
75
39
-40
-103
-140
-149
85
11
118
-4
44
-163
-136
21
25
-122
-5
-29
-4
-12
-55
24
-34
105
-24
88
-79
-67
-27
92
77
-43
-43
26
101
-83
6
6
26
-21
4
-82
20
-9
0
-56
54
27
-9
62
-50
23
100
-42
48
0
61
-40
-22
29
-22
-25
42
8
106
-59
-160
-44
119
73
-46
71
38
-31
-52
107
-10
33
-83
50
-12
-82
131
25
-89
-61
-95
37
-150
-68
49
-24
-119
-24
36
-26
-8
16
-47
51
43
-128
88
203
94
-5
56
45
94
-28
-90
-63
-29
-37
57
-10
1
35
-9
4
-35
-101
101
-53
-77
19
31
1
15
10
-38
-90
33
-55
-39
5
-17
50
-105
-98
-58
-14
-9
26
19
41
19
12
51
-142
67
-87
7
-19
-54
67
3
-16
-33
-63
-9
63
72
21
13
137
15
-42
-41
-48
-19
100
-78
60
117
78
42
-35
-96
24
0
72
-22
16
40
60
81
-10
31
-80
-89
-51
33
148
-63
1
-24
16
74
14
-39
-127
16
56
19
36
-95
-20
-43
-50
-8
29
-140
2
-63
-65
56
25
-58
34
-19
34
138
26
81
4
174
28
40
36
30
-97
93
66
12
-49
-84
-120
55
13
-28
60
44
66
-85
18
87
75
17
-51
-5
-78
-59
51
27
85
29
39
110
-92
-36
78
58
62
45
-5
-1
83
31
-96
58
21
-17
-8
93
53
-78
53
-105
37
-48
104
14
37
115
-14
-28
-22
-45
-5
-4
-18
-21
-24
52
86
-72
30
40
71
-10
-14
-31
22
14
52
43
85
52
-38
92
20
-43
75
122
-36
74
-59
40
23
-146
158
74
-41
-88
-66
48
36
-24
-50
-21
15
-61
27
-77
12
86
28
-58
65
96
-109
-62
21
-84
32
-182
52
29
-37
50
-38
-20
-8
-8
121
-120
-19
9
-3
50
102
56
103
-52
-20
29
-36
-48
62
23
104
18
46
21
-18
-12
38
-58
-102
-20
-22
58
149
-1
8
-75
-5
13
14
-70
-39
4
92
115
-28
-57
-108
-50
31
-57
-2
-31
100
-14
-4
65
1
-77
81
-98
-73
52
-2
-21
98
23
84
-56
128
36
-81
-33
99
-4
99
36
-61
-140
48
-14
-48
-68
95
-82
94
-122
50
86
-7
70
-26
-18
9
36
42
38
-44
1
52
1
-1
-100
76
189
-50
17
32
-42
32
-14
37
63
14
44
57
137
-129
-32
-25
69
-25
-35
-29
-97
66
-12
-117
-68
-168
-22
-15
-26
-35
-56
20
-10
-15
-41
3
59
-68
-38
36
-2
89
-55
-123
64
16
-12
-23
36
20
-115
-26
55
-33
5
22
-57
50
-29
-22
21
0
-90
76
-10
21
-6
66
-84
-19
76
-54
-20
-95
-11
8
11
-98
-4
129
61
-1
100
0
21
41
-34
105
5
-66
-7
90
-4
-104
77
-31
-45
25
-44
-92
72
20
-13
-91
-120
48
-29
-80
9
-63
-47
36
89
3
-124
85
16
67
-115
30
4
116
-26
-58
-18
110
-31
-20
-26
-48
-34
-98
13
-33
-111
-12
-58
5
102
-56
-16
-33
46
58
85
79
8
15
-4
-128
51
19
48
19
62
39
57
15
-29
-40
115
43
-16
3
-53
185
-8
-93
-61
-125
53
22
-12
31
7
129
-89
21
-55
-15
-61
-70
66
54
-78
-37
2
12
-36
23
68
48
44
-50
69
45
29
-44
36
-137
-54
23
-44
-18
-6
-16
-164
-56
-65
80
73
-83
-76
-36
4
-158
-108
23
-87
-31
-17
-16
-91
19
36
79
17
-40
-57
10
15
-82
24
-41
162
26
-36
-41
-43
68
46
-22
92
52
-8
15
52
76
145
86
2
37
-37
-105
-63
154
80
-56
5
-89
-100
-30
-30
47
-79
43
54
-27
-67
-51
-75
-109
113
47
-50
-148
-70
-13
108
-16
-53
73
15
-46
-39
45
-64
-20
105
40
-31
124
105
-53
-53
-54
20
-87
95
61
-80
-2
77
-65
33
26
-100
3
41
-12
-13
-152
-176
-6
-164
7
-72
42
52
165
31
75
-1
56
147
11
-41
53
9
-28
4
11
-63
26
2
-16
98
-57
24
-23
-33
-5
-35
65
34
-119
-110
-14
82
25
-29
-62
21
88
19
-21
-32
-113
14
-77
-3
-3
69
19
-75
20
-39
37
21
-147
35
-129
26
8
-46
97
-15
-34
85
116
63
18
-12
-90
-34
5
82
89
7
47
-59
73
-112
-131
-81
18
29
-7
14
-16
18
-16
33
-41
3
-84
-71
-50
23
-3
-23
-57
19
96
102
56
-54
-6
104
-89
123
44
88
-10
90
-14
-61
27
-41
-81
-25
8
71
-33
-57
-25
-26
70
-27
-54
21
31
95
-28
14
-17
3
-2
20
-61
-10
30
-104
-27
-105
16
82
-7
-25
-3
51
55
5
-45
31
65
24
-80
-135
79
-5
-46
-56
78
-1
40
56
1
55
-79
-16
-116
21
161
-57
-39
-115
-12
-11
-89
54
5
-21
37
-53
37
108
-3
-39
-38
-53
121
-13
-46
-91
73
-8
92
-2
-117
-55
27
-68
115
-151
-80
-43
70
37
-92
47
36
-17
39
-40
-69
-64
-46
112
22
6
-56
-21
-109
26
63
-11
98
-14
47
-35
-90
83
-44
13
-54
91
-62
-77
1
-71
24
100
92
-59
-25
10
58
-18
-43
4
79
33
-23
53
-21
59
74
-100
-105
-142
-32
2
-89
112
-57
-40
-120
-119
-20
89
-44
-45
-36
39
-97
-60
13
-40
-80
29
48
24
14
-41
26
-1
2
63
72
-43
78
-109
-19
-67
23
-17
-16
22
-39
71
-18
-65
-50
13
40
-72
-105
86
49
-42
99
58
13
1
14
-89
-72
-39
-108
10
-35
-50
35
55
-92
-8
7
-59
1
-15
5
63
83
5
45
-44
-14
46
28
36
-27
52
50
-103
9
83
-113
37
-1
-111
-7
60
29
-69
28
-3
-27
85
-40
-75
-124
8
-75
63
-35
-57
100
52
-21
-5
-30
120
49
-153
156
-10
-51
23
56
90
2
46
14
32
7
-50
-50
-15
-94
-36
114
2
40
64
-42
-16
-122
-89
-18
67
-5
56
-6
-105
-87
20
3
2
102
8
-63
22
46
-24
5
87
-116
99
-29
20
28
32
-38
-6
77
16
-136
-164
43
58
13
98
-58
68
68
1
-115
-2
-22
-59
-44
34
-1
-24
12
-46
76
-3
29
32
-65
-103
32
-145
18
0
80
25
12
57
56
-17
113
109
-59
-70
78
26
49
-16
-151
69
1
-4
45
115
149
-3
-30
-72
102
32
8
-21
97
26
-66
28
45
55
67
-165
129
0
-10
-21
-12
-4
47
8
-48
47
76
-35
4
-102
-65
-39
61
36
27
6
117
-139
5
46
32
-59
-40
-32
-149
-137
11
-8
-28
32
153
42
-106
5
13
-2
-85
28
-7
16
-18
15
19
-25
-18
-129
-14
-3
113
93
25
-89
-4
91
-103
60
-17
-2
-16
-81
-20
93
56
37
-155
-98
79
-20
77
22
10
-24
-113
-5
-79
-106
-54
-38
38
-38
-58
-22
17
-4
-93
53
6
0
-105
42
111
27
3
11
60
3
147
-25
108
-144
-110
-20
-4
60
-46
-94
34
-38
120
-35
-53
129
-54
-37
0
31
-42
73
2
-87
-11
19
-17
63
104
80
-40
55
-39
6
65
-92
89
73
56
-85
-6
143
-28
-104
117
-14
-39
-12
-26
-75
64
-30
-92
-243
-67
-88
-2
-12
-51
76
-20
-32
22
0
-130
70
-35
-4
34
85
-53
39
62
-112
-45
27
108
-101
-24
-51
-22
-88
158
14
6
18
-42
-97
-14
36
47
10
-37
-13
-50
-53
6
-31
55
-64
-115
43
89
-83
-30
-57
77
-53
108
-111
-85
42
-35
-13
23
-95
52
72
-25
27
16
-12
-75
19
-43
43
-39
-61
76
-38
-83
-51
71
-47
74
50
36
-111
1
-35
57
-35
-77
-77
-15
-68
-53
-50
-41
-72
30
-51
10
43
-15
27
41
119
3
-22
48
43
164
84
-162
53
36
73
27
-150
7
21
-56
-60
48
47
80
-11
-57
-102
54
103
42
-50
72
3
-37
54
136
-112
-17
85
-75
-2
-96
-35
60
81
-8
-85
-18
27
-23
122
13
72
47
-54
82
45
-127
-27
-154
39
-45
26
-15
173
-20
-69
28
-47
-85
-11
18
50
0
34
37
-56
-41
23
11
35
-24
-9
-18
166
22
8
32
31
36
30
20
27
16
18
-120
-110
71
42
-116
27
86
-58
15
20
139
46
-3
19
-18
7
-32
-36
-125
-115
79
10
-27
112
-26
99
25
-45
55
-30
-32
-9
-47
63
-97
-13
-16
39
11
-124
55
-157
-6
-76
-74
-25
-31
27
12
-53
64
118
-4
-7
-7
46
-6
-58
99
-66
-150
95
-85
160
-5
-27
-93
-114
94
42
52
-103
23
19
54
-72
23
-17
134
45
22
54
-36
-45
-29
75
-56
59
-101
-128
106
92
-71
-10
30
72
-43
-2
-36
-43
-50
27
-92
-32
50
-9
-33
-54
-2
43
-27
49
63
13
58
-87
-42
31
-38
-80
-2
130
-25
122
-94
102
8
-54
-95
-19
2
23
-12
129
-67
-38
-44
-101
42
57
45
-62
-86
-24
-25
-53
26
35
27
-15
123
22
-49
-52
63
-63
-120
44
-15
60
-50
-35
-14
-64
18
-112
88
21
-30
32
48
-95
99
-88
-3
-87
108
-42
26
69
-99
-21
23
3
-141
55
15
-87
-67
-44
16
-110
23
-90
50
16
-33
100
215
107
-158
-91
78
22
8
-46
-17
-37
-57
11
52
-60
45
-25
45
27
45
-51
-12
-57
-43
-130
-2
-35
22
57
-79
-32
14
-1
-15
-30
99
10
72
-21
-14
-114
-9
-128
57
-135
-106
95
58
-108
-8
-62
-50
-8
-61
68
-83
8
-49
-18
-71
114
43
53
-15
-93
14
20
-21
13
23
-22
141
45
-79
45
-29
38
-6
-157
-24
-17
-59
-4
5
-118
103
136
22
-10
-14
-133
-86
-43
50
164
-64
57
-119
38
92
-20
-42
-37
-49
1
45
67
-42
-53
62
-52
-77
-10
34
14
16
69
-29
15
-55
-98
61
-84
-9
144
38
71
76
98
-1
24
123
24
-28
-85
2
-64
108
31
-105
-67
-14
-15
-9
-57
-45
-36
-18
-96
-97
44
35
9
-51
-49
-164
-27
-5
75
-7
-102
27
-47
52
43
67
219
59
-39
76
151
-35
20
-74
-9
14
-27
5
111
20
-47
-50
24
-51
50
84
-29
-19
-11
-128
-4
6
-34
67
-52
-40
72
14
143
-89
-58
98
133
-51
-23
13
-101
54
56
-104
-82
-61
-153
1
-11
14
23
-1
43
-7
24
-37
14
30
-93
-54
-11
-83
25
42
-44
38
56
-67
-74
-20
-22
-11
4
-69
36
0
1
-50
-59
75
97
-7
42
52
-26
58
-98
50
75
181
31
17
39
-145
-9
-35
-82
85
13
21
-54
-65
-78
53
-57
99
-53
68
50
22
46
60
-110
-23
-17
-65
-93
-37
36
40
46
-47
-59
46
-64
124
-47
35
-51
56
-19
-69
-30
25
-51
-20
-96
21
-55
32
-38
145
7
5
8
-52
-36
-47
49
-65
22
-36
-97
130
19
-56
-18
22
80
73
60
-82
-9
-16
-34
38
-26
90
69
-31
117
92
13
-61
-35
75
-28
-50
-65
-77
-45
73
-1
-142
-21
-26
-45
-57
-82
-48
41
-11
-11
-51
-43
10
-16
-96
-63
-85
80
-25
-1
13
104
0
32
-67
-62
-3
17
2
-97
-65
-15
7
-67
132
-37
50
-12
76
49
66
-6
58
-27
122
12
86
52
-65
147
34
-135
-50
-56
39
-12
-11
11
-65
35
-56
52
9
-3
74
27
-25
151
-66
-12
172
-54
43
-95
59
-101
9
113
68
-2
-1
9
72
-41
-21
59
-68
5
-45
72
-69
-14
76
0
-16
9
-80
-94
-3
-60
44
11
-8
-155
38
-18
-13
11
90
22
36
33
-17
-70
26
36
51
64
14
-11
-78
16
72
-40
-26
11
86
-178
16
107
-35
120
-48
-91
117
-9
-36
-14
-42
-45
6
-9
66
-20
-8
-136
25
-30
27
-74
24
-15
-72
-72
95
-9
8
-3
15
-39
41
-42
63
-101
-18
-19
23
-129
-46
71
-3
31
-47
-74
82
-88
-44
148
68
6
33
-81
45
-39
23
46
15
50
31
-45
10
-43
37
28
75
72
79
78
98
-33
-12
-78
-41
42
-23
8
26
71
-20
134
80
54
-49
-111
-121
-49
31
-126
-1
-12
112
21
42
21
30
15
50
-10
-114
-46
50
-124
-93
-14
-155
-59
67
-1
-40
-74
12
-1
14
-24
-145
-13
50
31
149
40
39
47
239
-151
118
112
15
0
7
15
9
36
4
52
101
4
-33
97
-51
-1
57
96
27
120
-76
-82
85
-65
-85
119
-39
6
36
52
-57
25
29
0
-36
-63
-56
3
187
73
72
-28
41
-99
16
-4
28
-89
52
-48
-74
-67
-56
-13
67
66
42
26
-14
-105
25
-15
-22
68
2
53
106
-113
30
29
71
7
-33
30
127
-81
-60
-90
15
36
-139
-48
3
-28
-21
-43
-30
-59
-32
-10
-3
-91
-132
-8
-79
-74
-12
-50
-56
-22
7
83
4
28
-6
-28
15
-16
13
-58
49
3
10
65
-39
31
7
-31
140
24
47
-11
-16
-135
29
114
-186
64
-117
-29
-56
111
-108
-17
3
64
-58
39
-14
-19
21
21
-34
-155
-10
-23
7
-14
66
33
-4
-44
17
-45
-33
-22
-113
-141
9
18
-88
16
46
127
-91
-41
51
-24
-44
71
-128
41
-51
-5
-35
139
45
80
-25
-45
22
35
-97
6
-82
-63
-22
-54
-49
90
-54
104
1
116
16
7
-64
-33
-37
21
-58
-146
-54
-49
-42
0
63
-11
-16
-120
9
-69
62
-33
-52
-24
-88
-122
181
-21
135
-74
-112
-18
70
123
29
-12
40
-22
-81
50
46
72
-36
33
27
-47
46
44
-74
10
-122
137
120
-79
-47
76
-68
-80
-43
-38
-63
2
58
-61
-69
81
46
3
12
28
-57
-208
57
-74
-1
42
45
32
105
58
13
55
18
136
19
-17
36
139
17
-3
-67
56
-120
-18
75
-6
-67
30
84
-6
30
43
-13
59
-95
-67
-20
-84
0
10
-51
-110
36
-17
52
-62
41
14
-9
-5
-5
42
-24
-89
-18
35
65
-131
-109
-12
40
85
9
-5
43
42
13
124
58
-4
39
-68
31
56
76
-28
94
45
-40
-30
-14
70
-36
-51
41
-59
-86
58
-16
14
-2
9
-13
2
-32
21
3
-30
-82
26
-47
33
-65
-86
-17
34
0
-17
-102
22
40
-31
14
-26
61
-97
-22
19
78
65
-67
-116
-56
-113
-27
62
46
61
-50
-76
-17
130
32
27
-9
-37
21
-60
12
52
112
116
8
-103
3
123
95
-44
-5
127
51
14
-84
-36
-11
12
-134
-16
-38
16
81
0
99
-45
98
-12
-34
-105
64
-28
47
119
-73
-7
-10
121
41
-44
-20
-23
18
157
31
4
2
59
41
-58
56
-83
21
-32
-94
-78
-59
-76
76
90
-35
-20
-25
41
36
28
-45
163
-86
115
47
71
-88
26
30
-33
14
3
-193
-56
4
0
-67
3
-18
81
7
-104
-61
-28
-57
-34
-19
-19
-58
-5
13
312
-36
117
-63
-59
105
-29
74
-63
-60
-68
-15
-4
-43
90
57
35
72
-9
115
44
-74
85
-14
39
65
-13
-26
119
-114
-35
75
-40
-10
-107
88
-46
20
-6
-121
-11
-49
-11
49
75
-26
-8
111
-46
-56
62
-47
83
-4
-31
56
-26
19
11
-7
-140
42
65
-64
-55
-13
49
-26
-21
80
-44
-48
41
-51
60
12
9
35
-61
111
-82
-113
-21
-93
107
56
86
125
58
10
-64
-58
-41
77
50
-120
10
-126
-45
-79
-19
-28
-111
27
97
126
69
-6
-12
-19
-140
26
-64
67
-7
19
-33
-45
-43
0
128
11
27
-10
23
15
-35
-59
110
50
51
-145
-103
74
2
-69
-36
11
-87
-60
-82
57
-109
100
29
-31
50
42
-51
16
44
1
-18
77
-75
-38
-38
53
3
-12
39
-45
5
53
-83
-53
-63
38
-117
56
-22
12
-32
26
92
41
-1
-19
12
-50
-32
-14
16
44
-67
130
-45
-21
40
90
18
33
-48
19
0
86
-11
54
63
-6
32
0
40
-53
-2
-31
20
76
-64
-43
142
94
-30
-43
57
-22
190
7
111
-55
66
82
-122
-76
-83
67
250
23
51
34
29
93
67
37
-38
93
-18
7
6
-20
-71
-3
-68
12
83
43
-13
-136
-97
15
-18
94
-17
-14
-15
89
49
-4
2
-79
-80
34
96
3
-3
-22
-43
5
30
41
64
110
-9
-12
39
5
34
5
69
62
11
-25
79
40
-31
111
-89
-87
-38
-26
-40
-2
-10
36
64
-93
-2
29
0
-41
-18
71
-12
-83
-19
142
13
6
92
-71
-136
38
101
-102
-67
-32
-7
-70
-90
-51
-1
44
-8
31
104
105
-2
-23
57
-14
-63
139
60
-58
-24
-21
84
13
-41
-38
87
91
-8
-47
-69
93
27
-72
90
106
80
65
63
-12
-27
-90
11
123
-44
53
60
-99
-35
-51
24
72
-36
-28
70
-1
-48
62
-31
51
-6
28
5
-7
2
-41
78
-96
44
-19
-132
-4
-15
-35
-31
-65
56
46
-45
68
46
-42
45
-9
45
-18
-20
-64
45
-38
76
-116
40
28
0
-15
103
-22
23
-25
50
-24
-9
51
-111
-14
-2
26
45
-35
-6
-19
127
-39
-12
20
14
71
35
89
19
-118
78
-13
-51
-39
6
142
-158
-12
65
-80
46
-85
-21
-48
-73
-33
97
8
30
-44
43
-147
7
-7
34
6
45
-135
-23
-80
5
89
-195
-25
66
-39
60
-34
-4
92
65
-70
-19
85
-70
43
55
-77
47
-91
-24
-114
-119
5
31
51
-29
8
68
-21
-3
84
124
-96
117
-51
-103
-145
-46
8
91
29
-138
76
-92
-107
21
0
59
-59
16
-3
-115
51
-47
-5
114
-50
32
-41
2
60
-117
-20
-97
-91
-86
-3
4
-15
107
10
-125
63
-57
33
44
60
52
118
-64
59
-43
-106
5
-22
-61
-51
34
-59
-61
105
-80
7
128
17
-70
-97
38
88
-32
-13
16
4
90
59
-82
90
46
107
18
45
3
-121
111
-8
52
-28
-43
42
-78
13
-80
13
6
6
-21
-3
-45
-25
68
101
-92
63
100
10
48
-63
-13
70
25
-2
13
-47
28
69
-31
-108
92
-80
8
-26
28
7
25
93
-41
77
-125
32
-92
45
-69
-112
-71
71
-28
-14
77
15
4
3
-61
70
-62
102
11
-15
57
107
189
-31
-80
46
-27
-51
-66
146
23
35
40
7
2
70
56
-25
169
34
6
133
-105
32
67
7
25
3
-97
23
-85
71
-76
54
37
79
-145
-23
-10
21
-11
-65
84
16
-52
-75
38
62
33
-79
72
35
-34
68
15
-41
29
-70
-25
-14
-36
16
-45
39
24
15
6
121
-34
99
-69
8
-136
60
-157
-1
44
103
27
1
-111
14
-11
-46
-74
-71
-87
-49
-23
62
-54
-76
45
-25
74
135
-53
-15
85
-24
-32
13
77
42
-8
24
-2
76
-64
-40
-51
0
23
21
-34
-13
83
46
99
-57
29
78
40
-133
53
-19
-52
121
-30
-39
-29
102
-68
-5
60
42
-86
60
125
-13
-163
20
-88
40
-106
99
-26
17
23
93
94
-17
76
34
42
65
21
95
-62
5
81
45
-2
-36
-37
74
-51
-38
33
7
9
-76
-63
43
54
-22
112
6
-59
68
-66
15
2
68
19
-122
14
11
2
39
-91
61
-60
-114
147
-38
-80
-222
54
41
-32
24
-18
10
-48
-90
-36
-52
-105
-59
21
-70
-16
153
8
129
28
89
-4
31
-7
152
44
-90
-39
48
-71
-68
-43
-22
-18
8
-10
-16
111
-59
-43
5
-114
-57
-30
92
15
-61
-56
8
-39
-23
-50
-73
10
-81
112
-66
-26
-33
-136
11
-66
-73
50
33
75
-98
-27
117
-7
14
112
-75
-126
23
-20
-20
-8
32
-21
-27
67
7
19
87
21
8
-88
88
-28
18
46
151
73
15
24
-2
-1
-90
82
-8
63
23
-32
-62
-73
43
9
-55
88
39
-83
-47
38
-166
132
14
-70
25
-21
-53
-31
60
-81
-25
7
-1
-8
18
-95
-13
-64
-7
1
-96
-68
-32
-39
31
-37
-116
50
-24
2
0
-23
-8
118
-62
131
5
-149
36
-45
71
8
8
-78
-58
-38
-34
-30
132
118
3
72
30
4
-2
-124
-21
-29
3
105
-15
85
-3
82
124
20
-6
21
-107
85
55
65
-145
69
-19
-41
47
14
-44
19
31
44
-17
115
130
-113
46
26
47
35
-24
-61
11
20
100
30
0
-52
-10
6
55
-4
112
-15
-43
-24
17
-73
-47
-2
-56
33
45
-111
-19
-66
8
65
52
-46
-28
-60
18
-53
93
23
57
-66
-16
-6
83
-9
36
39
-79
31
-70
9
-54
-26
11
69
-61
-80
90
5
58
51
-3
44
-73
6
165
-45
135
33
-138
13
89
27
2
56
30
54
-55
-85
38
84
-40
-23
41
-121
44
-23
-54
11
-20
14
-47
-1
14
77
-25
-41
-62
-25
22
23
31
-83
-47
104
10
115
106
20
78
-88
-24
45
81
40
122
15
54
14
-104
-1
36
-72
-90
-12
-105
23
112
13
25
-98
32
52
74
27
-26
36
-21
-86
23
60
-94
82
-35
0
-56
25
-83
52
