25 60 81
0 5
0 11
0 14
0 23
0 24
1 10
2 4
3 1
3 13
4 5
4 7
4 16
4 18
5 9
5 24
6 7
8 9
8 13
9 3
9 17
10 7
11 9
11 24
12 2
12 11
12 21
12 23
13 6
13 7
13 13
13 21
14 1
15 3
15 23
16 1
16 15
16 20
17 23
18 14
18 20
18 24
19 11
19 13
19 17
19 19
20 4
20 6
20 17
20 19
21 10
21 18
21 20
22 4
22 10
22 18
23 0
23 5
24 6
24 11
24 17
24
7
33
37
13
43
0
4
42
39
17
56
41
58
22
30
44
5
6
59
29
2
10
40
8
53
49
34
57
21
35
55
23
46
38
47
50
28
3
48
1
26
36
32
52
14
54
27
19
25
15
45
51
9
11
18
31
16
20
12
-130
222
-132
-95
-115
38
22
46
16
41
-36
115
72
109
-16
-112
31
24
-89
63
63
66
-57
22
45
-22
-88
49
17
-43
-90
-128
-43
-4
29
1
2
-22
45
-81
95
26
20
-39
-13
-177
-61
-21
5
113
-41
50
139
71
-38
151
-12
211
-207
-66
-12
-10
157
-56
-41
59
14
53
80
39
-132
-2
82
20
-23
-12
-51
-76
-140
128
-27
-9
95
-169
-6
-26
-12
-74
57
90
-136
-65
48
-99
12
33
22
-165
56
-3
48
59
52
149
-50
-70
71
-105
126
-98
21
-30
-145
-66
57
14
13
-42
-92
-40
83
61
47
4
191
14
-191
-87
20
74
136
32
24
-13
-35
-11
34
-22
-31
9
-119
52
-35
85
-115
3
-62
-7
118
-83
84
-36
20
-152
-37
-142
35
92
-10
-61
33
71
76
-64
-56
2
88
4
-7
-105
42
-38
-131
78
84
2
-68
53
20
0
-1
-32
-23
-107
50
-119
80
34
-40
25
108
15
34
98
-23
-104
34
49
144
-69
134
-7
169
75
31
-81
2
-145
220
86
3
73
-68
58
-19
93
-62
10
56
21
-89
-62
-4
12
84
52
-27
72
-109
-94
21
-6
-83
72
55
42
-20
126
-58
-175
163
-31
84
31
-9
4
-126
-46
-83
42
100
134
-22
-43
-61
34
-28
-154
-56
48
-4
-240
-27
-205
164
75
-5
-55
-59
38
35
-83
-29
87
-108
-44
-13
129
49
117
32
8
96
-59
-68
-73
-104
-66
-34
20
17
-60
-32
-26
-58
-47
-27
-54
5
-60
33
5
-67
-106
12
-85
-55
96
122
-66
44
-11
134
7
-65
-39
21
18
-81
-53
69
140
-44
125
-98
39
-67
48
-257
-62
-49
3
-18
86
20
-177
-130
113
-60
52
-52
64
-55
61
-169
70
76
-80
-42
12
159
108
52
37
83
68
-177
54
-11
-82
-31
-1
103
3
-81
107
-53
-234
46
74
93
-6
-163
-54
112
66
-53
29
-14
58
18
-95
-146
-4
32
-130
-69
-38
12
-91
-52
-65
46
56
-53
24
50
-109
-30
-67
-113
48
-123
-60
128
-1
-5
62
49
36
143
11
54
1
71
49
78
-100
-11
-10
-9
30
137
136
3
-50
-56
83
-6
-122
-30
33
150
49
-152
-6
-54
16
86
38
-179
-79
116
15
-35
143
-9
138
-146
-64
-161
53
-62
80
-140
45
32
-80
41
125
18
17
-56
127
162
-19
207
59
-94
82
53
-61
46
-9
-138
-56
-100
40
-20
-21
132
31
24
35
-43
-16
164
-1
62
-105
100
-64
-211
-26
-23
6
53
-155
-104
57
-72
126
-29
-139
18
105
-55
-44
32
6
5
59
-61
52
179
77
-41
-127
-43
-57
95
73
-83
3
-72
70
60
106
-114
-44
30
55
32
-49
66
-77
-142
-28
-6
16
-20
122
-51
-49
128
-33
33
29
-35
166
200
-111
64
71
-11
17
84
-58
-100
3
-120
-19
56
82
-111
22
66
-45
22
6
-78
12
-47
-137
145
18
-3
115
114
22
-24
30
31
-54
40
47
-117
10
0
36
106
28
31
27
60
-112
-39
-6
13
-147
41
25
-56
93
31
-178
102
5
-27
-49
-76
-167
25
29
-65
66
-7
22
-67
31
67
-5
39
20
60
154
111
17
99
107
28
-13
24
-54
-51
-53
-67
-13
61
15
3
-116
-38
-76
-113
-102
12
-101
-74
-8
-169
41
-10
150
-26
74
109
-11
46
-75
10
107
40
-47
-91
-15
-4
-43
131
124
112
-20
-13
-27
-25
63
-40
65
98
-100
60
106
43
76
-29
-151
33
-68
39
53
-111
-21
41
76
-35
10
-107
38
128
-23
61
-8
117
47
-41
-88
68
-20
-31
97
-47
114
-36
-61
138
-179
-94
-104
-89
-49
-43
-8
-24
-103
14
45
-104
202
-41
106
-92
26
9
-8
-53
-86
7
131
8
59
147
70
-22
119
95
90
-28
110
-34
192
-103
-18
-12
-70
-61
56
-15
48
13
-66
-24
-12
31
123
46
61
37
-98
-169
-22
-138
59
-105
40
29
-55
-6
-148
-50
-64
2
-67
-69
-121
-23
-133
124
-98
-80
-126
57
208
202
-34
-99
17
14
39
-64
5
38
-30
-139
127
-22
34
28
23
-89
-84
79
17
-17
27
-13
70
113
32
53
-70
16
21
-44
59
28
70
-75
-103
34
15
-42
11
4
-18
23
13
27
-37
22
73
-29
-22
-22
149
-91
89
-25
45
33
53
55
123
-18
0
-72
90
-123
-179
7
-33
78
121
44
-149
64
18
6
12
1
52
-25
6
43
0
-137
-42
111
83
-6
75
-57
-62
0
-156
96
-85
-113
-41
105
125
-92
87
-45
74
-112
29
19
-70
-39
90
-60
-149
43
-236
-14
117
-12
133
61
-118
79
-31
-78
110
67
-210
37
-1
-61
-36
-43
10
32
-52
-53
90
12
-19
-75
-123
44
172
-38
-86
126
0
68
67
-54
-16
92
160
-32
45
13
-134
30
67
-110
167
121
-92
-35
14
-15
114
95
-270
-7
-102
-2
-95
-37
-19
-128
-115
-13
-83
-3
67
128
-87
177
-100
-18
83
-31
-17
-194
102
-148
-91
-6
-105
0
-115
98
55
-156
-72
87
78
59
0
-29
215
-75
-30
-36
-4
-9
-13
-174
-10
139
-73
-107
-22
57
-34
-59
126
88
-91
57
-64
38
5
30
-16
-20
125
74
36
-87
-124
66
46
104
-46
131
-76
-132
-15
-22
53
-14
24
51
196
82
29
-25
-60
34
-99
-36
-16
87
28
-90
-9
85
-219
-35
58
203
40
34
104
134
-40
-124
30
55
-25
-134
-106
108
30
52
-35
-26
36
79
135
-82
257
-84
22
96
-61
35
-29
44
12
109
1
-76
66
130
72
37
10
111
-43
-212
-5
20
49
-17
-33
70
95
-82
-146
102
-44
-135
120
-55
12
-33
-101
90
4
-61
77
18
-15
98
-52
26
56
-2
42
-88
-6
-10
145
121
-110
-180
-19
80
-128
-43
82
134
89
-130
118
-53
-138
39
-32
58
-19
113
269
77
-101
-81
-67
-117
33
-8
149
-155
-35
10
24
-61
-32
-14
-18
1
-1
-96
-1
-10
-43
60
56
-65
98
24
-46
45
-92
223
11
-13
-118
86
27
150
138
118
26
-31
47
96
15
47
36
-27
57
166
56
-158
38
91
54
-50
-104
3
-21
-76
-45
159
202
87
-108
166
-78
1
113
-17
65
24
-26
-49
89
-70
-97
27
99
180
34
94
80
-27
167
27
157
-227
-26
-179
77
62
92
-90
32
-18
50
141
24
10
-138
-10
-107
19
0
-57
67
-81
124
113
-83
20
-37
-56
71
-110
-112
35
-2
34
-31
43
-151
-67
8
69
20
-27
-25
-31
114
84
48
11
-185
56
150
-114
-76
-120
32
-247
47
-79
-75
70
-140
89
99
-116
39
-15
-30
-2
-27
15
71
-93
-2
41
-36
-118
-109
61
-119
-36
51
85
9
13
23
-4
25
60
129
24
-95
-60
103
35
-139
-94
97
-52
82
81
95
4
-21
24
-54
99
-9
-14
121
32
7
119
-56
-101
90
-63
18
42
25
37
18
-21
23
-10
-42
-185
-99
-137
72
-22
15
73
22
15
-48
34
-139
-84
81
-84
88
86
-31
-33
-46
36
195
-7
-14
5
8
-58
106
-78
138
-29
-32
36
-157
-35
90
-12
-45
108
-31
-108
10
166
-27
-13
-74
-26
19
80
-23
-62
-29
32
0
-66
140
24
26
-52
68
171
-153
-115
202
-151
18
39
-30
45
-99
129
36
94
-110
-130
118
142
-57
95
67
-114
37
-24
-39
8
25
-85
134
-59
46
13
25
79
23
-11
-44
156
8
-60
-98
-10
21
27
64
-35
-143
73
100
18
-41
-85
-76
175
-53
2
-30
-34
33
-125
-200
13
-10
86
76
-169
-53
-22
-67
-41
-71
117
80
-28
-54
-140
86
-58
-95
98
13
-87
-33
-135
-61
-14
126
0
-80
45
32
-15
-6
97
-127
-67
-1
-22
55
-11
17
78
128
95
-43
-51
1
-113
8
-71
121
32
-57
29
35
-30
3
54
-59
13
199
69
13
-10
61
-12
82
-106
-63
42
15
14
60
-106
-73
9
141
3
-15
74
44
-230
31
-44
93
-21
-142
3
22
13
6
96
103
-61
112
-104
-59
35
28
47
-126
4
-59
-27
105
81
35
25
126
35
50
-17
69
23
123
38
63
-175
-86
133
50
-20
-60
-64
1
101
-17
-5
-20
10
-1
-14
-50
111
-42
38
1
87
87
18
-44
-23
-70
236
37
22
-16
-69
1
96
155
-66
166
-25
-122
-128
28
20
-30
-12
8
49
-13
-18
62
9
-223
-100
134
-93
-5
16
223
14
-80
17
-85
-44
97
-85
68
5
-14
79
-28
68
-142
89
-22
63
-27
70
11
-14
139
6
-37
-53
28
-192
-103
9
33
61
4
-133
-53
-108
121
15
-82
-18
47
-151
-55
98
-152
-239
98
-82
-148
78
121
124
-57
23
-148
-7
63
-2
-30
-62
45
11
25
-12
6
73
18
-117
57
33
-71
55
137
-76
98
-45
-48
-34
-53
20
43
-200
57
24
14
34
-6
56
-77
32
54
-44
-6
156
94
35
59
97
-130
2
-103
-2
-24
57
47
35
-150
122
-81
-20
-67
-69
147
220
-90
41
-99
40
-34
-90
-105
84
-128
26
-40
142
159
10
39
35
47
87
8
-66
-18
78
-133
102
142
132
11
-2
140
178
104
-127
-46
-120
61
-36
-10
29
53
38
109
152
138
-87
-14
-27
-154
214
-124
-8
-53
43
-12
32
-64
27
-62
-36
-40
10
-30
-57
58
154
82
41
31
7
26
-15
-105
-22
-103
-12
-94
-2
-62
77
138
129
52
-106
99
-76
-124
-89
38
-41
29
-43
127
84
52
162
-73
86
-66
-40
89
153
1
-93
104
-127
-241
-113
-50
82
-12
110
-77
-31
89
-83
-64
65
3
-22
0
118
8
-93
-144
53
49
-164
-93
-6
-59
37
-89
-56
-71
204
-41
-7
-40
-15
8
-65
-29
-6
33
-181
-101
37
96
44
-73
1
-151
66
-29
-26
-52
-268
73
-45
79
-71
-7
53
-5
-76
161
-42
-13
2
-39
46
-23
-71
-86
6
114
122
-23
75
-170
3
14
32
-2
115
-42
83
5
130
26
-9
-121
2
-67
34
-111
1
38
-28
6
41
130
-53
53
34
-14
3
-108
-47
-32
-32
-51
107
218
-140
52
-36
73
13
68
-13
95
4
-84
-21
15
45
-16
-26
-25
27
-53
58
32
55
6
-14
-128
50
1
179
-122
85
-37
15
13
-42
-11
26
108
96
101
-12
-56
-131
147
5
8
82
-12
-181
95
-42
-121
56
-58
-183
76
-60
84
-61
45
-47
-68
-140
58
-232
-91
-144
12
204
-163
65
-44
21
-82
167
-37
-22
4
11
-1
11
112
-133
-64
-93
-32
-11
111
-59
-52
88
128
-74
9
-86
-82
-29
5
124
-54
-44
-36
-213
-104
8
65
-30
-37
-65
-59
-27
-13
-130
2
-95
-56
44
4
47
-29
145
158
50
86
-11
-67
9
27
-3
-38
-49
136
-88
158
-105
33
7
-14
53
79
-80
37
73
46
-46
101
-91
30
-38
24
145
-14
28
-33
-26
-41
156
-7
-112
62
-18
-80
95
-115
8
-64
-31
8
-81
55
98
-125
-136
-65
-31
44
-53
136
55
-80
-80
-49
31
-56
-51
-37
17
-38
91
7
23
7
16
85
61
-34
65
19
-112
40
-34
55
-38
-22
-12
-21
-56
58
-12
69
71
-22
127
84
123
-67
-6
18
-4
46
-29
-103
47
65
31
20
-44
-70
-18
-45
-89
22
-63
24
-58
89
146
-12
23
37
47
-78
-23
-25
-26
122
-55
85
-16
-93
-145
-76
-141
-55
42
14
-112
61
59
12
38
-26
36
-42
-93
122
-13
-28
-33
-89
11
-40
-74
-101
40
90
37
-62
-62
90
-146
-43
132
34
-25
-258
29
39
-109
9
18
-27
-24
30
29
177
-87
-128
-33
-66
-20
80
98
-69
0
79
-5
-7
-70
36
-26
-140
-31
118
-61
136
-23
-76
102
-134
80
106
-198
33
-34
192
113
9
86
222
-14
-61
62
7
-58
47
42
-134
-45
-64
-38
-75
-90
48
70
-139
15
150
21
96
-3
-69
37
6
-41
0
226
80
-24
-4
19
-18
30
174
-73
-110
-168
-22
-147
166
56
-7
34
90
5
-57
74
131
58
-33
-226
29
209
-24
88
-17
79
-50
-32
-118
24
129
-101
-77
25
-90
-64
-65
4
-51
109
-1
123
-39
35
156
-12
-142
110
-12
10
-33
37
-36
6
9
-3
57
39
135
-60
-23
0
-61
42
-80
-33
35
-73
111
11
10
86
79
-33
5
41
162
75
-90
43
18
10
0
52
-72
-55
49
133
-27
-180
-24
29
-92
135
-37
-65
-9
-68
-76
-68
31
-4
30
63
67
22
194
-55
-29
-11
-1
0
91
-63
-33
13
17
163
-6
-8
20
38
-54
-38
-23
38
55
-134
95
34
124
17
-186
-36
256
13
-23
79
-10
-121
21
124
-9
69
38
-29
-157
-68
-107
-44
-20
-45
-20
-56
72
-57
37
-90
-30
33
-2
62
5
-5
25
87
-103
-116
123
42
-114
17
-87
140
48
24
69
-53
-55
-231
-81
106
-61
5
34
20
18
-58
-205
26
-12
-77
220
-100
61
3
-34
17
193
121
44
-69
55
167
148
162
65
-88
27
18
146
124
110
-16
-62
122
17
-151
-21
-148
16
90
-29
78
279
-4
57
-46
8
149
76
84
140
-41
-98
33
-81
62
10
-79
134
-21
-3
-56
-48
-27
-27
42
-84
-89
-131
100
-56
99
121
82
-2
-114
74
-51
18
49
40
-128
23
-147
40
-61
-5
103
-37
-53
-112
-16
39
85
30
101
-85
65
-72
-51
91
-37
-52
167
6
67
-82
-77
52
-58
-35
19
-40
109
68
42
277
-265
-1
-33
61
-7
0
-75
105
181
135
-1
77
65
26
-54
84
64
73
158
134
37
-55
62
69
118
191
-6
177
88
121
92
-129
33
65
-5
60
115
131
-111
-2
-153
89
-81
-55
25
163
94
-5
-88
85
39
14
-139
-47
-91
-38
-7
-45
-10
60
103
-116
-56
-124
47
138
-63
36
-61
64
4
87
30
57
11
5
-101
111
78
50
-60
-5
-98
-55
37
13
-27
-10
-31
-60
-70
-49
-42
-61
128
15
130
126
-97
-48
-39
42
-73
-7
5
-34
154
-50
-23
95
40
-239
23
-68
1
18
-91
46
43
89
-9
101
103
-18
22
74
-30
-92
33
-17
35
3
-94
-8
-71
21
67
-66
-1
-63
10
-130
13
37
82
18
-77
-34
71
34
94
48
-17
-10
-7
4
-33
-21
111
93
-102
125
-166
-3
15
-28
49
-88
-53
22
-65
28
-40
67
-76
-65
-50
118
21
64
147
38
-64
-58
7
-58
20
16
52
131
85
-62
-3
-132
58
-35
-52
-39
-18
-59
9
14
-30
44
149
34
-122
8
47
-68
-6
113
187
-38
-71
122
31
-69
148
-151
-82
-5
-49
-5
98
68
-184
-121
-160
-94
41
-170
-41
-49
11
-34
-101
210
-22
-51
62
-76
-13
-37
-138
-42
55
-67
69
-62
63
-91
46
63
-10
42
91
76
-28
-137
-47
-39
-51
52
60
47
93
-22
50
-22
-73
-5
91
202
-33
61
41
19
-28
118
-68
58
47
122
-31
-68
56
-13
-199
114
47
7
29
-28
66
138
-89
-70
-11
81
-31
-32
127
-210
221
144
-32
24
-35
20
58
-66
111
-42
-33
-48
-196
-47
-104
-3
69
-2
-74
42
61
-34
122
-5
188
-40
-4
-4
-58
-151
6
-55
-80
79
-64
-68
26
-163
-57
-44
-7
-97
65
-76
-3
40
69
12
-125
-5
142
37
62
-89
128
157
25
-14
-83
88
34
202
-51
166
77
-87
9
161
-125
24
85
-16
-154
41
70
23
-33
5
40
52
42
45
-18
57
268
89
-28
122
-63
-62
25
84
48
-51
0
120
58
-159
-59
-26
84
-21
-117
-53
-24
-52
38
-50
101
-15
72
129
33
-227
71
18
69
-117
-24
-63
-31
43
91
10
-3
-124
145
-125
55
34
83
12
-78
105
-77
75
95
13
93
58
77
-6
66
172
-75
-5
-77
24
44
-4
-10
34
-40
1
68
122
-102
180
-95
4
109
43
47
-61
93
-61
-84
-71
23
80
74
7
-63
61
50
-87
-53
-53
17
-150
132
40
-48
103
-81
42
87
-106
9
46
-17
151
48
228
19
0
26
-25
-46
-40
41
120
96
-114
-110
-48
-188
146
-83
39
84
81
-26
-47
98
-36
5
161
-8
-56
-88
22
-36
-145
12
-47
49
-10
-8
-100
82
-13
90
-14
-3
31
-20
123
23
38
-5
-24
88
-205
-30
-31
-67
-19
-198
154
-32
-35
-52
-165
-50
0
-14
-57
-41
-88
-102
69
-2
-170
77
41
-26
-50
-27
147
-2
-111
-71
-51
-139
44
99
-99
39
8
-10
17
-58
-46
75
-47
7
-66
-10
6
74
-104
-2
66
41
125
-23
82
62
-74
134
136
100
42
141
32
31
175
13
104
-50
-74
-13
169
11
130
76
29
22
-79
-190
58
58
43
50
-61
57
-108
-124
130
-28
8
-146
-73
69
-93
47
39
79
-145
-73
-93
-25
106
90
51
-43
63
-59
43
13
45
-72
4
125
-30
53
-32
49
-75
49
-121
142
34
-143
143
-29
-155
-139
-96
194
-13
-46
10
74
-107
40
-105
-74
86
-19
102
3
1
-31
-172
-113
-62
-40
-89
-21
81
33
47
67
-57
-19
19
-153
60
-13
2
-83
-12
42
-110
84
-62
-201
28
11
13
-63
-42
135
19
99
-19
-47
-108
100
38
-34
97
-130
10
-43
-25
95
-138
-93
-72
-39
55
-137
15
3
-27
-42
62
13
76
-53
69
34
-81
-29
16
33
-100
5
39
-152
90
161
143
6
-20
27
-13
19
-21
-132
10
-195
118
-73
6
57
143
-20
-53
51
-148
76
14
119
9
77
19
85
-5
-2
82
79
-19
112
-89
72
-15
22
121
-28
29
89
-61
-126
-66
-28
75
-129
-20
-121
-26
-23
-81
-70
83
4
-59
74
-126
-116
-52
66
109
-58
0
-101
-29
61
46
-93
115
19
118
-21
-119
90
-79
-90
71
3
-69
52
19
-29
-22
-157
18
-73
33
120
-7
-8
55
101
-121
-174
-47
-13
35
-21
181
137
-69
-87
30
-2
-54
73
-122
19
-22
39
75
134
-55
27
-22
-86
4
-66
58
109
-214
-202
-28
-22
162
-103
123
-43
12
-86
60
140
10
164
77
32
88
29
7
75
-29
-108
54
40
48
-89
65
-49
2
96
33
-85
-19
-47
139
38
-108
-101
-36
126
37
-117
-36
25
-93
135
91
-10
-28
-81
-50
-105
-133
59
38
-90
11
-192
31
-179
-140
-73
-2
-34
11
-152
-33
149
28
-19
5
88
8
149
-12
39
81
-75
96
-61
-62
-5
18
41
-5
-6
46
12
-79
-40
-62
139
-3
235
79
-142
-33
46
158
43
51
-17
-13
-28
-60
36
-113
-111
-42
69
62
78
2
-128
-102
5
29
-111
48
55
40
30
-40
1
40
16
32
-35
-55
-15
-42
16
19
32
-208
81
-32
56
-22
33
-22
55
-23
110
14
75
149
-137
-75
-42
-56
14
116
-134
26
84
87
103
48
-51
21
-31
-149
9
136
32
-36
-164
53
16
-66
-106
-51
-110
-202
5
68
5
-26
-158
-21
-134
-66
-35
-26
-120
15
-51
40
22
119
-35
-40
-24
166
-109
-48
31
21
68
31
19
-177
-13
2
41
-75
27
49
-20
4
-23
2
110
-122
-131
-32
30
30
121
-26
54
100
19
-165
4
84
40
-51
-59
-118
47
-111
82
-2
65
-79
-53
-15
158
26
113
-62
80
20
-4
120
-78
60
-93
-65
30
-121
-99
40
-128
-44
77
-110
-89
-43
-41
-60
-49
-85
2
49
12
103
-5
-17
-10
10
140
-74
97
-56
62
-31
-38
105
1
39
-12
-142
52
-20
-84
120
-22
-13
-83
129
-79
14
120
-50
-64
-7
-24
-40
0
102
-23
115
59
-89
-49
66
11
-95
41
54
-76
37
-40
3
-30
0
-211
36
-79
61
98
-115
-9
9
32
26
21
-79
28
26
122
4
9
13
138
66
-18
-2
82
3
30
68
30
114
-107
-43
9
101
107
-22
88
142
-103
56
-96
-111
25
-89
91
33
-18
-3
-10
-70
45
-190
124
3
-35
19
-5
56
-48
41
-70
77
-106
-24
3
-48
-3
74
2
252
-124
60
-5
-74
55
-173
92
-17
-31
-102
-20
-11
122
-39
-144
-66
-101
39
10
-54
65
41
66
-57
5
124
-108
41
-92
109
33
-4
-117
-79
-178
-107
175
41
35
-37
-18
-116
34
38
138
10
-115
-48
-40
-33
14
99
-6
65
-76
-41
35
1
82
27
-90
-99
-139
135
-8
-218
165
-89
-63
-17
-12
-95
52
-51
-15
24
-85
-98
24
5
62
-57
-7
77
81
-11
16
-84
86
-86
62
77
-31
-58
27
-1
-6
115
33
-53
-156
117
-10
8
-6
95
-44
-111
-54
118
41
-28
-52
53
-22
98
-33
-132
-50
-9
-21
104
96
22
-23
-73
-117
66
-36
-92
26
136
-69
1
-43
84
-64
92
-13
40
-111
-26
-93
33
-8
-52
95
-16
14
53
32
5
-41
143
-169
58
30
-45
-125
19
-30
30
-6
-34
98
18
-56
29
84
-131
95
-113
-66
42
-39
11
-36
59
108
-109
57
13
3
107
-35
-23
-30
28
1
-63
-186
67
-85
-1
115
-99
0
-93
-15
-118
-74
53
-91
-142
2
-113
-55
-2
-13
-47
101
-25
-189
141
-92
201
139
-19
-87
-35
-38
14
-39
59
9
-23
31
54
-52
150
-21
34
103
53
16
-106
-17
-57
74
-132
-17
29
76
8
-87
31
11
37
118
-139
-133
-45
-40
-112
-138
-67
135
23
55
166
-4
151
-59
111
-49
-29
103
-37
-92
121
-137
-8
-39
36
7
-146
-34
17
-18
-23
-21
0
-72
-34
-138
-23
-102
-26
47
-41
100
-218
-58
-60
-21
-29
80
-22
-14
-111
87
37
-25
-54
141
45
-44
44
89
-96
18
-4
101
-2
10
121
-33
27
-56
-48
65
-55
28
87
-88
38
-67
-72
58
38
-113
48
59
-154
-70
2
107
-62
8
-4
-3
35
-59
-73
3
-7
106
155
13
26
128
86
-71
81
-3
58
-85
196
52
-8
45
-74
20
109
-111
31
65
68
-16
59
53
-69
-18
59
209
46
222
9
24
25
92
21
102
-104
123
39
-80
-71
-23
102
77
161
-239
27
14
31
61
5
-74
-29
-117
25
68
56
13
29
-93
-147
-7
-85
-104
16
47
-47
-9
31
3
36
25
51
-122
4
-1
26
-29
-109
-61
-151
73
57
107
-147
-40
124
-102
-1
-3
37
-6
104
23
-8
-15
-234
199
-34
-70
24
13
-38
85
26
-46
-230
21
47
-67
-38
-82
108
-127
-66
26
-132
-102
32
20
32
-60
111
66
-101
-92
-43
-27
30
-6
123
167
-71
71
32
167
-3
-125
56
6
-104
-26
17
-95
84
54
-19
8
-24
96
21
-79
36
42
-92
175
126
65
-27
26
96
-106
-44
13
41
51
-13
31
-63
33
48
-132
91
-230
-17
-49
25
35
-29
81
-68
135
82
-60
124
-22
43
123
81
22
-72
-114
-57
-118
-55
-121
97
96
-2
-106
119
-15
4
75
-96
-166
-21
15
-62
-24
-24
-54
-66
38
46
104
-36
-78
-52
59
26
154
17
37
134
-44
17
58
43
111
100
56
-140
-34
-126
80
62
5
-107
163
-147
-98
171
23
-103
198
26
54
-77
-118
81
152
137
-2
59
-39
36
247
76
32
25
0
75
-42
38
71
106
-42
25
-225
-58
-32
210
107
-47
-78
18
126
11
-33
109
135
51
37
49
-70
-71
-6
-71
-5
-77
19
66
30
28
-26
41
39
114
48
67
31
131
63
120
-239
175
-11
58
16
-6
-22
-9
-32
-63
24
64
76
-59
-122
-79
-20
61
-121
-52
-73
-104
-4
121
129
27
-9
-56
-8
0
13
-4
-8
35
-58
-65
-55
-58
-226
80
130
36
96
-55
30
75
47
55
67
14
-71
-58
6
-25
-19
-16
33
-47
39
15
0
-19
-99
-166
-157
-14
-9
83
42
0
-156
-81
-10
-18
-46
111
-184
-43
-188
66
11
106
-105
103
49
24
-26
122
-37
-74
-25
-52
69
-56
-69
-12
-29
164
181
-34
-58
77
41
-37
-1
-165
33
-13
25
44
-157
-18
-85
108
42
-3
-5
-81
-14
81
25
-19
168
89
-4
-82
132
114
-39
-17
20
-2
17
-90
-51
-58
4
84
-28
-10
-26
133
20
-61
-6
70
-26
11
34
-138
-54
-98
-93
14
78
-140
20
-24
4
-90
43
-60
33
-16
75
48
-43
193
108
-12
-44
28
62
92
-9
-30
127
-13
-2
-57
-10
73
51
142
35
-40
-171
43
121
-21
-2
-42
45
55
17
109
93
41
-39
38
-53
-30
4
-31
15
89
40
-45
-90
78
-63
-62
22
85
27
266
-102
-285
-184
-2
23
109
-97
-80
-91
-90
20
99
-29
-76
-75
67
107
-5
-72
73
3
130
-98
74
-107
-104
117
-166
19
203
-97
77
50
-47
28
63
83
85
207
6
65
-64
57
-96
17
-56
-16
25
-123
-121
-67
-23
-132
-47
1
-30
-35
-11
-111
-41
20
34
85
-8
-31
54
28
-42
48
13
4
-39
105
32
-14
-80
-30
-37
54
70
49
-47
-72
120
-18
79
-104
-54
78
99
-3
-28
1
-79
3
-48
-1
138
-38
26
-66
68
180
-70
53
-32
109
-51
60
103
41
124
-3
43
-70
-52
-152
-196
-3
-113
74
9
46
18
85
-17
-56
-45
20
-35
-128
43
-45
-184
71
11
56
88
-34
-67
212
12
-38
-1
-5
-126
52
-154
17
6
70
31
-33
-96
-26
129
23
65
120
-85
-39
107
43
-75
60
-83
22
-52
-47
29
67
-108
52
3
106
29
-82
-26
22
36
56
-52
-42
76
-124
-167
-10
-225
-30
25
-12
-40
-37
-81
20
-82
47
-69
181
-116
-4
86
-26
44
-53
-106
-96
-133
-101
13
-12
61
18
-25
37
46
100
-143
41
50
-16
-28
3
-45
-203
-55
14
73
-10
-43
78
52
-77
-120
-30
21
62
-10
-44
27
-66
30
-71
83
-39
-9
-77
73
-31
-44
-9
-63
56
-109
27
13
-3
-135
-126
5
-83
-96
34
-70
0
-5
-95
199
-107
-77
36
45
-88
-84
28
28
-46
90
-22
129
-43
46
-92
-14
-10
21
-3
184
-112
193
101
99
-73
-8
23
-16
-32
-3
-122
-70
97
-81
56
-45
128
-30
-46
-98
-138
-26
109
65
-23
-38
3
154
109
-105
-113
54
-70
9
10
195
61
187
-171
66
-105
-81
-78
-74
105
52
132
-3
-58
-61
-20
-12
-23
-61
-13
51
-90
38
-13
-50
148
8
-62
11
46
66
-35
-18
-157
-11
39
47
-36
-27
-87
-29
-9
152
33
-65
-114
57
-45
5
-19
-22
36
33
7
142
70
-54
77
18
46
-25
24
-149
66
7
-58
-58
8
-133
128
74
13
94
-27
-3
49
11
66
22
-1
-7
95
-80
64
76
22
-59
41
-65
-36
-47
57
-88
44
-200
99
86
3
-26
17
95
6
25
-67
25
-101
7
-126
-75
-123
-80
-125
96
132
-9
-71
-32
-21
-65
-1
-50
35
-86
23
107
43
3
-21
-168
182
-21
75
-148
-138
71
-22
38
-14
-17
10
60
103
-3
106
-12
-37
-4
-30
85
2
61
-51
147
13
-5
67
110
26
92
112
20
31
-19
-40
-74
-6
19
124
106
18
-53
160
-155
-70
11
-52
18
164
-48
-64
-25
-41
-64
58
16
-24
20
34
72
74
-140
-27
-74
99
-26
40
127
6
100
-47
16
-18
-78
-3
-86
25
90
177
-125
3
16
19
109
-6
-37
-48
9
88
37
-32
-78
-92
-76
61
2
6
-27
74
37
23
26
-19
-14
-23
-37
116
-37
13
164
18
76
48
-27
-45
-135
-2
18
66
-82
0
61
-4
200
138
62
61
-5
125
-17
-128
-7
78
-64
-142
-15
-85
-45
-76
50
-23
-170
-58
-19
34
39
-48
91
-50
70
102
41
103
116
-85
130
34
-106
2
-46
120
-83
-48
-75
28
-35
-51
102
-4
-51
76
-74
-75
23
73
-27
-67
-185
101
-20
-25
16
95
-131
-28
7
-50
-12
-63
-94
51
-62
-27
-117
-3
28
-5
64
-8
-24
-154
2
-104
45
-93
23
7
74
-7
-60
23
-71
-89
102
-55
-4
-74
19
-104
-37
10
27
-127
-8
22
49
-90
-10
-30
-55
-10
8
76
13
-32
12
-108
56
38
67
-84
33
101
-63
1
32
-11
-18
109
136
26
-98
-18
40
56
76
85
-60
-196
-61
-23
128
-44
-90
-56
121
-3
-113
25
-122
-100
134
34
58
-60
57
-49
-30
128
139
-56
78
-7
106
18
81
15
64
48
-18
-84
83
75
-4
17
-18
-31
-70
86
-43
110
-51
-73
25
72
-75
-63
89
67
59
2
11
30
-25
21
-79
15
-99
-60
-131
61
-75
-41
5
-40
152
160
11
123
17
37
-115
-88
1
-38
-19
-29
-91
120
59
-85
44
-154
-56
-14
-144
90
-146
-72
51
31
19
73
115
-82
-71
-31
25
-40
-96
104
68
-21
-154
-111
72
244
17
48
1
-55
-30
-155
106
-94
42
42
117
-16
-35
17
-105
77
10
5
21
-107
78
-30
-35
95
197
-44
-86
80
37
-8
-44
-109
-60
-10
-15
-45
191
36
-66
43
-96
-132
161
104
-36
98
-91
-61
-97
65
-95
-189
60
-201
-61
-87
-87
-29
-188
4
142
-23
-165
-23
32
40
-11
36
-12
115
-37
-20
50
-35
-22
-7
23
103
118
-4
235
-10
-156
-41
-96
140
43
120
-63
-14
56
-15
-27
92
13
58
109
45
-79
14
194
145
119
-170
15
-95
5
112
-137
73
23
-73
50
-44
149
-79
134
-34
46
74
30
10
44
-87
31
-43
-43
152
117
123
-19
-43
-3
28
100
-33
-16
-76
-125
-29
102
-45
-127
52
83
-64
38
60
15
-25
10
5
20
-100
-22
-26
-8
-81
8
74
-148
-77
27
82
91
-5
30
-110
-124
22
-66
-54
40
-37
97
140
79
-13
-6
79
-142
-41
-20
70
-95
-35
-88
-59
43
6
68
52
-10
127
44
-12
176
-91
3
-9
-84
-133
-183
-8
-37
99
76
-100
-66
27
23
17
-74
-84
76
-136
-60
24
-28
-152
87
-38
-149
-94
83
-40
-45
105
37
-6
7
7
11
-74
108
-13
-34
-78
-53
136
-58
-6
-3
9
83
-153
34
-48
-91
-9
-121
-34
21
-113
2
-23
18
39
32
-68
-58
-18
-121
-105
58
91
55
-111
2
38
-32
73
9
-133
-128
39
36
-65
-166
-62
38
185
-83
-161
-15
2
-90
-85
16
24
159
-99
105
-36
102
-76
19
63
43
16
36
-135
18
-15
4
24
-65
-31
76
-27
70
-10
-17
-44
-193
14
45
78
94
49
-51
-130
-178
-189
108
13
149
-5
55
-206
-172
26
32
-155
-7
-37
-5
-15
-69
30
-42
132
-30
112
-100
-85
-34
116
97
-55
-54
33
128
-105
7
8
33
-26
5
-104
26
-12
0
-71
68
34
-11
78
-63
29
127
-54
61
0
77
-50
-28
37
-28
-31
54
11
134
-74
-203
-56
150
93
-58
89
48
-39
-66
136
-12
42
-106
63
-15
-104
166
32
-113
-77
-121
47
-190
-86
62
-31
-150
-31
46
-33
-10
21
-60
65
55
-162
112
257
118
-6
71
56
118
-35
-113
-79
-36
-46
72
-12
2
44
-12
5
-44
-128
127
-67
-98
24
39
1
18
12
-48
-113
42
-69
-49
6
-22
63
-133
-124
-73
-18
-11
32
24
52
24
15
64
-179
85
-110
9
-25
-68
85
4
-21
-42
-80
-12
80
91
26
16
173
19
-53
-52
-61
-24
127
-99
75
148
98
53
-45
-121
30
0
91
-28
21
51
76
103
-12
39
-102
-113
-65
42
188
-80
1
-31
20
93
17
-50
-161
21
71
25
46
-121
-25
-55
-63
-10
37
-178
3
-80
-83
71
32
-73
43
-25
42
175
33
103
5
220
36
50
46
38
-123
118
83
16
-62
-106
-152
69
17
-36
76
55
84
-107
23
110
95
22
-65
-7
-99
-75
65
35
107
36
49
139
-117
-46
99
73
79
57
-7
-1
105
39
-122
74
26
-21
-11
117
67
-99
68
-134
47
-61
132
18
47
146
-17
-35
-28
-56
-6
-5
-22
-26
-30
65
109
-91
38
51
89
-13
-18
-39
27
17
66
54
107
66
-48
117
25
-55
95
154
-46
93
-74
50
29
-184
200
94
-52
-111
-84
61
46
-31
-64
-26
19
-78
34
-98
16
109
36
-73
82
122
-138
-78
27
-106
41
-230
65
37
-47
64
-49
-26
-10
-10
153
-152
-24
11
-4
64
128
70
130
-65
-26
37
-45
-61
78
29
131
23
58
26
-22
-15
48
-74
-129
-25
-28
74
188
-1
11
-95
-7
17
18
-88
-49
5
116
146
-35
-72
-137
-63
39
-72
-2
-40
126
-18
-6
83
1
-97
103
-125
-93
65
-3
-26
124
29
106
-71
162
45
-102
-41
126
-5
125
46
-78
-177
61
-18
-61
-86
120
-104
119
-154
63
109
-9
88
-33
-23
11
45
53
48
-56
1
66
1
-1
-126
96
240
-64
22
40
-53
40
-18
46
80
18
56
72
173
-163
-40
-32
87
-31
-45
-37
-123
83
-15
-148
-87
-212
-28
-19
-33
-45
-71
25
-13
-18
-52
4
74
-86
-49
45
-3
113
-69
-155
81
21
-15
-30
45
26
-145
-33
70
-41
7
27
-72
64
-37
-27
26
0
-113
96
-13
27
-8
83
-107
-24
97
-69
-26
-120
-14
10
14
-124
-5
164
77
-1
126
0
27
52
-43
133
6
-84
-9
114
-6
-131
98
-39
-57
31
-55
-117
91
25
-17
-115
-151
61
-37
-102
12
-80
-59
46
112
3
-157
107
20
84
-146
38
5
147
-33
-74
-22
139
-39
-26
-33
-61
-43
-124
16
-42
-140
-15
-73
6
129
-71
-20
-41
59
73
107
100
10
20
-5
-162
65
23
61
24
79
50
72
20
-37
-51
146
55
-20
4
-68
234
-11
-117
-78
-158
67
27
-15
39
9
163
-113
27
-70
-19
-77
-88
84
68
-99
-47
2
16
-46
29
87
60
56
-63
87
57
36
-56
46
-174
-68
29
-55
-23
-7
-20
-208
-71
-82
101
93
-106
-96
-46
5
-200
-136
29
-111
-39
-21
-21
-115
25
45
100
21
-51
-72
13
18
-104
30
-52
205
33
-45
-52
-55
86
58
-28
116
66
-11
19
66
97
183
108
2
47
-47
-133
-80
195
101
-71
6
-112
-127
-37
-38
60
-100
54
69
-35
-85
-65
-94
-139
143
60
-63
-187
-88
-17
137
-20
-66
92
19
-58
-50
57
-81
-25
133
51
-39
157
133
-67
-67
-68
25
-110
120
78
-101
-2
97
-82
42
33
-127
4
52
-15
-17
-192
-222
-7
-207
9
-91
53
66
209
39
95
-2
71
187
14
-52
67
11
-35
5
14
-80
34
2
-20
124
-72
30
-29
-42
-6
-44
82
43
-150
-139
-18
104
32
-37
-78
26
112
24
-27
-41
-144
17
-97
-4
-4
87
24
-95
25
-50
47
26
-186
44
-163
33
10
-58
123
-19
-42
107
146
80
23
-15
-114
-43
6
103
112
9
60
-74
93
-142
-165
-103
23
36
-9
18
-20
23
-20
42
-52
4
-106
-90
-63
30
-4
-29
-73
24
121
129
70
-68
-7
132
-113
156
55
112
-12
114
-17
-77
34
-52
-103
-31
10
90
-42
-73
-32
-33
89
-34
-69
27
39
120
-35
18
-21
4
-2
25
-77
-13
38
-132
-34
-132
21
104
-9
-31
-3
65
70
6
-56
39
82
30
-101
-171
100
-6
-58
-70
99
-1
51
71
2
70
-100
-20
-147
26
204
-72
-50
-146
-16
-14
-113
69
6
-27
46
-67
47
136
-3
-50
-47
-67
153
-16
-58
-115
93
-10
117
-2
-147
-70
35
-86
145
-191
-101
-54
89
47
-117
59
45
-21
49
-51
-88
-81
-59
141
28
8
-71
-27
-137
33
80
-14
124
-17
59
-45
-114
106
-55
16
-68
115
-78
-97
2
-90
31
127
116
-75
-32
12
73
-23
-54
5
100
42
-29
67
-27
75
94
-127
-133
-180
-41
3
-113
141
-72
-51
-152
-150
-25
113
-55
-56
-46
49
-123
-75
17
-51
-101
36
61
30
18
-52
33
-1
2
79
92
-54
99
-138
-24
-85
29
-21
-21
28
-49
90
-22
-82
-64
17
51
-92
-133
109
62
-53
126
73
16
1
18
-112
-92
-49
-137
13
-44
-63
45
69
-116
-10
9
-75
1
-18
6
80
105
6
57
-55
-18
58
35
45
-34
66
63
-130
11
105
-143
47
-2
-140
-9
76
37
-87
35
-4
-34
107
-50
-95
-157
10
-95
80
-44
-72
126
66
-27
-7
-39
151
62
-194
198
-12
-65
29
70
113
2
58
18
40
9
-63
-64
-19
-120
-46
145
2
50
81
-53
-20
-155
-112
-22
85
-7
71
-7
-133
-110
25
4
2
130
11
-80
28
58
-30
7
110
-147
125
-37
25
35
41
-48
-8
97
20
-172
-207
55
73
17
124
-73
86
86
1
-145
-3
-28
-75
-56
43
-2
-30
15
-59
97
-3
36
40
-82
-130
40
-183
23
1
101
32
15
72
71
-21
142
138
-75
-88
99
33
63
-21
-191
87
1
-4
57
146
188
-4
-38
-91
130
40
11
-27
123
33
-84
36
57
70
85
-208
164
1
-13
-27
-15
-5
59
10
-61
59
96
-45
5
-129
-83
-49
77
45
34
8
148
-175
6
58
41
-75
-51
-41
-189
-173
14
-10
-36
40
193
53
-135
6
16
-2
-108
35
-8
20
-22
19
24
-31
-23
-163
-18
-4
143
118
32
-112
-5
116
-130
76
-21
-3
-21
-102
-26
118
70
46
-196
-124
100
-25
98
28
13
-31
-143
-7
-100
-134
-68
-48
48
-49
-74
-28
21
-5
-117
67
8
0
-133
53
141
34
4
14
76
4
186
-31
137
-183
-139
-25
-5
76
-59
-120
43
-49
152
-44
-68
163
-68
-47
1
39
-53
92
3
-110
-14
24
-22
80
131
101
-51
70
-50
8
83
-117
112
93
71
-107
-7
180
-35
-131
147
-18
-49
-15
-32
-94
81
-39
-116
-308
-85
-112
-2
-16
-64
96
-25
-41
27
0
-164
89
-45
-5
43
107
-68
49
78
-141
-57
34
137
-128
-30
-65
-28
-112
199
18
7
23
-53
-123
-18
46
59
12
-46
-16
-63
-68
7
-39
69
-81
-146
54
112
-105
-38
-72
98
-67
137
-140
-107
53
-45
-16
29
-120
66
91
-31
34
21
-15
-95
24
-55
54
-49
-77
96
-48
-105
-65
90
-59
94
64
45
-140
1
-44
72
-44
-98
-98
-19
-86
-68
-63
-52
-91
38
-65
13
54
-19
34
52
151
4
-27
61
55
207
106
-205
67
45
92
34
-189
9
27
-71
-76
61
60
102
-14
-73
-129
68
130
53
-64
91
4
-47
69
173
-142
-21
108
-95
-2
-122
-44
76
102
-10
-107
-23
34
-30
155
16
92
59
-69
104
57
-160
-35
-195
49
-56
33
-19
219
-25
-87
36
-59
-108
-14
23
63
0
43
46
-71
-52
29
14
45
-30
-11
-23
210
27
10
41
39
45
38
25
34
21
23
-152
-139
90
53
-147
34
108
-74
19
25
176
59
-4
24
-22
8
-40
-45
-158
-146
100
12
-34
141
-32
126
31
-57
69
-39
-41
-11
-60
79
-122
-16
-21
49
14
-157
70
-199
-8
-97
-94
-32
-39
34
16
-67
82
149
-6
-9
-8
59
-7
-73
125
-84
-190
120
-108
203
-6
-34
-117
-145
120
54
66
-130
29
25
68
-91
29
-21
170
57
28
68
-46
-57
-37
95
-71
75
-128
-162
134
116
-90
-13
38
91
-55
-3
-46
-55
-64
34
-116
-41
63
-12
-42
-68
-3
54
-34
61
80
16
74
-110
-53
40
-48
-102
-2
165
-31
154
-119
129
11
-68
-120
-24
3
29
-15
163
-85
-48
-56
-128
53
72
57
-78
-108
-30
-31
-68
33
44
35
-19
155
28
-62
-66
80
-80
-152
56
-19
77
-63
-44
-18
-81
23
-142
111
27
-37
41
61
-120
125
-112
-4
-110
137
-53
32
87
-126
-27
29
3
-179
70
19
-111
-85
-56
20
-139
29
-114
63
20
-41
126
272
136
-200
-115
98
28
10
-58
-21
-47
-72
14
66
-76
57
-32
57
34
57
-64
-16
-72
-54
-165
-3
-44
28
72
-100
-41
17
-1
-18
-38
125
12
91
-26
-18
-144
-12
-162
72
-171
-134
120
73
-136
-10
-78
-64
-11
-78
86
-105
10
-62
-23
-90
144
55
67
-18
-117
17
25
-27
16
29
-28
178
57
-100
57
-37
48
-7
-198
-31
-22
-75
-5
6
-150
131
172
28
-12
-18
-168
-109
-54
63
208
-81
72
-151
49
116
-25
-53
-47
-62
1
57
85
-53
-68
78
-66
-98
-13
43
17
20
87
-36
19
-69
-124
77
-106
-12
183
48
90
96
123
-1
31
155
30
-35
-108
3
-81
136
40
-133
-85
-17
-19
-11
-72
-56
-45
-22
-121
-123
56
44
11
-65
-63
-208
-35
-6
95
-9
-130
34
-59
65
54
85
277
74
-50
96
191
-45
25
-93
-12
18
-34
6
140
26
-60
-63
30
-65
64
106
-37
-24
-14
-162
-5
8
-43
84
-65
-51
92
17
181
-113
-73
123
168
-64
-29
16
-128
68
71
-132
-104
-77
-193
1
-15
17
30
-1
55
-9
30
-47
18
38
-118
-69
-14
-105
32
53
-56
48
71
-85
-94
-26
-28
-14
5
-87
45
0
1
-64
-74
94
122
-9
53
66
-32
74
-124
64
95
229
40
21
49
-184
-11
-44
-104
108
17
27
-68
-82
-99
67
-73
126
-67
86
63
28
58
76
-139
-29
-22
-83
-118
-47
46
51
58
-59
-75
59
-81
157
-60
44
-65
71
-24
-88
-38
31
-64
-25
-121
27
-70
41
-48
184
9
7
10
-66
-45
-60
62
-82
27
-45
-123
164
24
-70
-22
27
101
92
76
-104
-11
-20
-43
49
-33
114
87
-40
148
116
16
-78
-44
95
-35
-63
-82
-98
-57
92
-1
-180
-26
-32
-57
-73
-104
-60
52
-14
-15
-64
-54
13
-21
-122
-80
-107
102
-32
-1
16
131
0
41
-85
-79
-3
22
2
-123
-82
-19
9
-84
167
-47
64
-15
96
62
84
-8
73
-34
155
15
109
65
-83
186
43
-171
-63
-71
50
-16
-14
14
-83
44
-71
66
11
-4
94
35
-32
191
-84
-15
217
-68
54
-121
75
-128
12
144
86
-2
-1
12
91
-52
-26
74
-86
7
-57
91
-87
-18
96
0
-20
12
-102
-119
-4
-76
56
14
-11
-196
48
-23
-16
13
113
28
46
42
-22
-88
34
45
64
81
18
-15
-99
20
91
-50
-33
14
109
-226
21
136
-45
152
-61
-115
148
-11
-46
-18
-53
-57
8
-12
84
-25
-11
-172
32
-38
35
-93
30
-20
-91
-91
120
-12
10
-4
20
-50
52
-53
80
-128
-23
-24
29
-164
-59
90
-4
40
-59
-93
104
-111
-55
187
86
7
41
-103
57
-49
29
58
19
64
40
-57
13
-55
47
35
95
91
99
99
123
-41
-15
-99
-52
53
-29
10
32
90
-26
170
101
68
-62
-141
-153
-62
40
-160
-2
-16
142
27
53
26
38
19
64
-13
-145
-59
63
-157
-117
-18
-196
-74
84
-1
-51
-94
15
-2
18
-31
-183
-17
63
39
189
50
50
59
303
-191
150
141
19
-1
9
19
12
45
5
66
128
5
-42
123
-65
-2
72
121
35
152
-96
-103
108
-82
-107
151
-49
7
46
65
-72
32
36
0
-46
-80
-71
4
237
92
92
-35
52
-125
20
-5
35
-112
66
-61
-93
-85
-71
-16
85
83
53
33
-18
-133
32
-19
-28
85
2
67
134
-143
38
36
89
9
-42
37
160
-103
-75
-115
18
45
-175
-61
4
-35
-26
-54
-39
-75
-41
-12
-4
-115
-168
-10
-100
-93
-15
-63
-70
-27
9
105
5
35
-8
-36
19
-20
16
-74
62
4
13
83
-50
39
9
-39
177
31
59
-14
-20
-171
36
145
-235
80
-148
-37
-71
140
-137
-21
4
81
-74
49
-17
-24
27
27
-43
-196
-12
-29
9
-18
83
42
-5
-56
21
-57
-42
-28
-143
-179
11
23
-112
20
58
161
-115
-52
64
-30
-55
89
-162
52
-64
-7
-44
176
57
102
-32
-57
28
45
-123
7
-104
-80
-28
-69
-62
114
-68
131
1
146
20
9
-81
-41
-47
26
-73
-185
-69
-62
-53
0
79
-14
-20
-152
11
-87
78
-41
-66
-30
-111
-154
229
-27
170
-93
-142
-23
89
156
37
-15
51
-28
-103
64
58
91
-46
42
34
-59
59
56
-93
12
-155
173
151
-100
-60
96
-86
-101
-55
-49
-80
2
74
-77
-87
103
58
3
15
35
-72
-263
72
-93
-1
53
57
40
133
73
16
69
23
172
24
-22
45
176
21
-3
-85
70
-152
-23
95
-7
-85
39
106
-8
38
54
-17
75
-120
-85
-26
-106
0
13
-65
-140
46
-22
66
-78
53
17
-11
-6
-6
53
-31
-113
-22
45
83
-165
-138
-15
51
107
12
-6
54
54
17
157
74
-5
49
-86
39
70
96
-36
120
57
-51
-39
-17
88
-45
-65
52
-75
-109
74
-21
17
-3
11
-16
2
-40
27
3
-38
-104
32
-60
41
-82
-108
-21
43
0
-21
-130
28
51
-40
17
-33
77
-123
-28
24
99
82
-84
-147
-71
-143
-34
78
58
77
-64
-96
-21
164
40
34
-12
-47
27
-76
16
66
142
146
11
-130
4
156
120
-55
-6
161
64
18
-106
-46
-14
15
-169
-20
-48
20
103
0
126
-57
124
-16
-43
-133
82
-35
60
151
-93
-9
-13
153
51
-55
-26
-30
23
199
39
5
2
75
51
-74
71
-105
26
-40
-119
-99
-75
-96
96
114
-44
-25
-31
52
46
35
-57
206
-109
146
60
90
-112
32
38
-42
17
4
-245
-70
6
-1
-84
4
-23
102
9
-132
-78
-35
-72
-43
-25
-25
-74
-7
16
395
-45
149
-80
-74
133
-37
94
-79
-75
-86
-19
-5
-54
113
72
44
91
-12
146
56
-94
107
-18
49
82
-17
-33
150
-144
-45
94
-50
-13
-135
112
-58
26
-7
-153
-14
-63
-14
62
94
-33
-10
140
-58
-71
78
-59
105
-6
-40
71
-33
24
13
-9
-178
53
82
-81
-69
-16
62
-33
-27
101
-56
-61
52
-64
75
15
11
44
-78
141
-104
-143
-27
-117
135
71
109
158
74
12
-81
-74
-53
97
63
-152
13
-160
-57
-101
-24
-35
-141
34
122
159
87
-8
-15
-24
-177
33
-81
85
-9
23
-42
-58
-55
1
162
14
34
-12
30
19
-44
-75
140
63
65
-183
-131
94
2
-88
-45
14
-110
-76
-103
72
-138
127
37
-39
64
53
-64
21
56
2
-22
98
-95
-48
-49
67
4
-15
50
-57
7
67
-105
-67
-80
48
-148
70
-28
15
-40
32
116
52
-1
-24
15
-64
-40
-17
21
55
-85
165
-57
-26
51
114
23
42
-60
24
0
108
-14
68
80
-7
40
0
51
-68
-2
-39
26
96
-80
-54
180
119
-38
-54
73
-28
241
9
140
-70
84
104
-155
-96
-105
85
316
29
65
43
36
118
84
46
-49
118
-23
9
7
-25
-90
-4
-86
15
105
54
-17
-173
-123
20
-23
118
-22
-17
-19
112
63
-5
3
-100
-101
43
121
3
-4
-28
-54
6
37
52
81
139
-12
-15
49
6
43
7
87
79
15
-32
100
50
-39
140
-113
-110
-49
-33
-51
-3
-13
46
81
-118
-3
37
0
-52
-22
89
-16
-105
-25
180
17
8
116
-90
-172
48
128
-129
-85
-41
-9
-89
-114
-64
-1
56
-10
39
132
133
-2
-29
73
-17
-79
175
77
-73
-30
-27
106
16
-52
-48
110
116
-10
-60
-87
118
34
-91
114
134
101
82
79
-15
-34
-113
14
156
-56
67
76
-125
-45
-65
30
91
-45
-36
88
-1
-61
79
-39
64
-7
36
6
-8
3
-52
99
-122
55
-24
-167
-6
-19
-44
-40
-82
71
58
-56
86
59
-53
57
-11
57
-22
-25
-81
57
-48
97
-147
50
35
0
-19
130
-28
29
-31
64
-30
-12
64
-141
-17
-3
33
57
-44
-7
-24
161
-49
-16
26
17
89
45
113
25
-150
99
-16
-64
-49
8
179
-200
-15
83
-101
59
-108
-27
-61
-92
-41
123
10
38
-56
55
-187
9
-8
43
7
57
-170
-29
-102
7
113
-247
-31
83
-49
76
-43
-5
116
82
-88
-24
108
-89
55
70
-97
59
-115
-31
-144
-150
6
39
65
-36
10
87
-27
-4
107
158
-122
148
-64
-130
-184
-58
10
115
37
-175
96
-117
-136
27
0
75
-74
21
-4
-145
64
-60
-7
144
-64
41
-51
2
76
-149
-25
-123
-116
-109
-3
5
-19
135
13
-158
80
-72
41
55
75
66
150
-81
75
-55
-134
7
-28
-77
-65
42
-75
-77
132
-101
9
162
22
-89
-123
48
111
-41
-16
20
5
114
74
-104
114
58
136
23
57
4
-153
140
-10
66
-35
-54
53
-99
16
-101
17
7
8
-27
-4
-56
-31
86
127
-117
79
127
12
61
-80
-17
89
32
-3
16
-59
35
87
-39
-137
117
-101
10
-33
36
9
31
117
-52
98
-158
41
-116
57
-88
-142
-90
90
-36
-18
98
19
5
4
-78
89
-78
129
14
-19
72
136
239
-40
-101
58
-34
-64
-84
185
29
44
51
9
3
89
71
-31
214
44
7
169
-133
40
85
9
31
4
-123
29
-108
90
-96
68
47
100
-183
-30
-12
26
-14
-83
106
20
-66
-95
48
79
42
-100
91
45
-43
86
19
-52
36
-88
-32
-18
-46
21
-56
49
30
19
7
153
-43
126
-87
10
-172
77
-198
-1
56
130
34
1
-141
18
-14
-58
-94
-90
-110
-62
-29
78
-69
-96
56
-31
93
171
-67
-19
107
-31
-41
17
98
53
-11
31
-2
97
-81
-50
-64
1
29
26
-43
-17
105
58
125
-72
37
99
51
-168
67
-24
-66
153
-38
-49
-37
129
-86
-6
76
53
-108
76
158
-17
-206
25
-112
50
-134
126
-33
22
29
117
119
-22
96
43
53
82
27
120
-79
7
103
57
-2
-46
-46
93
-64
-48
42
8
12
-96
-79
54
69
-28
142
8
-75
87
-83
19
2
86
24
-155
17
14
3
50
-115
77
-76
-145
186
-48
-101
-281
68
52
-40
31
-23
13
-61
-114
-46
-66
-133
-74
26
-88
-21
194
10
163
35
113
-5
39
-8
192
56
-115
-49
60
-90
-86
-55
-27
-23
11
-12
-20
140
-75
-54
7
-144
-73
-38
116
19
-77
-71
11
-50
-29
-63
-93
13
-102
142
-84
-33
-41
-172
14
-83
-92
63
42
95
-124
-34
148
-9
18
142
-95
-160
29
-26
-26
-10
41
-27
-34
85
8
24
110
27
10
-111
111
-35
23
58
191
92
19
30
-2
-1
-114
104
-10
79
29
-41
-79
-92
54
12
-69
111
50
-105
-59
48
-210
167
17
-88
31
-26
-67
-39
76
-103
-31
9
-2
-10
22
-120
-16
-81
-9
1
-121
-86
-41
-49
39
-47
-147
63
-30
3
0
-29
-10
149
-79
166
6
-188
45
-56
90
10
10
-99
-74
-48
-43
-37
167
149
3
91
37
6
-2
-157
-27
-36
4
133
-18
108
-4
104
157
25
-8
27
-136
107
70
83
-183
87
-24
-52
60
18
-55
24
40
56
-22
146
164
-143
59
33
60
45
-30
-77
13
25
127
38
1
-66
-13
7
70
-5
141
-19
-54
-30
22
-93
-60
-2
-71
42
57
-141
-24
-84
10
83
65
-58
-36
-76
23
-67
118
29
72
-84
-20
-8
105
-12
46
49
-101
39
-89
12
-69
-33
14
87
-77
-101
114
6
73
64
-4
55
-92
8
209
-57
171
41
-175
17
112
34
2
71
37
69
-69
-107
48
106
-50
-29
52
-153
56
-30
-68
14
-25
18
-59
-1
17
98
-31
-52
-78
-32
28
29
39
-105
-60
132
13
146
134
25
98
-111
-30
57
102
50
154
19
69
18
-132
-1
46
-92
-113
-15
-133
29
142
17
32
-125
40
66
94
34
-33
46
-27
-108
30
75
-120
104
-44
1
-71
31
-105
65
