25 60 100
0 5
0 11
0 14
0 23
0 24
1 10
2 4
3 1
3 13
4 5
4 7
4 16
4 18
5 9
5 24
6 7
8 9
8 13
9 3
9 17
10 7
11 9
11 24
12 2
12 11
12 21
12 23
13 6
13 7
13 13
13 21
14 1
15 3
15 23
16 1
16 15
16 20
17 23
18 14
18 20
18 24
19 11
19 13
19 17
19 19
20 4
20 6
20 17
20 19
21 10
21 18
21 20
22 4
22 10
22 18
23 0
23 5
24 6
24 11
24 17
24
7
33
37
13
43
0
4
42
39
17
56
41
58
22
30
44
5
6
59
29
2
10
40
8
53
49
34
57
21
35
55
23
46
38
47
50
28
3
48
1
26
36
32
52
14
54
27
19
25
15
45
51
9
11
18
31
16
20
12
-161
275
-163
-118
-141
47
27
56
20
51
-44
142
89
134
-20
-138
38
30
-110
78
78
81
-70
27
56
-27
-109
60
21
-53
-111
-158
-53
-5
36
1
3
-28
55
-100
117
32
25
-49
-15
-219
-75
-26
6
140
-51
61
172
87
-47
187
-15
260
-255
-82
-15
-12
193
-69
-51
72
18
66
99
49
-163
-3
101
24
-29
-14
-63
-94
-173
158
-34
-11
117
-208
-8
-32
-15
-91
70
112
-168
-80
60
-122
14
41
27
-203
70
-4
59
72
65
184
-62
-86
88
-130
155
-121
26
-37
-179
-82
70
18
17
-51
-113
-49
103
76
58
5
236
17
-235
-108
25
92
168
40
30
-16
-43
-14
42
-28
-39
12
-147
65
-43
105
-142
4
-77
-9
145
-102
104
-44
25
-187
-46
-175
43
113
-13
-75
40
87
94
-78
-69
2
109
4
-9
-130
52
-47
-162
96
103
2
-84
65
24
0
-1
-39
-28
-133
62
-147
98
42
-49
30
134
18
43
121
-28
-129
42
60
177
-85
166
-9
208
93
38
-100
2
-179
271
106
4
91
-84
72
-24
115
-76
13
69
26
-110
-76
-5
14
104
64
-34
89
-134
-116
27
-7
-103
89
68
52
-25
156
-71
-216
202
-38
103
38
-11
5
-156
-57
-102
52
123
165
-27
-53
-75
42
-35
-191
-69
59
-5
-296
-33
-253
202
93
-7
-68
-72
48
43
-103
-36
107
-133
-54
-16
159
60
144
40
10
119
-72
-83
-90
-128
-81
-42
25
21
-74
-40
-32
-71
-58
-34
-66
7
-74
41
6
-82
-131
15
-105
-68
118
150
-81
55
-14
165
9
-80
-48
26
22
-100
-65
86
172
-54
154
-120
49
-83
60
-317
-76
-60
3
-22
106
25
-219
-160
139
-74
65
-64
79
-68
75
-209
86
94
-99
-51
15
196
133
65
46
103
84
-219
67
-13
-101
-38
-1
127
3
-100
133
-65
-289
57
91
115
-7
-201
-66
138
81
-66
36
-17
71
22
-117
-181
-5
39
-161
-85
-47
15
-112
-64
-80
57
69
-65
30
62
-134
-37
-82
-139
59
-152
-74
158
-1
-6
77
61
45
177
14
66
2
88
60
96
-123
-13
-13
-11
37
170
168
4
-61
-70
102
-7
-150
-36
41
185
60
-187
-8
-66
19
106
47
-221
-97
143
18
-44
176
-11
171
-180
-78
-199
65
-77
99
-172
55
39
-98
51
155
22
21
-69
157
201
-24
255
73
-115
102
66
-75
57
-11
-170
-69
-123
50
-24
-26
163
38
29
43
-53
-20
202
-2
76
-129
123
-79
-261
-32
-29
7
65
-191
-128
70
-89
156
-36
-172
22
129
-68
-54
39
7
7
72
-75
64
221
95
-51
-156
-53
-70
118
90
-102
3
-89
86
73
131
-140
-54
37
69
40
-60
81
-95
-176
-35
-8
20
-25
151
-63
-61
158
-41
41
35
-43
205
247
-137
79
88
-13
21
104
-71
-123
4
-148
-24
69
102
-137
27
82
-56
28
7
-96
15
-58
-169
179
22
-3
141
141
28
-30
37
38
-67
49
58
-144
13
0
45
131
34
38
34
74
-139
-48
-8
16
-182
50
31
-69
115
39
-220
126
6
-33
-60
-93
-206
31
36
-80
82
-9
27
-82
38
83
-6
48
24
74
191
136
21
122
133
35
-17
29
-66
-62
-65
-83
-16
75
19
3
-143
-47
-94
-140
-126
15
-124
-92
-10
-208
51
-13
185
-32
92
134
-14
56
-93
13
132
50
-58
-112
-18
-5
-53
162
153
138
-24
-17
-33
-30
78
-49
81
121
-124
75
131
53
94
-36
-186
41
-84
48
65
-137
-26
51
94
-43
12
-132
47
158
-28
75
-10
145
59
-51
-108
84
-25
-38
119
-58
141
-45
-76
170
-221
-116
-128
-110
-61
-53
-10
-30
-127
17
55
-129
249
-50
131
-114
32
12
-10
-65
-107
9
162
10
73
182
86
-28
147
118
111
-35
135
-42
238
-127
-23
-15
-86
-76
69
-18
59
17
-82
-30
-14
39
151
57
76
45
-121
-208
-28
-170
73
-129
49
36
-68
-8
-182
-61
-79
2
-83
-85
-150
-28
-164
153
-121
-99
-156
71
257
250
-42
-122
21
17
48
-79
6
47
-37
-172
157
-27
42
35
29
-110
-103
97
21
-21
33
-16
87
139
40
66
-86
20
26
-54
73
35
87
-92
-127
42
18
-52
14
4
-23
29
16
34
-46
27
90
-36
-27
-27
184
-113
110
-31
56
40
66
68
152
-22
1
-88
111
-152
-220
8
-40
97
149
54
-184
79
22
8
15
1
64
-31
8
53
0
-169
-51
138
103
-8
92
-71
-77
0
-193
119
-105
-139
-50
130
154
-114
107
-56
91
-138
36
24
-86
-49
111
-73
-184
53
-292
-17
145
-15
164
75
-146
97
-39
-96
136
83
-259
46
-1
-75
-44
-53
12
40
-64
-65
111
14
-23
-93
-152
55
213
-47
-106
156
0
84
83
-67
-19
113
198
-39
55
16
-165
37
82
-136
206
149
-114
-44
18
-19
141
117
-333
-8
-126
-3
-118
-45
-24
-158
-142
-16
-102
-4
83
158
-108
218
-123
-22
102
-39
-21
-239
126
-183
-112
-7
-130
0
-142
121
68
-192
-89
107
96
73
0
-36
265
-93
-37
-45
-5
-11
-17
-215
-12
171
-90
-132
-28
70
-42
-73
156
108
-112
70
-79
47
6
37
-20
-25
154
92
44
-107
-153
81
57
129
-57
162
-93
-164
-18
-27
66
-17
29
63
242
101
36
-31
-74
42
-122
-45
-20
107
35
-111
-11
105
-270
-43
72
251
49
42
129
165
-49
-153
38
68
-30
-165
-131
133
37
64
-43
-33
45
98
167
-101
318
-104
27
119
-75
43
-36
54
14
134
1
-94
82
161
89
46
12
137
-53
-261
-7
24
60
-21
-41
86
118
-101
-181
126
-54
-167
148
-68
15
-40
-124
111
5
-75
95
22
-19
121
-64
33
69
-3
52
-109
-8
-12
179
149
-136
-222
-24
99
-158
-53
101
166
110
-160
145
-66
-171
48
-39
72
-23
140
332
95
-124
-100
-83
-144
41
-10
184
-191
-43
12
30
-75
-39
-17
-22
1
-1
-119
-1
-13
-53
74
69
-81
122
30
-56
55
-114
275
13
-16
-146
107
33
185
171
146
32
-39
58
119
18
58
45
-34
70
204
69
-195
46
113
66
-62
-128
3
-26
-93
-56
196
249
108
-134
206
-96
1
140
-21
80
30
-32
-60
110
-86
-120
33
122
222
41
116
99
-33
206
34
194
-280
-32
-221
96
77
114
-111
39
-23
62
174
29
13
-170
-12
-132
24
0
-71
83
-100
153
139
-102
25
-45
-69
87
-136
-138
43
-3
42
-38
53
-187
-82
10
85
24
-33
-31
-38
141
104
59
14
-228
69
185
-141
-94
-149
39
-305
59
-98
-92
86
-173
110
122
-143
48
-19
-37
-2
-33
19
88
-115
-3
51
-45
-145
-135
75
-147
-45
63
104
11
16
28
-5
31
74
159
30
-117
-74
127
43
-172
-117
120
-65
101
100
118
5
-26
29
-66
122
-11
-17
149
40
9
147
-69
-124
111
-78
23
52
31
46
22
-26
28
-12
-52
-228
-122
-170
88
-27
19
90
27
18
-59
42
-172
-103
100
-103
109
107
-39
-41
-57
45
241
-8
-17
7
9
-71
130
-96
170
-36
-40
44
-194
-43
111
-15
-56
133
-38
-134
12
205
-33
-17
-91
-32
24
99
-28
-77
-36
40
0
-82
173
29
32
-64
84
211
-189
-142
250
-187
23
48
-37
55
-122
159
45
116
-136
-161
146
175
-71
117
83
-141
46
-30
-49
10
31
-105
165
-73
57
16
31
98
28
-13
-55
193
9
-74
-120
-13
26
33
79
-44
-176
90
123
22
-51
-105
-94
216
-65
2
-37
-42
41
-154
-247
16
-12
106
93
-209
-65
-28
-83
-51
-87
145
99
-35
-66
-172
106
-72
-118
121
17
-108
-40
-167
-76
-18
155
0
-98
56
40
-19
-8
120
-156
-83
-1
-27
68
-14
21
97
158
118
-53
-63
1
-139
10
-87
149
40
-70
36
43
-37
3
67
-73
16
246
85
16
-13
75
-15
101
-130
-77
52
19
18
75
-131
-90
11
173
3
-19
92
55
-283
38
-54
115
-26
-175
4
27
16
8
118
128
-75
138
-128
-73
43
34
58
-156
4
-72
-33
130
100
43
31
155
43
62
-21
85
28
152
47
77
-216
-107
164
61
-24
-74
-79
1
124
-21
-6
-24
13
-2
-17
-61
136
-52
47
2
108
108
22
-54
-29
-87
291
46
27
-20
-85
1
119
192
-82
204
-30
-150
-158
35
25
-38
-15
10
60
-16
-22
77
11
-275
-123
165
-114
-7
19
276
17
-99
20
-105
-55
120
-105
84
7
-17
97
-35
84
-176
109
-27
78
-33
87
13
-17
172
8
-46
-65
34
-237
-127
11
40
76
4
-164
-66
-133
149
18
-101
-22
58
-186
-68
121
-188
-296
121
-101
-182
96
149
153
-71
28
-182
-9
78
-2
-37
-77
55
13
31
-15
7
91
23
-145
70
40
-87
68
170
-94
121
-56
-59
-42
-65
25
53
-246
71
29
17
42
-8
70
-95
39
66
-55
-8
192
116
43
73
119
-160
2
-127
-2
-30
70
58
44
-186
151
-100
-24
-83
-85
182
272
-111
50
-123
50
-42
-111
-130
103
-158
33
-49
175
196
12
48
43
58
108
10
-82
-23
96
-164
126
175
163
14
-2
173
220
128
-157
-57
-149
75
-44
-12
36
66
46
134
188
170
-108
-18
-33
-190
264
-153
-10
-65
53
-15
40
-78
34
-76
-45
-49
13
-37
-70
72
190
101
51
39
9
32
-19
-129
-27
-127
-15
-116
-2
-77
95
170
159
64
-131
122
-94
-153
-110
47
-51
36
-53
157
103
64
200
-90
106
-81
-49
110
189
1
-114
128
-157
-297
-139
-62
101
-15
136
-95
-38
110
-103
-80
80
4
-27
0
145
10
-115
-178
66
61
-203
-115
-7
-73
46
-110
-70
-88
252
-50
-8
-49
-18
10
-80
-36
-7
40
-223
-124
45
118
55
-91
1
-186
81
-36
-33
-64
-331
90
-56
98
-87
-8
65
-6
-94
198
-52
-16
2
-48
57
-28
-88
-106
7
140
151
-28
93
-210
4
17
39
-3
141
-52
102
6
160
32
-12
-150
3
-83
42
-137
1
46
-34
7
50
160
-66
65
42
-18
4
-133
-58
-40
-39
-64
132
269
-172
64
-45
90
16
84
-16
117
5
-104
-25
18
56
-20
-33
-30
33
-65
72
40
68
8
-17
-158
62
2
221
-150
104
-46
19
16
-52
-13
32
133
118
125
-15
-69
-162
181
7
9
102
-14
-223
117
-52
-150
70
-71
-226
94
-74
103
-76
55
-58
-85
-173
71
-287
-113
-177
15
252
-201
80
-54
26
-101
206
-46
-27
5
13
-1
13
138
-164
-79
-115
-39
-13
137
-73
-64
109
158
-92
11
-106
-101
-36
6
153
-67
-54
-45
-263
-128
9
81
-37
-46
-80
-73
-33
-16
-161
3
-117
-70
54
4
58
-35
179
195
61
106
-14
-83
11
33
-4
-47
-61
168
-108
195
-129
41
9
-17
65
97
-99
46
90
57
-57
125
-112
37
-48
30
179
-18
35
-40
-32
-50
193
-8
-138
76
-22
-99
117
-141
10
-79
-39
10
-100
68
122
-154
-168
-80
-39
54
-65
167
67
-98
-99
-60
38
-70
-63
-46
21
-47
113
8
28
9
19
105
75
-42
80
23
-139
49
-42
68
-46
-27
-15
-26
-69
71
-14
85
87
-27
157
104
151
-82
-8
22
-5
57
-35
-127
59
80
39
24
-54
-86
-22
-56
-110
27
-78
30
-72
110
180
-15
28
46
58
-96
-29
-31
-32
151
-68
105
-19
-115
-179
-93
-174
-68
51
17
-138
76
73
15
47
-32
44
-52
-114
151
-15
-34
-41
-110
14
-50
-92
-125
50
111
45
-76
-77
111
-180
-53
163
41
-31
-319
36
48
-134
11
23
-33
-29
37
36
219
-107
-159
-40
-81
-24
99
122
-85
0
97
-6
-9
-87
44
-32
-173
-39
145
-76
168
-28
-93
126
-166
99
131
-244
41
-42
237
140
11
107
274
-17
-75
76
9
-71
58
51
-166
-56
-80
-46
-92
-111
59
86
-172
18
185
26
118
-4
-85
45
8
-50
0
279
99
-30
-6
23
-22
37
215
-91
-136
-207
-27
-181
204
69
-9
42
111
7
-70
91
161
71
-41
-279
36
257
-30
109
-21
97
-62
-40
-145
29
159
-125
-95
31
-111
-80
-81
4
-63
134
-1
151
-49
43
193
-15
-175
136
-15
13
-41
45
-45
8
11
-4
71
48
167
-74
-29
0
-76
52
-99
-41
44
-90
137
14
12
106
98
-41
6
50
200
93
-111
53
23
13
1
64
-89
-68
61
164
-33
-222
-30
35
-113
166
-46
-81
-11
-84
-94
-84
38
-5
37
78
83
27
239
-68
-36
-14
-1
0
112
-77
-41
16
21
201
-8
-10
25
47
-67
-47
-28
47
68
-165
117
41
153
21
-229
-45
316
16
-28
98
-13
-149
26
153
-12
86
46
-36
-193
-84
-132
-54
-25
-56
-25
-69
89
-70
45
-111
-37
41
-2
76
6
-6
30
108
-128
-144
151
51
-141
22
-108
172
59
30
85
-66
-68
-285
-100
131
-75
6
41
24
22
-71
-253
32
-14
-96
272
-124
76
3
-42
21
239
149
55
-86
68
206
183
200
80
-108
34
22
180
153
135
-20
-77
151
21
-186
-25
-182
20
111
-36
96
345
-5
71
-57
10
183
94
104
173
-51
-121
40
-100
77
12
-98
165
-26
-3
-69
-59
-33
-34
52
-104
-110
-162
123
-69
123
150
101
-2
-140
91
-63
22
60
50
-158
28
-181
49
-75
-6
128
-46
-66
-138
-19
48
104
37
125
-105
80
-90
-62
113
-46
-65
206
8
82
-101
-95
64
-72
-44
24
-49
135
84
52
342
-328
-1
-41
75
-9
0
-93
129
224
167
-1
95
80
33
-67
104
79
90
195
165
45
-68
77
85
146
236
-7
219
109
150
114
-160
41
80
-6
75
142
161
-138
-3
-189
110
-99
-68
31
202
116
-7
-109
106
48
18
-171
-58
-112
-47
-9
-56
-13
74
127
-144
-69
-154
58
171
-78
44
-76
78
4
107
38
70
13
6
-125
137
97
62
-75
-6
-121
-68
46
16
-33
-13
-38
-74
-86
-60
-51
-75
158
18
161
155
-120
-59
-49
52
-90
-9
6
-42
190
-62
-28
117
49
-295
29
-84
2
23
-113
57
53
110
-11
124
127
-22
27
91
-37
-113
41
-21
43
3
-116
-10
-88
26
83
-82
-1
-78
12
-161
15
46
102
22
-96
-41
87
42
116
59
-20
-12
-9
5
-40
-26
138
115
-126
154
-204
-4
19
-34
61
-108
-66
27
-81
34
-49
83
-94
-81
-62
145
26
79
182
47
-79
-72
8
-72
25
19
64
162
104
-77
-4
-162
71
-43
-65
-49
-22
-72
11
18
-37
54
184
42
-151
10
58
-84
-8
140
230
-47
-88
151
38
-85
183
-187
-101
-6
-61
-6
121
85
-227
-150
-198
-116
51
-210
-50
-61
14
-42
-125
259
-28
-62
77
-94
-16
-45
-170
-52
68
-82
85
-77
78
-112
56
78
-12
52
112
94
-34
-169
-58
-48
-63
64
74
58
115
-28
61
-27
-90
-7
113
250
-41
76
51
24
-34
145
-84
71
59
150
-38
-84
69
-16
-246
141
58
9
36
-35
81
171
-109
-87
-14
100
-38
-40
157
-260
273
178
-40
29
-43
25
71
-82
137
-52
-40
-59
-242
-58
-129
-4
85
-2
-92
52
76
-42
150
-6
232
-49
-5
-5
-71
-187
7
-68
-99
98
-79
-84
32
-201
-70
-54
-8
-119
80
-93
-4
49
85
15
-154
-7
175
46
77
-109
158
194
31
-17
-103
108
42
249
-63
205
95
-107
11
198
-155
30
105
-20
-190
51
87
29
-41
6
49
64
52
55
-22
70
331
110
-34
150
-78
-77
31
104
59
-64
0
149
71
-196
-72
-31
104
-26
-144
-65
-30
-64
47
-62
125
-19
89
160
40
-281
88
22
86
-144
-30
-78
-38
53
112
13
-4
-153
179
-154
67
42
102
15
-97
130
-95
93
117
16
115
72
95
-8
81
212
-92
-6
-95
30
55
-5
-13
42
-50
1
84
150
-126
222
-117
5
135
53
58
-76
115
-75
-104
-87
29
99
92
8
-78
75
62
-108
-65
-65
20
-185
164
50
-59
127
-100
52
107
-131
11
57
-22
186
60
282
23
0
33
-31
-56
-49
51
149
119
-140
-135
-60
-232
180
-102
48
104
100
-32
-58
121
-44
6
198
-10
-69
-109
28
-44
-179
15
-58
60
-13
-9
-124
101
-17
111
-17
-4
39
-25
152
29
47
-6
-30
108
-253
-37
-38
-83
-23
-245
190
-39
-43
-65
-203
-62
0
-17
-70
-50
-109
-125
85
-2
-210
95
51
-32
-62
-34
181
-2
-137
-87
-63
-172
54
122
-123
48
10
-12
21
-72
-57
92
-58
9
-82
-12
7
92
-129
-2
81
50
155
-28
101
76
-91
166
168
123
52
174
39
39
216
16
129
-62
-91
-16
209
14
160
93
35
27
-98
-234
72
72
53
62
-75
70
-133
-153
161
-34
10
-180
-90
85
-114
57
48
98
-178
-90
-115
-31
131
111
62
-53
78
-73
53
16
56
-89
5
154
-36
66
-40
61
-93
61
-150
175
42
-177
177
-36
-192
-172
-118
239
-16
-57
12
91
-131
50
-129
-91
106
-23
126
4
1
-39
-212
-140
-77
-49
-110
-26
100
41
58
83
-71
-23
24
-189
74
-16
3
-103
-14
51
-135
104
-76
-248
34
14
16
-77
-51
167
23
122
-24
-59
-133
124
46
-42
120
-160
12
-53
-31
117
-170
-115
-89
-48
69
-170
19
4
-33
-52
76
17
94
-66
85
41
-100
-36
20
41
-124
6
48
-188
111
198
177
7
-24
34
-16
23
-26
-163
13
-240
146
-90
7
71
177
-25
-65
63
-182
94
18
147
11
95
24
105
-6
-3
102
98
-24
138
-110
89
-19
27
149
-34
36
109
-75
-156
-81
-34
93
-159
-25
-150
-33
-28
-101
-87
103
5
-73
91
-156
-143
-64
82
134
-72
0
-125
-36
75
57
-115
141
23
145
-26
-147
111
-97
-111
87
3
-85
64
23
-36
-27
-194
22
-90
40
149
-9
-10
69
125
-150
-215
-58
-16
43
-26
223
169
-85
-108
37
-3
-67
91
-151
24
-27
49
93
166
-68
34
-27
-107
5
-82
71
135
-264
-250
-34
-27
200
-127
152
-53
14
-106
74
173
12
202
95
39
108
35
9
93
-36
-133
67
50
59
-109
80
-61
2
119
41
-105
-23
-58
171
47
-133
-125
-45
155
46
-144
-45
30
-115
166
113
-12
-34
-100
-62
-130
-165
73
47
-111
13
-237
38
-221
-173
-90
-2
-42
13
-187
-41
184
34
-24
7
108
10
184
-15
48
100
-93
119
-75
-77
-6
23
50
-6
-8
57
15
-98
-49
-76
171
-4
290
98
-176
-41
56
195
53
63
-21
-16
-34
-74
44
-140
-137
-52
85
77
96
3
-158
-126
6
36
-136
60
69
50
37
-50
1
49
20
40
-44
-68
-19
-52
19
23
39
-256
99
-39
69
-27
41
-27
67
-29
136
17
92
183
-169
-93
-52
-69
17
143
-166
32
104
107
127
60
-63
26
-39
-184
12
168
40
-44
-202
66
20
-82
-131
-63
-136
-250
7
84
6
-32
-195
-26
-165
-81
-43
-32
-149
18
-63
50
27
147
-43
-49
-30
205
-135
-59
39
26
84
38
24
-218
-17
3
50
-93
33
61
-25
5
-29
2
135
-151
-162
-39
37
37
150
-33
66
123
23
-204
5
103
50
-63
-73
-146
58
-137
101
-3
80
-97
-66
-19
195
32
140
-77
98
25
-5
148
-97
74
-114
-80
37
-149
-122
50
-159
-54
95
-136
-109
-53
-51
-74
-61
-105
2
61
15
127
-6
-21
-12
12
173
-92
119
-69
76
-38
-47
130
1
49
-15
-176
65
-25
-104
148
-27
-16
-102
159
-97
17
148
-62
-79
-8
-29
-49
0
126
-28
142
73
-110
-60
82
14
-118
50
66
-94
46
-49
3
-37
0
-260
44
-97
75
121
-142
-11
11
40
33
26
-98
35
32
150
5
11
16
170
82
-22
-2
101
4
38
84
37
141
-132
-53
11
125
133
-27
108
175
-127
69
-118
-138
31
-110
112
41
-22
-4
-12
-87
56
-234
154
4
-43
24
-6
69
-60
51
-86
95
-131
-30
4
-59
-4
92
2
311
-153
74
-6
-91
67
-214
113
-21
-38
-126
-25
-13
151
-48
-178
-81
-124
48
13
-66
80
50
82
-70
6
153
-133
51
-113
134
40
-5
-145
-97
-220
-132
216
50
43
-45
-23
-144
42
47
170
12
-142
-59
-50
-41
18
122
-7
80
-93
-50
43
1
101
33
-111
-122
-171
166
-10
-269
203
-109
-78
-21
-15
-118
64
-63
-18
29
-105
-121
29
6
76
-71
-9
95
100
-13
19
-104
106
-107
76
95
-39
-72
33
-1
-7
142
40
-65
-193
144
-12
10
-8
118
-54
-137
-66
146
51
-34
-65
65
-27
121
-40
-163
-61
-12
-26
128
119
27
-28
-90
-144
82
-44
-114
32
168
-85
2
-54
103
-79
114
-16
50
-137
-32
-115
41
-10
-64
118
-20
17
66
40
6
-50
177
-209
71
37
-56
-155
23
-37
37
-8
-42
121
22
-70
35
104
-162
118
-139
-82
52
-48
14
-45
73
134
-135
70
16
4
132
-43
-28
-37
34
1
-78
-230
82
-105
-1
142
-122
0
-114
-18
-145
-92
65
-113
-175
2
-139
-68
-2
-16
-58
125
-31
-234
174
-114
248
172
-24
-107
-43
-47
17
-49
73
11
-28
39
66
-65
185
-26
42
127
65
20
-131
-20
-71
92
-163
-21
36
94
10
-107
38
14
46
146
-172
-165
-56
-49
-138
-170
-83
167
29
68
204
-5
186
-73
138
-60
-36
127
-46
-113
149
-169
-9
-49
44
8
-181
-42
21
-22
-29
-26
0
-89
-42
-170
-29
-126
-33
57
-51
123
-269
-72
-74
-26
-36
99
-27
-17
-136
107
45
-31
-66
174
55
-54
55
110
-118
22
-5
125
-3
13
149
-40
33
-69
-60
81
-68
34
108
-108
46
-83
-89
72
47
-139
59
73
-190
-86
2
132
-76
10
-5
-4
43
-73
-91
4
-8
131
191
17
32
158
106
-88
99
-4
71
-105
241
64
-10
56
-92
25
135
-137
38
81
83
-20
73
66
-85
-22
72
258
57
274
11
30
30
114
26
126
-129
152
48
-99
-88
-28
126
95
199
-295
33
17
38
75
7
-91
-36
-145
31
84
70
16
36
-115
-181
-9
-105
-129
20
57
-58
-11
39
4
44
31
63
-150
5
-2
32
-36
-135
-76
-187
90
71
132
-182
-49
153
-126
-1
-3
45
-8
128
28
-10
-19
-289
246
-42
-87
29
16
-46
105
32
-57
-284
26
59
-82
-47
-101
134
-157
-81
32
-163
-126
40
25
39
-74
137
81
-125
-113
-53
-34
37
-7
152
206
-88
88
40
207
-3
-154
70
8
-129
-33
21
-117
104
66
-24
10
-29
119
26
-97
44
52
-113
217
156
80
-34
32
119
-131
-54
16
50
63
-16
39
-78
41
60
-163
112
-284
-21
-60
30
44
-36
101
-84
167
101
-74
153
-27
53
152
99
27
-89
-141
-70
-145
-68
-149
119
119
-2
-131
147
-18
4
92
-119
-205
-26
19
-77
-29
-29
-67
-81
47
57
129
-45
-97
-64
72
32
191
21
46
165
-54
21
71
53
138
123
70
-173
-42
-155
98
77
6
-132
201
-182
-121
212
29
-127
244
32
67
-95
-145
99
188
169
-2
73
-48
44
306
94
39
31
0
93
-51
46
88
130
-52
31
-278
-71
-39
259
132
-57
-96
22
155
14
-41
135
167
63
46
60
-86
-88
-7
-88
-6
-95
23
81
37
34
-32
50
48
141
59
83
38
161
78
148
-295
216
-13
71
20
-7
-28
-11
-40
-77
30
79
93
-73
-151
-98
-25
75
-150
-65
-90
-128
-5
150
159
33
-11
-69
-10
0
16
-5
-10
43
-72
-81
-68
-72
-279
98
160
44
119
-68
37
93
58
68
83
18
-88
-71
7
-31
-24
-19
41
-59
48
18
0
-24
-122
-205
-194
-17
-11
102
52
0
-192
-99
-13
-23
-57
137
-227
-53
-232
81
14
131
-130
128
60
30
-32
151
-46
-92
-31
-64
85
-69
-85
-15
-36
202
223
-42
-72
95
50
-46
-1
-203
41
-16
30
54
-194
-23
-105
133
52
-3
-7
-100
-17
100
30
-24
208
110
-5
-101
163
141
-49
-21
24
-3
21
-111
-63
-72
5
103
-34
-13
-32
164
24
-75
-8
86
-33
14
42
-170
-66
-121
-115
17
96
-173
25
-30
5
-111
53
-74
41
-19
92
60
-53
238
133
-15
-54
35
76
113
-11
-37
156
-16
-3
-71
-12
91
62
175
43
-50
-211
53
149
-26
-2
-52
55
68
21
135
114
50
-48
47
-65
-37
5
-39
18
109
50
-56
-111
96
-77
-76
27
105
33
329
-126
-351
-227
-2
29
134
-120
-98
-113
-111
25
122
-35
-93
-92
82
133
-6
-89
91
3
160
-121
91
-132
-129
144
-205
23
251
-119
95
61
-58
35
77
103
105
256
7
80
-79
70
-118
21
-70
-20
31
-152
-150
-82
-28
-163
-58
1
-38
-44
-14
-137
-50
24
42
105
-10
-39
67
34
-52
60
16
5
-48
130
39
-18
-99
-37
-46
66
86
61
-58
-89
149
-22
97
-128
-67
96
123
-3
-35
1
-98
4
-59
-2
171
-47
32
-81
84
223
-87
66
-40
135
-63
75
127
51
153
-4
53
-87
-65
-187
-242
-4
-140
92
11
57
22
105
-21
-70
-56
24
-43
-158
53
-56
-228
88
14
69
108
-42
-83
262
15
-47
-2
-7
-156
64
-190
21
8
87
39
-40
-118
-33
159
29
80
148
-105
-48
132
53
-92
74
-102
27
-64
-59
36
82
-133
64
3
131
36
-101
-33
27
45
70
-64
-52
94
-153
-206
-12
-278
-37
31
-15
-50
-46
-100
24
-102
58
-86
224
-143
-4
107
-32
55
-65
-131
-118
-165
-125
16
-15
75
22
-31
45
56
124
-176
51
62
-20
-34
4
-55
-250
-68
17
90
-12
-53
97
64
-95
-149
-37
25
76
-12
-55
33
-81
37
-88
103
-48
-11
-95
90
-38
-55
-11
-78
70
-134
33
15
-4
-167
-156
7
-103
-118
42
-87
0
-6
-118
246
-133
-95
45
56
-109
-104
34
35
-57
112
-27
160
-53
57
-114
-17
-13
25
-4
227
-138
238
125
122
-90
-10
29
-20
-40
-4
-151
-86
119
-100
69
-55
158
-38
-57
-121
-170
-32
135
81
-28
-47
4
190
134
-130
-140
67
-86
11
12
240
75
230
-211
82
-129
-100
-96
-92
129
64
163
-4
-72
-75
-24
-15
-28
-76
-16
63
-112
47
-16
-62
182
10
-76
14
57
82
-43
-23
-193
-13
49
58
-45
-33
-108
-36
-12
188
41
-80
-140
70
-55
7
-23
-27
44
41
9
176
86
-66
96
22
57
-31
30
-184
81
9
-72
-72
10
-164
158
91
16
116
-33
-4
61
14
81
27
-1
-8
117
-99
78
94
27
-73
51
-81
-45
-58
70
-108
55
-247
122
106
3
-32
21
118
7
31
-82
31
-125
9
-156
-92
-151
-98
-154
118
163
-11
-87
-39
-26
-80
-1
-61
43
-106
28
132
53
3
-26
-207
224
-26
92
-182
-170
88
-27
47
-17
-21
13
74
127
-4
131
-15
-45
-4
-37
104
2
75
-63
182
16
-7
83
136
32
114
139
25
39
-23
-49
-91
-7
23
153
131
23
-65
197
-192
-86
13
-65
22
203
-59
-78
-31
-50
-79
71
20
-30
25
42
89
92
-173
-34
-92
122
-33
50
157
8
123
-58
20
-22
-97
-3
-106
30
111
219
-155
3
19
24
134
-7
-46
-59
11
109
45
-39
-96
-113
-94
75
2
7
-34
92
46
29
32
-23
-17
-29
-46
143
-46
16
202
22
94
60
-34
-56
-166
-2
23
81
-102
0
75
-5
247
171
76
75
-6
155
-21
-158
-8
97
-79
-175
-18
-105
-55
-94
61
-29
-210
-72
-24
42
48
-60
113
-62
87
126
50
127
144
-105
161
42
-130
3
-56
148
-102
-59
-93
35
-43
-63
126
-5
-63
93
-91
-93
29
90
-33
-83
-229
124
-25
-31
20
117
-161
-34
9
-62
-14
-78
-116
62
-76
-33
-144
-4
35
-6
79
-9
-29
-191
2
-128
56
-114
28
9
91
-9
-74
28
-88
-110
126
-68
-5
-92
23
-129
-46
13
34
-157
-10
27
61
-111
-13
-37
-68
-13
9
94
16
-39
15
-133
69
47
82
-103
41
124
-78
1
40
-14
-23
135
168
32
-121
-22
49
69
94
105
-73
-241
-75
-28
158
-55
-111
-69
150
-4
-140
31
-151
-123
165
42
72
-74
71
-60
-37
157
172
-69
96
-9
131
22
100
18
79
60
-22
-103
102
93
-5
21
-22
-38
-87
106
-53
135
-63
-90
30
89
-92
-77
110
82
73
2
14
37
-30
26
-98
19
-122
-74
-162
76
-93
-50
6
-49
188
197
14
152
21
45
-142
-109
1
-47
-23
-36
-112
148
73
-105
54
-190
-69
-17
-177
111
-181
-89
63
38
24
90
143
-101
-88
-39
31
-49
-118
129
84
-25
-190
-137
89
301
21
60
1
-68
-37
-191
131
-116
52
52
145
-20
-43
21
-129
95
13
6
26
-132
97
-36
-43
117
243
-54
-106
99
46
-10
-55
-134
-74
-12
-19
-56
235
45
-82
53
-118
-163
199
128
-44
120
-113
-75
-120
81
-118
-234
75
-249
-75
-108
-108
-36
-232
5
175
-28
-204
-29
40
49
-14
44
-15
141
-45
-25
61
-43
-27
-8
28
127
146
-5
290
-13
-193
-51
-119
173
53
148
-78
-17
69
-19
-34
113
16
71
134
55
-98
17
239
179
147
-210
18
-118
6
138
-170
91
28
-90
61
-54
184
-97
165
-42
56
91
37
13
54
-108
39
-53
-53
188
145
152
-23
-53
-4
34
124
-40
-19
-93
-154
-36
126
-55
-157
65
102
-79
47
74
18
-31
12
6
25
-124
-27
-32
-10
-100
9
92
-182
-95
34
101
112
-6
37
-136
-153
27
-82
-67
50
-46
120
173
97
-16
-8
97
-175
-51
-25
86
-117
-43
-109
-73
53
7
84
64
-12
157
54
-15
217
-112
4
-12
-104
-164
-226
-10
-46
122
94
-123
-81
33
29
21
-92
-103
93
-168
-74
29
-35
-187
107
-47
-184
-116
103
-50
-56
129
46
-8
8
8
13
-92
134
-16
-42
-97
-66
168
-72
-7
-4
11
102
-189
42
-59
-113
-11
-149
-42
26
-139
2
-28
22
48
40
-84
-71
-22
-149
-130
71
113
67
-136
3
47
-39
90
11
-165
-158
48
45
-81
-205
-76
47
228
-102
-198
-19
3
-111
-105
20
30
196
-122
130
-44
126
-93
23
78
53
20
44
-167
22
-18
5
29
-81
-38
94
-34
87
-13
-21
-54
-238
17
55
96
117
60
-63
-160
-219
-233
133
17
184
-6
68
-254
-212
32
40
-191
-8
-46
-7
-19
-85
37
-52
163
-37
138
-123
-105
-42
143
120
-68
-67
41
158
-130
9
9
40
-32
6
-128
32
-15
0
-87
84
42
-13
97
-78
36
156
-66
75
0
95
-62
-34
46
-34
-39
66
13
165
-92
-250
-69
186
114
-72
110
59
-49
-82
168
-15
52
-130
78
-18
-128
205
39
-139
-95
-149
59
-235
-106
77
-38
-186
-38
56
-41
-13
25
-74
80
68
-200
138
318
146
-7
87
70
146
-44
-140
-98
-45
-57
89
-15
2
54
-14
6
-54
-158
157
-83
-121
30
48
1
23
15
-59
-140
52
-85
-61
7
-27
78
-165
-153
-90
-22
-14
40
29
64
29
18
79
-222
105
-135
11
-30
-84
105
5
-26
-52
-99
-15
99
112
32
20
214
24
-66
-64
-75
-29
157
-123
93
183
121
66
-55
-149
37
0
113
-35
26
63
94
127
-15
48
-126
-139
-80
52
232
-99
1
-38
24
115
21
-61
-198
26
87
30
56
-149
-31
-68
-78
-12
46
-220
4
-99
-102
88
39
-90
53
-30
52
216
40
127
6
271
44
62
57
47
-151
146
102
19
-77
-131
-188
85
21
-44
94
68
104
-132
29
136
118
27
-80
-8
-122
-92
80
43
133
45
61
172
-144
-57
122
90
98
70
-8
-1
130
48
-150
91
33
-26
-13
145
83
-123
83
-165
59
-76
163
22
58
180
-21
-44
-34
-70
-8
-6
-28
-32
-37
81
134
-113
47
63
110
-16
-22
-48
34
21
81
67
132
81
-59
144
31
-68
117
191
-56
115
-92
62
35
-227
247
116
-64
-137
-104
75
57
-38
-79
-32
23
-96
42
-121
19
135
44
-90
102
150
-170
-96
33
-131
51
-284
80
45
-57
78
-60
-32
-12
-12
188
-187
-30
14
-5
79
159
87
161
-81
-32
45
-56
-75
97
35
162
29
72
33
-28
-19
60
-91
-160
-31
-35
91
232
-2
13
-117
-8
21
22
-109
-61
7
143
180
-43
-89
-169
-78
48
-88
-3
-49
156
-22
-7
102
1
-120
127
-154
-115
81
-3
-32
153
36
131
-88
200
56
-126
-51
155
-7
154
56
-96
-218
75
-22
-75
-107
149
-128
147
-191
78
135
-12
109
-40
-29
13
55
65
59
-69
2
81
1
-1
-156
119
296
-78
27
49
-65
49
-22
57
99
22
69
89
213
-201
-49
-39
107
-38
-55
-45
-151
103
-19
-182
-107
-262
-34
-23
-41
-55
-88
31
-16
-23
-64
5
92
-106
-60
56
-3
139
-86
-192
100
26
-19
-37
56
32
-179
-41
86
-51
8
34
-89
78
-46
-34
32
0
-140
118
-16
34
-10
103
-132
-30
119
-85
-32
-149
-17
12
17
-153
-6
202
95
-2
156
0
33
64
-54
164
7
-103
-11
141
-7
-162
121
-48
-71
39
-68
-144
113
31
-20
-142
-187
75
-45
-125
15
-98
-73
57
138
4
-194
132
25
104
-180
47
6
181
-40
-91
-27
172
-48
-31
-40
-75
-54
-153
20
-52
-173
-18
-91
8
160
-88
-25
-51
72
91
132
124
12
24
-6
-199
80
29
75
30
97
61
88
24
-46
-63
180
68
-25
5
-84
288
-13
-145
-96
-195
82
34
-19
48
11
201
-139
33
-86
-23
-95
-109
103
84
-122
-58
2
19
-57
36
107
74
69
-78
107
71
45
-69
56
-214
-84
36
-68
-28
-9
-25
-257
-87
-101
124
115
-130
-118
-57
7
-247
-168
35
-137
-49
-26
-26
-142
30
56
123
26
-63
-88
16
23
-129
37
-65
253
40
-56
-64
-67
106
72
-34
144
81
-13
24
81
119
226
134
3
58
-58
-165
-99
241
125
-88
8
-138
-157
-46
-47
74
-124
66
85
-43
-104
-80
-117
-171
177
74
-78
-231
-109
-21
169
-25
-82
113
23
-72
-61
71
-100
-31
164
63
-48
194
164
-83
-83
-84
31
-136
148
96
-125
-3
120
-101
52
41
-157
5
64
-18
-20
-238
-274
-9
-255
11
-112
66
81
259
48
117
-2
88
230
17
-65
83
14
-43
6
18
-99
41
2
-25
153
-89
38
-35
-51
-7
-54
102
53
-186
-172
-23
128
39
-45
-96
33
138
30
-33
-50
-177
21
-120
-5
-5
107
30
-117
31
-61
58
33
-229
54
-201
41
12
-72
152
-23
-52
132
181
99
29
-18
-140
-53
7
128
138
11
74
-92
115
-176
-204
-127
28
45
-11
22
-25
28
-25
52
-65
5
-131
-111
-78
37
-5
-36
-90
29
150
159
87
-84
-9
162
-140
193
68
138
-15
141
-21
-95
41
-64
-127
-39
13
111
-51
-90
-39
-40
110
-42
-85
33
49
148
-44
22
-26
5
-3
31
-95
-16
47
-163
-41
-163
26
128
-11
-39
-4
80
86
7
-70
49
101
37
-125
-211
124
-8
-71
-87
122
-1
63
87
2
86
-123
-25
-182
32
252
-89
-61
-180
-19
-18
-139
85
8
-34
57
-83
58
168
-4
-61
-59
-82
189
-20
-72
-142
114
-12
145
-3
-182
-87
43
-106
179
-236
-125
-67
110
57
-144
73
56
-26
60
-63
-108
-100
-72
175
34
10
-88
-33
-170
41
98
-17
153
-21
73
-55
-141
130
-68
20
-84
142
-97
-120
2
-111
38
156
143
-93
-39
15
90
-29
-67
6
124
51
-35
83
-33
93
116
-156
-165
-222
-50
3
-139
174
-89
-63
-188
-185
-31
140
-68
-70
-57
60
-151
-93
21
-63
-124
45
76
37
22
-64
41
-1
3
98
113
-67
122
-171
-29
-105
36
-26
-25
34
-60
112
-28
-102
-79
21
63
-113
-164
135
77
-65
155
90
20
1
23
-138
-113
-61
-169
16
-54
-78
55
86
-143
-12
11
-92
2
-23
8
99
130
7
71
-68
-22
72
43
55
-42
81
78
-160
13
130
-176
58
-2
-173
-11
93
45
-108
43
-5
-43
132
-62
-117
-194
12
-117
98
-54
-88
156
81
-33
-8
-48
187
77
-239
244
-15
-80
35
87
140
3
71
22
49
11
-78
-78
-23
-148
-57
179
3
62
100
-65
-25
-191
-138
-27
105
-8
87
-9
-164
-136
31
5
3
160
13
-98
35
72
-37
8
135
-182
155
-45
31
44
51
-59
-10
120
24
-213
-256
68
91
21
153
-91
106
107
1
-179
-4
-34
-93
-69
53
-2
-37
18
-73
119
-4
45
49
-101
-161
49
-226
28
1
125
39
19
89
88
-26
176
171
-93
-109
122
41
77
-25
-236
107
1
-5
70
180
232
-5
-47
-113
160
50
13
-33
152
40
-103
44
70
87
105
-257
202
1
-16
-33
-19
-6
73
12
-76
73
118
-55
6
-159
-102
-61
95
56
43
9
182
-217
7
72
51
-93
-63
-50
-233
-213
18
-12
-44
50
239
66
-166
8
20
-3
-133
44
-10
24
-28
23
29
-39
-29
-201
-22
-5
176
146
40
-139
-7
143
-161
93
-26
-4
-26
-126
-32
145
87
57
-243
-153
123
-31
121
34
16
-38
-177
-8
-124
-166
-84
-59
59
-60
-91
-35
26
-6
-145
83
10
0
-164
65
174
42
5
18
93
4
229
-38
169
-225
-171
-30
-6
94
-72
-148
53
-60
188
-54
-84
201
-84
-58
1
48
-66
113
3
-136
-18
29
-27
98
162
125
-63
86
-61
10
102
-144
139
115
87
-133
-9
223
-44
-162
182
-22
-61
-19
-40
-116
100
-48
-144
-380
-105
-138
-3
-19
-79
118
-31
-50
34
-1
-203
109
-55
-6
53
132
-84
60
97
-175
-70
43
169
-158
-37
-80
-34
-138
246
22
9
28
-66
-152
-23
56
73
15
-57
-20
-77
-83
9
-49
85
-100
-180
67
138
-129
-47
-89
121
-82
170
-173
-132
66
-55
-20
35
-148
81
112
-39
42
25
-19
-117
30
-68
67
-61
-95
119
-59
-130
-80
111
-73
116
79
56
-173
2
-54
89
-54
-121
-121
-24
-106
-83
-78
-64
-113
47
-80
16
67
-24
41
64
186
5
-34
76
68
256
131
-253
83
56
114
42
-234
11
33
-87
-94
76
74
126
-18
-90
-160
84
161
65
-79
112
5
-58
85
213
-175
-26
133
-117
-2
-150
-54
93
126
-12
-133
-28
42
-37
191
20
113
73
-85
128
71
-198
-43
-241
61
-70
40
-24
270
-31
-107
44
-73
-133
-17
29
78
0
53
57
-88
-64
35
18
55
-37
-14
-28
259
34
12
50
49
56
47
31
42
26
29
-187
-172
112
65
-181
41
134
-91
23
31
217
72
-5
30
-27
10
-50
-56
-195
-180
123
15
-43
174
-40
155
38
-70
86
-48
-50
-14
-74
98
-151
-20
-26
61
18
-194
86
-246
-10
-119
-116
-40
-48
43
19
-82
101
184
-7
-11
-10
73
-9
-90
154
-103
-235
149
-133
251
-8
-43
-145
-178
148
66
81
-161
36
30
84
-113
35
-26
210
71
34
84
-57
-70
-45
117
-88
92
-158
-200
166
143
-111
-16
47
113
-68
-3
-57
-67
-79
42
-143
-51
78
-15
-52
-84
-3
67
-42
76
98
20
91
-136
-65
49
-59
-125
-3
204
-38
191
-147
160
13
-84
-148
-30
3
35
-19
201
-105
-59
-69
-158
66
88
70
-96
-134
-37
-39
-83
41
55
43
-23
192
34
-77
-82
98
-98
-188
69
-24
95
-78
-54
-22
-99
29
-176
138
34
-46
50
75
-148
154
-138
-5
-136
169
-65
40
108
-155
-33
36
4
-221
86
23
-137
-104
-70
25
-171
36
-141
78
25
-51
156
336
167
-247
-142
122
35
12
-72
-26
-58
-89
17
82
-94
70
-39
70
42
71
-79
-19
-89
-67
-203
-3
-54
35
88
-124
-50
21
-1
-23
-46
155
15
112
-32
-22
-177
-14
-199
89
-211
-165
148
91
-168
-13
-97
-79
-13
-96
106
-130
13
-77
-29
-111
178
67
82
-23
-145
21
31
-33
20
35
-35
220
71
-124
70
-45
60
-9
-245
-38
-27
-93
-7
8
-185
161
213
35
-15
-22
-207
-134
-66
77
257
-100
89
-187
60
143
-31
-65
-58
-76
2
70
105
-66
-83
96
-82
-121
-16
53
22
25
107
-45
23
-85
-153
95
-131
-14
225
59
111
118
152
-1
38
192
37
-44
-133
3
-100
168
49
-164
-105
-21
-24
-14
-88
-70
-56
-27
-150
-152
69
54
13
-80
-77
-257
-43
-7
117
-11
-160
42
-73
81
66
105
342
92
-61
118
235
-55
31
-115
-15
22
-42
8
173
32
-74
-77
37
-80
79
131
-46
-29
-17
-200
-6
10
-53
104
-81
-63
113
21
223
-139
-90
152
208
-79
-36
20
-158
84
88
-162
-128
-95
-238
2
-18
21
37
-2
68
-11
37
-57
22
47
-145
-85
-17
-130
39
66
-69
59
87
-104
-116
-32
-35
-18
7
-108
56
0
1
-79
-92
116
151
-11
65
82
-40
91
-153
79
117
283
49
27
60
-227
-14
-55
-129
133
21
33
-84
-101
-122
83
-90
155
-83
106
78
34
72
94
-171
-36
-27
-102
-145
-58
56
63
71
-73
-92
72
-100
194
-74
54
-80
87
-29
-108
-48
38
-79
-31
-150
33
-87
50
-59
227
11
8
12
-82
-56
-74
76
-101
34
-56
-152
203
29
-87
-27
34
125
114
94
-128
-14
-24
-54
60
-40
141
108
-49
183
143
20
-96
-54
117
-43
-78
-101
-120
-70
113
-2
-222
-32
-40
-70
-90
-128
-75
65
-17
-18
-79
-67
16
-25
-150
-99
-132
126
-39
-1
20
162
0
50
-105
-97
-4
27
3
-152
-102
-23
11
-104
206
-58
79
-19
119
76
104
-10
90
-42
191
18
135
81
-102
230
53
-211
-77
-88
62
-19
-17
17
-102
54
-87
82
13
-5
115
43
-39
236
-104
-18
268
-84
67
-149
92
-158
14
177
106
-2
-2
14
113
-65
-32
91
-107
8
-70
113
-107
-22
118
0
-25
15
-125
-147
-4
-93
69
17
-13
-242
59
-28
-20
17
140
35
56
52
-27
-109
41
56
79
100
22
-18
-122
24
113
-62
-41
18
135
-279
26
168
-55
188
-75
-141
182
-14
-57
-22
-65
-70
9
-14
104
-31
-13
-212
40
-47
43
-115
37
-24
-112
-112
148
-14
12
-5
24
-61
64
-66
99
-158
-29
-29
36
-202
-73
111
-5
49
-73
-115
128
-137
-68
231
106
9
51
-127
70
-61
36
71
23
79
49
-70
16
-67
58
43
117
113
123
122
152
-51
-19
-122
-64
65
-35
12
40
111
-32
210
125
84
-77
-174
-189
-76
49
-197
-2
-19
175
33
66
32
47
23
79
-16
-179
-72
78
-194
-145
-22
-242
-92
104
-1
-63
-116
19
-2
22
-38
-226
-21
78
48
233
62
61
73
374
-236
185
174
23
-1
12
23
15
56
7
82
158
7
-51
152
-80
-2
89
149
43
188
-119
-128
133
-101
-132
186
-61
9
57
81
-89
40
45
0
-56
-99
-88
4
293
114
113
-43
64
-155
25
-6
44
-139
81
-76
-115
-105
-87
-20
105
102
66
40
-22
-164
40
-23
-34
105
3
83
165
-177
46
45
110
11
-52
46
198
-127
-93
-141
23
56
-217
-75
5
-43
-32
-67
-48
-92
-51
-15
-5
-142
-207
-12
-124
-115
-19
-78
-87
-34
12
130
6
44
-9
-44
23
-25
20
-91
76
5
16
102
-62
48
12
-48
218
38
73
-18
-24
-211
45
179
-290
99
-183
-45
-87
173
-169
-26
4
100
-91
61
-22
-30
33
33
-53
-242
-15
-36
11
-22
103
51
-6
-69
26
-70
-52
-35
-176
-221
14
29
-138
24
72
198
-142
-64
80
-37
-68
110
-200
64
-79
-8
-54
217
71
125
-39
-70
34
55
-152
9
-129
-99
-34
-85
-77
141
-84
162
2
181
25
11
-100
-51
-58
32
-90
-229
-85
-77
-65
0
98
-18
-25
-187
14
-108
96
-51
-82
-37
-137
-191
283
-33
210
-115
-175
-28
109
192
46
-18
63
-35
-127
79
72
112
-57
51
42
-73
72
69
-115
15
-191
213
187
-124
-74
118
-106
-125
-68
-60
-99
3
91
-96
-108
127
71
4
18
43
-89
-324
88
-115
-1
65
70
49
164
90
20
85
28
212
30
-27
56
217
26
-4
-104
87
-187
-29
118
-9
-105
48
131
-10
46
67
-21
92
-148
-105
-32
-131
0
16
-80
-173
57
-27
82
-96
65
21
-13
-7
-8
65
-38
-139
-28
55
102
-204
-171
-18
63
132
15
-8
67
66
21
194
91
-6
61
-107
48
87
118
-44
148
70
-63
-48
-21
109
-56
-80
65
-92
-134
91
-26
22
-3
14
-20
3
-50
33
4
-47
-128
40
-74
51
-101
-134
-27
53
0
-26
-160
35
63
-49
21
-41
95
-151
-34
29
122
102
-104
-182
-87
-177
-42
97
72
95
-79
-119
-26
202
50
42
-15
-58
33
-94
19
81
176
181
13
-161
5
193
149
-68
-7
199
79
23
-131
-57
-17
18
-209
-25
-60
25
127
0
155
-71
153
-19
-53
-164
101
-43
74
186
-115
-11
-16
188
63
-68
-32
-36
29
246
48
7
3
93
64
-91
87
-130
33
-50
-146
-122
-93
-118
118
141
-54
-31
-39
65
57
44
-71
255
-134
180
74
111
-138
40
47
-51
21
5
-302
-87
7
-1
-104
5
-28
126
11
-163
-96
-44
-89
-54
-30
-30
-91
-8
20
488
-56
184
-99
-92
164
-46
116
-98
-93
-107
-23
-6
-67
140
89
54
112
-14
180
69
-116
132
-22
61
102
-21
-41
185
-178
-55
117
-62
-15
-167
138
-72
32
-9
-189
-17
-77
-18
76
117
-41
-12
173
-72
-88
97
-73
130
-7
-49
87
-41
30
16
-11
-220
66
101
-100
-85
-20
77
-40
-33
125
-69
-75
64
-79
93
19
14
54
-96
174
-129
-177
-33
-145
167
88
134
195
91
15
-100
-91
-65
120
78
-188
16
-198
-70
-124
-30
-44
-174
42
151
197
107
-9
-18
-30
-219
41
-100
105
-11
29
-52
-71
-68
1
200
17
42
-15
36
23
-54
-92
172
77
80
-226
-161
116
2
-108
-56
18
-136
-94
-128
88
-170
157
45
-48
79
65
-79
26
69
2
-27
121
-117
-59
-60
83
5
-19
62
-71
8
83
-130
-83
-98
60
-182
87
-35
19
-49
40
143
64
-1
-30
19
-79
-50
-21
25
68
-105
203
-70
-32
63
140
29
51
-74
30
0
134
-17
84
99
-9
50
0
63
-84
-3
-48
32
119
-99
-67
222
147
-47
-67
90
-34
297
12
173
-87
104
129
-191
-119
-129
105
390
36
80
54
45
146
104
57
-60
145
-29
11
9
-31
-111
-5
-106
18
129
67
-21
-213
-152
24
-29
146
-27
-22
-23
139
77
-6
3
-123
-125
54
150
4
-5
-34
-67
7
46
64
100
172
-15
-18
61
8
53
8
108
97
18
-40
123
62
-48
173
-140
-135
-60
-41
-62
-4
-16
57
100
-146
-4
46
0
-64
-28
110
-19
-130
-30
222
21
9
143
-111
-212
59
159
-160
-105
-50
-11
-110
-141
-79
-2
69
-12
48
163
165
-3
-35
90
-21
-98
216
94
-90
-37
-33
131
20
-64
-59
136
143
-12
-74
-108
145
42
-113
141
166
125
101
98
-18
-42
-140
17
193
-69
82
94
-155
-55
-80
37
113
-56
-44
109
-1
-75
97
-49
79
-9
44
8
-10
4
-65
122
-151
68
-29
-206
-7
-23
-55
-49
-101
88
71
-70
106
73
-66
71
-14
70
-27
-31
-100
71
-59
119
-182
62
43
0
-23
161
-35
35
-38
79
-37
-15
79
-174
-22
-3
40
70
-54
-9
-29
199
-61
-20
32
21
110
55
139
30
-185
122
-20
-79
-60
9
222
-247
-19
102
-125
73
-133
-33
-76
-113
-51
152
13
46
-69
68
-230
11
-10
53
9
70
-210
-36
-126
8
140
-305
-39
103
-61
94
-53
-6
144
101
-109
-30
133
-109
67
86
-120
73
-142
-38
-178
-186
7
48
80
-45
12
107
-33
-5
132
195
-150
182
-80
-160
-227
-72
13
142
46
-216
119
-144
-168
33
0
93
-92
25
-5
-179
79
-74
-8
177
-79
51
-64
3
94
-183
-31
-152
-143
-134
-4
6
-23
167
16
-195
99
-89
51
68
93
82
185
-100
93
-68
-166
9
-34
-95
-80
52
-92
-95
163
-125
11
200
27
-110
-152
59
137
-51
-20
25
6
141
92
-128
140
72
168
29
71
4
-189
173
-12
81
-43
-67
65
-122
20
-125
21
9
10
-33
-5
-70
-39
106
157
-144
98
157
15
75
-98
-21
110
39
-3
20
-73
44
108
-48
-169
144
-125
12
-41
44
11
38
145
-64
121
-195
50
-143
71
-108
-176
-111
111
-44
-22
120
23
6
5
-96
110
-97
159
18
-23
89
168
295
-49
-125
72
-41
-79
-103
228
36
55
62
11
4
110
88
-39
264
54
9
209
-164
50
105
11
39
5
-152
35
-133
111
-119
84
58
124
-226
-37
-15
32
-18
-102
131
25
-81
-118
59
97
51
-123
113
55
-54
107
23
-64
45
-109
-39
-22
-56
26
-70
61
38
23
9
189
-53
155
-107
12
-212
94
-245
-1
69
161
42
1
-174
22
-18
-72
-116
-112
-136
-76
-36
96
-85
-119
70
-39
115
211
-83
-23
132
-38
-51
21
121
65
-13
38
-3
120
-100
-62
-79
1
36
33
-53
-21
130
71
154
-88
46
122
62
-207
82
-30
-81
189
-46
-61
-45
159
-107
-7
94
66
-134
94
196
-21
-255
31
-138
62
-165
155
-40
27
36
145
147
-27
119
53
65
102
33
148
-98
8
127
71
-3
-56
-57
115
-79
-60
52
10
15
-118
-98
67
85
-35
175
10
-92
107
-103
24
3
106
30
-191
21
17
3
61
-142
95
-94
-178
230
-60
-124
-346
84
64
-50
38
-29
15
-76
-141
-57
-81
-164
-92
32
-109
-26
239
12
201
44
140
-7
48
-10
237
69
-141
-60
74
-112
-107
-67
-34
-29
13
-15
-25
173
-93
-67
8
-178
-90
-48
143
23
-95
-87
13
-62
-36
-78
-115
16
-126
175
-103
-41
-51
-213
17
-102
-114
78
52
118
-153
-42
182
-11
22
175
-118
-197
36
-32
-32
-13
51
-33
-42
105
10
29
136
34
12
-137
138
-43
29
71
235
114
24
37
-3
-1
-141
128
-13
98
35
-50
-97
-114
67
14
-85
137
62
-130
-73
59
-259
206
21
-109
38
-32
-82
-49
93
-127
-39
11
-2
-12
28
-148
-20
-100
-11
1
-150
-106
-51
-61
48
-59
-182
78
-37
3
-1
-36
-12
184
-97
205
7
-232
56
-70
111
12
12
-122
-91
-59
-54
-46
207
184
4
112
46
7
-2
-194
-33
-45
4
164
-23
133
-5
129
193
31
-9
33
-168
133
86
102
-226
108
-29
-64
74
22
-68
30
49
69
-27
180
203
-176
72
41
74
55
-37
-95
17
31
157
47
1
-82
-16
9
86
-6
175
-23
-67
-37
27
-115
-74
-3
-88
52
70
-174
-29
-103
12
102
81
-71
-44
-94
28
-83
146
36
89
-103
-25
-10
130
-15
57
61
-124
48
-109
14
-85
-41
18
108
-96
-124
141
8
91
79
-5
68
-113
9
258
-71
211
51
-216
21
139
42
3
88
46
85
-85
-132
60
131
-62
-36
64
-188
69
-37
-84
17
-31
22
-73
-2
21
121
-39
-64
-97
-39
34
36
48
-129
-74
163
16
180
166
31
121
-137
-38
70
126
62
190
24
85
23
-163
-2
57
-113
-140
-19
-164
36
175
21
40
-154
50
82
116
42
-41
57
-33
-134
37
93
-148
128
-55
1
-87
39
-130
81
