25 60 121
0 5
0 11
0 14
0 23
0 24
1 10
2 4
3 1
3 13
4 5
4 7
4 16
4 18
5 9
5 24
6 7
8 9
8 13
9 3
9 17
10 7
11 9
11 24
12 2
12 11
12 21
12 23
13 6
13 7
13 13
13 21
14 1
15 3
15 23
16 1
16 15
16 20
17 23
18 14
18 20
18 24
19 11
19 13
19 17
19 19
20 4
20 6
20 17
20 19
21 10
21 18
21 20
22 4
22 10
22 18
23 0
23 5
24 6
24 11
24 17
24
7
33
37
13
43
0
4
42
39
17
56
41
58
22
30
44
5
6
59
29
2
10
40
8
53
49
34
57
21
35
55
23
46
38
47
50
28
3
48
1
26
36
32
52
14
54
27
19
25
15
45
51
9
11
18
31
16
20
12
-195
332
-197
-142
-171
57
32
68
24
62
-53
172
108
162
-24
-167
46
36
-133
95
94
98
-85
32
67
-33
-132
73
25
-64
-135
-192
-64
-6
43
1
3
-34
67
-121
142
39
30
-59
-19
-265
-91
-31
7
169
-61
74
208
106
-57
226
-18
315
-308
-99
-18
-15
234
-83
-62
88
21
79
120
59
-197
-3
122
30
-35
-17
-76
-113
-210
191
-41
-13
142
-252
-9
-38
-18
-111
85
135
-203
-97
72
-147
17
49
32
-246
84
-4
71
87
78
222
-75
-104
107
-157
188
-146
31
-45
-216
-99
85
21
20
-62
-137
-59
125
92
70
6
285
21
-285
-130
30
111
204
48
36
-20
-52
-17
51
-33
-47
14
-178
78
-52
127
-171
5
-93
-11
176
-123
125
-54
30
-227
-56
-212
52
137
-15
-91
49
106
114
-95
-84
3
131
5
-11
-157
63
-56
-196
116
125
3
-102
79
30
0
-1
-47
-34
-160
74
-178
119
51
-60
37
162
22
51
147
-34
-156
51
73
215
-103
200
-11
252
113
47
-121
3
-216
328
129
5
110
-101
87
-29
139
-92
15
83
32
-133
-92
-6
17
126
78
-41
107
-162
-140
32
-9
-125
108
82
62
-30
189
-86
-262
244
-46
125
46
-13
5
-188
-69
-124
63
149
200
-33
-64
-91
51
-42
-231
-84
72
-6
-358
-40
-306
245
113
-8
-82
-88
57
52
-124
-43
130
-161
-65
-20
192
73
175
48
12
144
-88
-101
-109
-155
-98
-50
30
25
-90
-49
-38
-86
-70
-41
-80
8
-89
49
7
-99
-158
18
-127
-82
143
182
-98
66
-17
199
11
-97
-58
32
27
-121
-79
104
209
-65
186
-146
59
-100
72
-383
-92
-72
4
-26
129
30
-265
-194
168
-90
78
-77
96
-82
91
-253
104
114
-120
-62
19
237
161
78
56
125
102
-265
81
-16
-123
-46
-2
153
4
-121
160
-79
-350
68
110
139
-8
-243
-80
167
98
-79
44
-20
86
26
-141
-219
-6
47
-195
-103
-57
18
-136
-78
-97
69
83
-78
36
75
-162
-45
-99
-168
71
-184
-89
192
-2
-8
93
74
54
214
17
80
2
106
73
116
-149
-16
-15
-14
44
205
204
5
-74
-84
123
-8
-182
-44
49
224
73
-226
-10
-80
23
128
57
-268
-118
173
22
-53
213
-13
207
-218
-95
-241
79
-93
120
-209
67
48
-119
62
187
26
25
-84
190
243
-29
309
89
-140
123
80
-91
69
-13
-206
-84
-149
60
-29
-31
197
46
35
52
-64
-24
244
-2
92
-156
149
-96
-315
-38
-35
9
79
-232
-155
85
-107
189
-44
-208
27
156
-82
-65
48
8
8
88
-91
77
268
115
-62
-189
-64
-85
142
109
-124
4
-107
104
89
158
-170
-66
45
83
49
-73
98
-114
-213
-42
-9
24
-30
183
-76
-74
191
-50
50
43
-52
248
298
-166
95
107
-16
25
126
-86
-149
5
-179
-29
84
123
-166
33
99
-68
33
9
-116
19
-70
-204
217
27
-4
171
170
33
-36
45
46
-81
60
70
-175
15
0
54
158
42
46
41
89
-168
-58
-10
20
-220
61
37
-83
139
47
-266
152
7
-40
-73
-113
-249
37
43
-97
99
-10
33
-100
46
100
-8
58
30
89
231
165
25
148
161
42
-20
35
-80
-76
-79
-100
-20
91
23
4
-173
-56
-113
-169
-153
19
-150
-111
-12
-252
62
-15
224
-39
111
163
-17
68
-113
15
160
60
-71
-136
-22
-6
-65
196
186
167
-29
-20
-40
-37
95
-60
98
147
-150
90
158
64
113
-44
-225
50
-101
58
79
-166
-31
62
113
-52
14
-160
57
191
-34
91
-12
175
71
-62
-131
102
-30
-46
144
-70
171
-55
-92
206
-267
-141
-155
-133
-74
-65
-12
-36
-154
20
67
-156
302
-61
158
-138
38
14
-12
-79
-129
10
196
13
88
220
104
-33
178
142
135
-42
164
-51
287
-154
-27
-18
-104
-92
84
-22
72
20
-99
-36
-17
47
183
69
92
55
-147
-252
-33
-206
88
-157
59
44
-82
-9
-221
-74
-95
3
-100
-103
-181
-34
-198
186
-146
-120
-189
86
311
302
-51
-147
26
21
58
-96
8
57
-45
-208
190
-33
51
43
35
-133
-125
118
26
-25
40
-19
105
169
48
79
-104
24
32
-66
88
42
105
-111
-154
51
22
-63
17
5
-28
35
19
41
-55
33
109
-43
-33
-32
223
-136
133
-37
67
49
80
82
184
-27
1
-107
135
-184
-267
10
-49
117
180
66
-223
95
27
9
18
1
77
-37
9
65
0
-204
-62
166
125
-9
111
-86
-93
0
-234
143
-127
-168
-61
157
187
-137
130
-67
110
-168
44
28
-104
-59
135
-89
-223
65
-353
-20
175
-18
198
91
-177
118
-47
-116
165
100
-314
56
-1
-90
-54
-64
15
48
-78
-79
134
17
-28
-112
-184
66
257
-57
-129
189
0
102
101
-81
-23
137
239
-47
67
20
-200
45
100
-164
249
180
-138
-53
21
-23
171
141
-403
-10
-153
-3
-142
-55
-29
-191
-171
-19
-124
-4
100
192
-131
264
-149
-27
124
-47
-25
-289
153
-221
-136
-8
-158
0
-171
147
82
-233
-108
130
116
88
0
-43
320
-112
-45
-54
-6
-13
-20
-260
-15
207
-109
-160
-34
85
-50
-89
189
131
-136
85
-96
57
8
45
-24
-30
186
111
53
-129
-185
98
69
156
-69
196
-113
-198
-22
-33
79
-21
36
76
293
122
43
-38
-89
51
-148
-54
-24
130
42
-135
-13
127
-327
-52
87
304
59
50
156
200
-59
-185
46
82
-37
-200
-159
161
45
78
-52
-40
54
119
202
-122
384
-126
33
144
-90
52
-44
66
17
162
1
-113
99
195
108
56
15
166
-64
-316
-8
30
73
-25
-50
105
142
-123
-219
152
-65
-202
180
-82
18
-49
-151
134
6
-91
115
27
-23
147
-77
39
83
-4
63
-132
-9
-14
217
181
-165
-268
-29
120
-191
-64
122
200
134
-194
176
-79
-207
58
-47
87
-28
169
402
115
-150
-121
-100
-175
50
-13
223
-232
-52
14
37
-91
-47
-20
-27
1
-1
-144
-1
-15
-64
89
84
-98
147
36
-68
67
-138
333
16
-19
-176
129
40
224
207
177
39
-47
70
144
22
70
54
-41
85
247
84
-236
56
137
80
-75
-155
4
-31
-113
-68
237
302
130
-162
249
-116
1
169
-25
96
36
-39
-73
133
-104
-145
40
148
269
50
141
120
-40
249
41
235
-339
-39
-268
116
93
138
-134
47
-28
75
211
35
15
-206
-14
-159
29
0
-86
100
-121
185
168
-124
30
-55
-84
106
-164
-167
52
-3
50
-47
64
-226
-99
12
103
29
-40
-38
-46
171
126
71
16
-276
83
223
-171
-114
-180
48
-369
71
-118
-112
104
-209
133
148
-173
59
-23
-44
-3
-40
23
106
-139
-3
61
-54
-176
-163
91
-178
-54
76
126
13
19
34
-6
38
89
192
36
-142
-89
154
52
-208
-141
145
-78
122
121
143
6
-31
36
-80
148
-13
-21
181
48
11
177
-83
-151
134
-94
27
63
37
56
27
-31
34
-15
-63
-276
-147
-205
107
-33
23
109
32
22
-72
51
-208
-125
121
-125
132
129
-47
-49
-69
54
292
-10
-20
8
11
-86
158
-116
206
-44
-48
53
-235
-52
135
-18
-68
161
-46
-162
15
248
-40
-20
-111
-39
29
119
-34
-93
-44
48
0
-99
210
36
39
-77
102
255
-229
-172
302
-226
27
58
-45
67
-148
193
54
140
-165
-194
176
212
-85
141
101
-171
56
-36
-59
12
37
-127
200
-89
69
20
37
118
34
-16
-66
234
11
-89
-146
-16
32
40
96
-53
-213
109
149
27
-62
-127
-113
261
-79
3
-45
-51
49
-186
-299
19
-14
129
113
-252
-79
-33
-101
-61
-105
175
119
-42
-80
-209
128
-87
-142
146
20
-130
-49
-202
-91
-22
188
0
-119
68
48
-23
-9
146
-189
-101
-1
-33
82
-17
25
117
191
142
-64
-76
2
-168
12
-106
181
48
-85
44
52
-45
4
81
-89
19
297
103
20
-16
91
-19
122
-158
-94
63
23
22
90
-158
-109
13
210
4
-23
111
66
-343
46
-65
139
-31
-212
4
33
19
9
143
154
-90
167
-155
-88
52
41
70
-188
5
-88
-40
158
121
52
37
188
53
75
-25
103
34
184
57
94
-261
-129
198
74
-29
-90
-95
2
150
-26
-7
-30
15
-2
-20
-74
165
-63
56
2
131
130
27
-66
-35
-105
352
56
33
-24
-103
1
144
232
-99
247
-37
-182
-191
43
31
-46
-18
12
73
-19
-27
93
13
-333
-149
200
-138
-8
23
334
20
-119
25
-127
-66
145
-127
102
8
-21
118
-42
101
-213
132
-32
95
-40
105
16
-21
208
9
-56
-79
42
-286
-153
13
49
92
5
-199
-79
-161
181
22
-122
-27
70
-225
-82
147
-227
-358
146
-122
-221
117
180
185
-86
34
-221
-11
95
-2
-44
-93
67
16
37
-19
9
110
27
-175
85
49
-106
82
205
-113
146
-67
-72
-51
-79
30
64
-298
86
35
20
51
-9
84
-115
47
80
-66
-10
233
140
52
89
144
-194
3
-154
-3
-36
85
70
53
-225
183
-121
-29
-100
-103
220
329
-134
61
-148
60
-51
-134
-157
125
-191
39
-60
211
237
15
58
52
70
131
12
-99
-28
117
-198
152
211
198
16
-3
210
266
155
-190
-69
-180
91
-54
-14
44
80
56
163
227
206
-130
-22
-40
-230
319
-185
-13
-79
64
-18
48
-95
41
-93
-54
-59
16
-44
-85
87
230
122
61
47
10
39
-23
-156
-33
-153
-18
-140
-3
-93
115
206
192
77
-158
148
-114
-186
-133
56
-61
43
-64
190
125
77
242
-109
128
-98
-59
133
229
1
-138
155
-190
-360
-168
-75
122
-19
165
-115
-46
133
-125
-96
97
4
-33
0
176
12
-139
-215
79
73
-246
-140
-9
-88
55
-133
-84
-107
305
-61
-10
-59
-22
13
-97
-44
-9
49
-270
-150
55
143
66
-110
1
-225
98
-43
-40
-78
-401
109
-67
119
-106
-10
79
-8
-114
240
-63
-19
3
-58
69
-34
-106
-128
8
170
183
-34
112
-254
4
21
48
-4
171
-62
124
7
194
39
-14
-181
3
-101
51
-166
2
56
-41
8
61
194
-80
79
51
-21
5
-161
-70
-48
-47
-77
160
326
-209
78
-54
109
19
102
-20
142
6
-126
-31
22
67
-25
-39
-37
40
-79
87
48
82
9
-21
-191
75
2
267
-182
126
-55
23
20
-63
-16
38
161
143
151
-18
-84
-195
219
8
11
123
-17
-270
142
-63
-181
84
-86
-273
114
-90
125
-92
67
-71
-102
-209
86
-347
-137
-215
18
304
-243
97
-65
31
-122
249
-56
-33
6
16
-2
16
167
-199
-95
-139
-47
-16
166
-88
-78
132
191
-111
13
-128
-122
-43
7
185
-80
-65
-54
-319
-155
11
98
-44
-55
-97
-88
-40
-19
-194
3
-142
-84
65
5
70
-43
217
235
74
129
-16
-100
13
40
-5
-57
-74
203
-131
235
-156
49
11
-21
78
118
-120
56
109
69
-69
151
-135
45
-58
36
217
-21
42
-49
-38
-61
234
-10
-167
92
-26
-120
141
-171
12
-96
-47
12
-120
82
147
-186
-204
-97
-47
65
-79
203
82
-119
-120
-73
46
-84
-77
-56
25
-57
136
10
34
11
23
127
91
-51
97
28
-168
59
-51
83
-56
-32
-18
-32
-83
86
-17
103
106
-33
190
125
183
-99
-10
27
-7
69
-43
-154
71
97
47
29
-66
-104
-27
-68
-133
33
-95
36
-87
133
218
-19
34
56
70
-116
-35
-38
-38
182
-83
127
-23
-139
-217
-113
-210
-83
62
21
-168
92
89
18
57
-38
53
-62
-138
183
-19
-42
-50
-133
17
-60
-111
-152
60
134
55
-92
-93
134
-218
-64
197
50
-38
-386
44
58
-162
13
28
-40
-36
45
43
265
-129
-192
-49
-98
-30
120
147
-103
0
118
-7
-11
-105
53
-38
-210
-47
176
-91
203
-34
-113
153
-201
120
158
-296
49
-51
287
169
13
129
332
-21
-91
92
11
-87
70
62
-200
-68
-96
-56
-112
-134
71
104
-208
22
224
31
143
-5
-103
55
9
-61
0
338
119
-37
-7
28
-26
45
261
-110
-165
-250
-33
-220
247
83
-11
50
134
8
-85
110
195
86
-50
-337
44
311
-36
132
-25
117
-75
-48
-176
35
192
-151
-115
38
-135
-96
-98
5
-76
162
-2
183
-59
52
233
-18
-212
165
-18
16
-50
55
-54
9
13
-5
86
58
202
-89
-35
1
-92
63
-120
-50
53
-109
166
17
14
128
118
-49
7
61
243
112
-135
64
27
15
1
78
-108
-83
74
198
-40
-269
-36
43
-137
201
-56
-98
-13
-101
-114
-102
46
-6
44
94
100
33
289
-82
-43
-16
-1
0
136
-94
-49
20
25
243
-10
-13
30
57
-81
-57
-34
56
82
-200
141
50
186
25
-277
-54
382
20
-34
119
-15
-180
31
185
-14
104
56
-43
-234
-102
-159
-66
-30
-68
-30
-84
107
-85
55
-134
-45
49
-3
92
8
-7
37
130
-155
-174
183
62
-170
26
-131
208
72
36
103
-79
-83
-344
-121
158
-91
8
50
29
27
-86
-306
38
-17
-116
329
-149
92
4
-50
26
289
180
66
-104
82
249
222
242
97
-131
41
27
218
186
164
-24
-93
183
25
-225
-31
-220
24
134
-44
116
417
-6
86
-69
12
222
113
125
209
-61
-146
49
-121
93
14
-118
200
-32
-4
-84
-71
-40
-41
63
-126
-133
-196
149
-84
149
181
122
-2
-170
110
-76
26
73
60
-192
34
-219
59
-91
-8
154
-56
-80
-167
-23
59
126
45
151
-127
97
-108
-76
136
-56
-78
250
9
99
-122
-115
77
-87
-53
29
-60
163
102
63
414
-397
-1
-49
91
-11
0
-112
156
271
202
-1
115
96
39
-81
126
95
109
236
200
55
-82
93
102
177
285
-9
265
132
181
138
-193
49
97
-7
90
172
195
-166
-3
-229
133
-120
-83
38
244
140
-8
-132
128
58
22
-207
-71
-135
-56
-11
-67
-16
90
153
-174
-83
-186
70
207
-95
53
-92
95
5
130
46
85
16
8
-151
166
117
75
-90
-7
-147
-82
56
20
-40
-15
-46
-90
-104
-73
-62
-91
191
22
195
188
-145
-72
-59
63
-108
-10
7
-51
229
-75
-34
142
59
-357
35
-102
2
27
-136
69
65
133
-14
150
154
-27
33
110
-45
-137
49
-25
52
4
-140
-12
-106
31
100
-99
-2
-94
15
-195
19
56
123
27
-116
-50
105
50
140
72
-25
-15
-11
6
-49
-32
166
139
-152
186
-247
-5
22
-42
74
-131
-80
32
-97
42
-60
100
-114
-98
-75
176
31
95
220
56
-96
-87
10
-87
30
23
77
196
126
-93
-5
-197
86
-52
-78
-59
-27
-87
13
21
-45
66
222
51
-182
12
70
-101
-9
169
279
-57
-106
183
46
-103
221
-226
-122
-7
-74
-8
147
102
-274
-181
-239
-141
62
-254
-61
-74
17
-50
-151
314
-33
-76
93
-114
-20
-55
-206
-63
83
-100
103
-93
95
-135
68
94
-15
63
136
114
-42
-204
-70
-58
-77
77
90
70
140
-33
74
-33
-109
-8
137
302
-49
91
61
29
-42
176
-101
86
71
182
-47
-102
83
-20
-298
171
70
11
44
-42
98
207
-132
-105
-16
121
-46
-48
190
-314
331
216
-48
35
-52
30
86
-99
165
-63
-49
-72
-293
-71
-156
-4
103
-3
-111
63
92
-50
182
-7
281
-59
-5
-6
-86
-226
9
-83
-119
119
-96
-102
39
-244
-84
-66
-10
-144
96
-113
-4
60
103
19
-187
-8
212
55
93
-132
191
234
37
-20
-124
131
51
301
-76
248
114
-129
14
240
-187
36
127
-24
-230
62
105
35
-49
7
60
78
63
67
-27
85
400
133
-42
182
-94
-93
38
126
71
-77
0
180
86
-237
-87
-38
126
-31
-175
-78
-36
-78
56
-75
151
-23
107
193
49
-340
106
27
103
-175
-36
-94
-46
64
136
15
-5
-185
216
-187
82
51
124
18
-117
157
-114
112
142
19
139
87
115
-9
98
256
-112
-8
-115
36
66
-6
-15
51
-60
2
102
182
-153
269
-142
6
163
64
70
-92
139
-91
-125
-106
35
120
111
10
-94
91
75
-131
-79
-79
25
-224
198
60
-71
154
-121
63
130
-158
14
69
-26
225
72
341
28
0
40
-37
-68
-59
62
180
144
-170
-164
-72
-281
218
-124
58
125
121
-38
-70
147
-53
8
240
-13
-83
-132
33
-54
-216
18
-70
73
-16
-11
-150
123
-20
134
-21
-4
47
-30
184
35
57
-7
-36
131
-306
-45
-46
-100
-28
-296
230
-47
-52
-78
-246
-75
0
-21
-85
-61
-132
-152
103
-3
-254
115
62
-39
-75
-41
220
-2
-166
-105
-77
-208
66
148
-148
58
12
-15
26
-87
-69
111
-71
11
-99
-15
8
111
-156
-2
98
61
187
-34
122
92
-110
201
204
149
62
211
47
47
261
19
156
-75
-110
-19
253
17
194
113
43
33
-118
-283
87
87
64
75
-91
85
-161
-185
195
-42
12
-218
-109
103
-138
70
58
118
-216
-109
-139
-38
158
135
76
-64
95
-88
65
19
67
-108
6
187
-44
80
-48
73
-113
74
-181
212
51
-214
214
-44
-232
-208
-143
289
-19
-69
15
110
-159
60
-157
-110
129
-28
153
4
2
-47
-257
-169
-93
-60
-133
-32
121
49
71
101
-86
-28
29
-229
89
-19
3
-124
-17
62
-164
126
-92
-300
41
17
20
-94
-62
202
28
147
-29
-71
-161
150
56
-51
145
-194
15
-64
-37
142
-206
-139
-107
-59
83
-205
23
5
-40
-63
92
20
114
-79
103
50
-122
-44
24
50
-150
7
58
-227
134
240
214
9
-29
41
-19
28
-32
-198
15
-291
177
-109
9
86
214
-31
-79
76
-221
114
21
178
13
115
29
127
-7
-3
123
118
-29
168
-133
108
-23
33
180
-42
43
132
-91
-189
-99
-41
112
-193
-30
-181
-39
-34
-122
-105
124
6
-88
110
-188
-173
-77
99
162
-87
0
-151
-43
91
69
-139
171
28
176
-31
-177
135
-117
-134
106
4
-102
78
28
-44
-32
-235
27
-109
49
180
-11
-12
83
151
-181
-260
-70
-19
52
-31
270
204
-103
-130
45
-3
-81
110
-182
29
-33
59
112
201
-82
41
-33
-129
6
-99
86
163
-319
-302
-41
-33
242
-154
184
-64
17
-129
90
210
15
244
115
47
131
43
11
113
-44
-161
81
60
72
-132
96
-73
3
144
49
-127
-28
-71
208
56
-161
-151
-54
188
56
-174
-54
37
-139
201
136
-14
-42
-122
-75
-157
-199
88
57
-134
16
-287
46
-267
-209
-109
-2
-50
16
-227
-50
222
41
-29
8
131
12
223
-18
58
121
-112
144
-91
-93
-7
28
61
-7
-10
69
18
-118
-60
-92
207
-5
351
119
-213
-50
68
236
65
76
-26
-19
-41
-90
54
-169
-166
-63
102
93
116
3
-192
-152
7
44
-165
72
83
60
45
-60
1
60
24
48
-53
-83
-22
-63
23
28
47
-310
120
-47
84
-33
50
-32
82
-35
164
21
112
222
-204
-113
-63
-84
20
173
-201
39
126
130
154
72
-76
32
-47
-222
14
203
48
-53
-244
79
24
-99
-158
-76
-165
-302
8
102
7
-39
-237
-31
-200
-98
-52
-39
-180
22
-76
60
32
177
-52
-59
-36
248
-163
-72
47
31
101
46
29
-264
-20
3
61
-113
40
73
-30
7
-35
2
164
-182
-196
-48
45
45
181
-40
80
149
28
-247
7
125
60
-76
-89
-177
70
-165
123
-4
97
-118
-79
-23
237
39
169
-93
119
30
-6
179
-117
89
-139
-97
45
-180
-148
60
-192
-66
115
-165
-132
-65
-61
-90
-74
-127
3
73
18
154
-7
-25
-15
15
209
-111
144
-83
92
-46
-57
157
2
59
-18
-213
78
-31
-126
179
-33
-19
-124
192
-118
21
179
-75
-95
-10
-35
-60
0
153
-34
172
88
-133
-73
99
16
-142
61
80
-113
56
-59
4
-45
0
-315
54
-117
91
146
-172
-13
14
48
40
31
-118
42
39
182
6
14
20
205
99
-27
-3
123
5
45
102
45
171
-160
-64
13
151
160
-32
131
212
-154
84
-143
-166
37
-133
136
50
-27
-5
-15
-105
68
-283
186
5
-52
29
-7
84
-72
62
-104
114
-159
-36
4
-72
-5
111
3
376
-186
89
-7
-111
82
-259
137
-25
-46
-152
-30
-16
182
-58
-215
-98
-150
58
15
-80
97
61
99
-85
7
185
-161
61
-137
162
49
-6
-175
-118
-267
-160
261
61
52
-55
-27
-174
50
57
205
15
-172
-71
-60
-49
22
148
-9
97
-113
-61
53
2
122
40
-134
-148
-207
201
-12
-325
246
-132
-95
-26
-18
-143
78
-76
-22
36
-128
-146
35
8
92
-85
-10
114
121
-16
23
-126
128
-129
92
114
-47
-87
40
-1
-8
172
49
-79
-233
175
-14
12
-10
142
-66
-166
-80
176
62
-41
-78
79
-32
147
-49
-197
-74
-14
-32
155
143
33
-34
-108
-175
99
-53
-138
39
203
-103
2
-65
125
-95
138
-20
60
-166
-39
-139
49
-12
-77
142
-24
21
79
48
7
-61
214
-253
86
45
-67
-187
28
-45
45
-10
-51
146
27
-84
43
126
-196
142
-168
-99
63
-58
17
-54
88
162
-163
85
20
5
160
-52
-34
-44
41
1
-94
-278
100
-127
-1
172
-148
0
-138
-22
-176
-111
79
-137
-212
2
-168
-82
-2
-19
-70
151
-38
-283
210
-138
300
208
-29
-129
-52
-57
21
-59
88
13
-34
47
80
-78
224
-31
51
154
79
25
-158
-25
-85
111
-197
-26
43
114
12
-130
47
17
55
177
-208
-199
-68
-60
-167
-206
-101
202
35
82
247
-6
225
-88
167
-72
-44
154
-55
-137
180
-205
-11
-59
53
10
-219
-51
25
-27
-35
-32
0
-107
-51
-206
-35
-152
-40
69
-62
149
-325
-87
-90
-31
-44
120
-32
-21
-165
129
55
-37
-80
210
67
-65
66
133
-143
27
-6
151
-3
15
180
-49
40
-83
-72
98
-82
41
130
-131
56
-101
-107
87
57
-169
72
88
-230
-104
3
160
-92
12
-7
-4
52
-88
-110
4
-10
158
231
20
38
192
128
-106
120
-5
87
-127
292
77
-12
67
-111
30
163
-166
46
97
101
-24
88
79
-103
-27
87
313
68
332
13
36
37
138
31
152
-156
184
59
-119
-106
-34
152
115
240
-357
40
20
46
91
8
-110
-43
-175
37
102
84
20
44
-139
-219
-11
-127
-156
24
70
-71
-13
47
5
54
38
76
-182
6
-2
38
-43
-163
-92
-226
109
86
160
-220
-59
185
-153
-1
-4
55
-10
155
34
-13
-23
-350
298
-50
-105
36
19
-56
127
38
-69
-343
31
71
-100
-57
-123
162
-190
-98
39
-198
-153
48
30
48
-89
165
98
-151
-137
-64
-41
45
-9
183
249
-106
106
48
250
-4
-186
84
9
-156
-39
25
-142
126
80
-29
12
-36
144
32
-117
53
63
-137
262
189
97
-41
39
144
-159
-66
19
61
76
-19
47
-94
50
72
-197
136
-343
-25
-73
37
53
-44
122
-102
202
123
-89
186
-32
65
184
120
32
-107
-171
-85
-176
-82
-180
144
144
-3
-158
177
-22
5
112
-144
-248
-32
23
-93
-35
-36
-81
-98
57
69
156
-54
-117
-78
88
39
231
26
56
200
-66
25
86
64
167
149
84
-209
-51
-188
119
93
7
-159
243
-220
-146
256
35
-154
296
39
81
-116
-176
120
227
205
-3
88
-58
53
370
114
47
37
-1
112
-62
56
106
158
-63
37
-337
-86
-47
313
160
-70
-116
27
188
17
-50
163
202
76
56
73
-104
-106
-8
-106
-7
-115
28
99
44
42
-39
61
58
170
71
100
46
195
95
179
-357
261
-16
86
24
-8
-33
-14
-48
-93
36
95
113
-88
-182
-118
-30
91
-181
-78
-108
-155
-6
181
193
40
-13
-83
-12
0
20
-6
-13
53
-87
-98
-82
-87
-338
119
194
53
144
-82
45
112
70
83
100
21
-106
-86
8
-37
-29
-23
49
-71
58
22
0
-29
-147
-248
-234
-21
-13
124
63
0
-233
-120
-15
-28
-69
166
-274
-64
-280
98
17
159
-157
155
73
36
-39
182
-56
-111
-38
-77
103
-84
-103
-18
-43
244
270
-51
-87
115
61
-56
-2
-246
49
-19
37
65
-235
-27
-127
161
63
-4
-8
-121
-21
121
37
-29
252
133
-6
-122
198
171
-59
-25
30
-4
26
-134
-76
-87
7
125
-42
-16
-39
199
29
-91
-9
105
-40
17
51
-206
-80
-147
-139
20
116
-209
31
-36
6
-134
64
-89
49
-23
112
72
-64
288
161
-18
-65
42
92
137
-13
-44
189
-20
-3
-86
-14
110
76
212
52
-60
-255
64
180
-32
-3
-62
67
83
25
163
138
61
-58
57
-79
-45
7
-47
22
132
60
-68
-135
116
-93
-92
32
127
40
398
-152
-425
-275
-2
35
162
-145
-119
-137
-135
30
148
-43
-113
-111
100
161
-8
-108
110
4
194
-147
110
-160
-156
174
-248
28
303
-144
114
74
-70
43
94
124
127
309
9
97
-95
85
-143
25
-84
-24
37
-184
-181
-100
-34
-197
-70
1
-45
-53
-17
-166
-61
29
51
128
-12
-47
81
41
-63
72
19
6
-58
157
48
-22
-119
-45
-55
80
104
74
-70
-108
180
-26
117
-155
-81
116
148
-4
-42
1
-119
4
-72
-2
207
-57
39
-98
101
269
-105
80
-48
163
-77
90
154
61
186
-5
64
-105
-78
-227
-293
-5
-169
111
13
69
27
127
-26
-84
-68
29
-52
-191
64
-68
-275
107
17
83
131
-51
-100
316
18
-57
-2
-8
-188
77
-230
25
10
105
47
-49
-143
-39
193
35
97
179
-127
-58
160
65
-112
89
-124
32
-77
-71
44
99
-161
78
4
158
44
-122
-39
33
54
84
-77
-63
114
-185
-249
-14
-336
-44
37
-18
-60
-56
-121
29
-123
70
-104
271
-173
-5
129
-39
66
-79
-159
-143
-199
-151
19
-18
91
26
-37
55
68
150
-213
61
75
-25
-42
5
-67
-303
-83
20
109
-14
-64
117
77
-115
-180
-44
31
92
-15
-66
40
-98
44
-106
125
-58
-14
-115
109
-46
-66
-13
-94
84
-162
40
19
-4
-202
-189
8
-125
-143
51
-105
0
-7
-142
298
-160
-115
54
67
-132
-126
41
42
-69
135
-33
193
-64
69
-138
-21
-16
31
-5
275
-167
288
151
147
-109
-12
35
-24
-49
-5
-182
-104
144
-121
84
-67
192
-46
-69
-146
-206
-38
163
98
-34
-57
4
230
162
-157
-169
81
-104
14
15
291
91
279
-256
99
-157
-121
-116
-111
156
78
197
-5
-87
-91
-30
-18
-34
-91
-19
76
-135
56
-19
-75
221
13
-92
17
69
99
-52
-27
-234
-16
59
70
-54
-40
-130
-43
-14
228
50
-97
-170
85
-67
8
-28
-32
53
49
11
213
104
-80
116
27
69
-37
36
-222
98
11
-87
-87
12
-198
191
110
19
140
-40
-5
74
17
98
32
-1
-10
141
-120
95
114
33
-89
62
-98
-54
-70
85
-131
66
-299
148
128
4
-38
25
142
8
38
-100
37
-151
10
-189
-112
-183
-119
-186
143
197
-13
-106
-48
-32
-97
-1
-74
52
-128
34
159
65
4
-31
-251
271
-32
112
-220
-206
106
-33
56
-20
-25
16
90
154
-4
159
-18
-55
-5
-45
126
2
91
-76
220
19
-8
101
165
39
138
168
30
47
-28
-59
-111
-8
28
185
158
27
-79
238
-232
-104
16
-78
27
245
-72
-95
-37
-61
-95
86
24
-37
30
51
107
111
-210
-41
-111
148
-40
60
190
9
149
-70
24
-27
-117
-4
-128
37
135
265
-187
4
23
29
162
-9
-56
-71
14
132
55
-47
-116
-137
-114
91
3
9
-41
111
55
35
39
-28
-21
-35
-56
173
-55
20
245
27
114
72
-41
-68
-201
-3
27
98
-123
0
91
-6
298
207
92
91
-7
187
-25
-191
-10
117
-96
-211
-22
-127
-67
-114
74
-35
-254
-87
-29
51
58
-72
136
-75
105
153
61
154
174
-127
194
51
-158
3
-68
179
-124
-71
-112
42
-52
-76
152
-6
-76
113
-110
-112
35
109
-40
-100
-277
150
-30
-38
25
141
-195
-41
11
-75
-17
-95
-140
75
-92
-40
-174
-4
43
-7
96
-11
-36
-231
2
-155
68
-138
34
11
110
-11
-89
34
-106
-133
153
-83
-6
-111
28
-156
-56
16
41
-190
-12
32
73
-135
-15
-45
-82
-15
11
113
19
-48
18
-161
83
57
99
-125
50
150
-94
1
48
-17
-27
163
204
38
-147
-27
59
84
114
127
-89
-292
-91
-34
192
-66
-135
-83
181
-5
-169
37
-182
-149
200
51
87
-90
86
-73
-45
190
208
-83
116
-11
158
27
121
22
96
72
-27
-125
123
113
-6
25
-26
-46
-105
129
-64
164
-76
-109
37
107
-111
-93
133
99
88
2
17
45
-37
31
-118
22
-148
-90
-196
92
-113
-61
7
-59
227
239
17
184
25
55
-172
-132
1
-57
-28
-44
-135
179
88
-127
66
-230
-83
-21
-215
134
-219
-107
77
46
29
109
173
-122
-106
-47
38
-59
-143
156
102
-31
-230
-166
108
365
26
72
2
-82
-45
-231
158
-140
63
63
175
-24
-52
26
-156
115
15
7
31
-160
117
-44
-52
141
294
-65
-129
119
55
-12
-66
-162
-90
-15
-23
-67
285
54
-99
64
-143
-198
241
155
-54
146
-136
-91
-145
98
-142
-283
90
-301
-91
-131
-131
-43
-280
6
212
-34
-247
-35
48
59
-16
53
-18
171
-55
-30
74
-52
-32
-10
34
153
176
-7
351
-15
-234
-61
-144
209
64
179
-95
-21
83
-23
-41
137
19
86
162
67
-119
21
290
216
177
-254
22
-142
8
167
-205
110
34
-109
74
-66
223
-118
200
-50
68
111
45
16
65
-130
47
-64
-64
227
176
184
-28
-64
-5
41
150
-49
-23
-113
-186
-43
152
-67
-190
78
124
-96
56
89
22
-37
14
8
30
-150
-33
-39
-12
-122
11
111
-221
-115
41
122
136
-8
45
-164
-185
33
-99
-81
60
-56
146
209
118
-19
-9
118
-212
-62
-30
104
-142
-52
-132
-88
64
9
101
78
-14
190
66
-19
263
-136
4
-14
-126
-198
-274
-12
-56
147
114
-149
-98
40
35
25
-111
-125
113
-203
-90
35
-42
-226
130
-57
-222
-140
124
-60
-68
156
55
-9
10
10
16
-111
162
-19
-51
-117
-79
203
-87
-8
-5
14
124
-229
51
-72
-137
-13
-181
-51
31
-168
3
-34
27
58
48
-102
-86
-27
-180
-157
86
137
82
-165
3
57
-47
109
14
-199
-192
58
54
-98
-248
-92
57
276
-124
-240
-23
3
-134
-126
24
36
238
-147
157
-53
152
-113
28
94
64
24
53
-202
27
-22
6
35
-98
-46
114
-41
105
-15
-25
-66
-288
20
67
116
141
73
-76
-194
-265
-282
161
20
223
-7
83
-308
-256
39
48
-231
-10
-55
-8
-23
-103
45
-63
198
-45
167
-149
-127
-51
173
145
-82
-81
50
191
-157
11
11
49
-39
7
-155
39
-18
1
-106
102
51
-16
117
-95
43
189
-80
91
-1
116
-75
-41
56
-42
-47
80
16
200
-111
-303
-83
224
138
-87
134
72
-59
-99
203
-18
63
-158
94
-22
-155
249
47
-169
-115
-180
71
-284
-128
93
-46
-225
-46
68
-50
-15
31
-89
97
82
-242
167
385
177
-9
105
84
177
-53
-169
-118
-54
-69
107
-18
3
66
-17
8
-66
-192
190
-101
-146
36
58
2
28
19
-72
-169
62
-103
-74
9
-33
95
-199
-185
-109
-26
-17
48
36
77
36
22
96
-268
127
-164
13
-37
-101
127
6
-31
-63
-120
-18
119
135
39
24
259
29
-80
-78
-91
-35
190
-148
113
222
147
80
-67
-181
45
0
136
-42
31
76
114
153
-18
58
-152
-169
-97
63
280
-119
1
-46
30
139
26
-74
-240
31
106
37
68
-180
-38
-82
-95
-15
55
-266
5
-119
-123
106
48
-109
64
-37
63
261
49
154
7
328
54
75
69
57
-183
177
124
23
-93
-159
-228
103
25
-53
113
82
126
-160
35
165
143
32
-97
-10
-148
-112
97
52
160
54
73
208
-174
-68
148
109
118
85
-10
-1
157
58
-182
110
40
-31
-16
175
100
-148
101
-199
71
-91
197
27
71
218
-26
-53
-42
-84
-10
-7
-33
-39
-45
98
162
-136
56
76
133
-19
-27
-59
41
26
98
81
160
99
-71
175
37
-82
142
231
-68
140
-111
75
43
-275
299
140
-77
-166
-126
90
68
-46
-95
-39
28
-116
51
-146
23
163
53
-109
123
182
-206
-116
40
-159
61
-344
97
55
-70
95
-72
-38
-14
-15
228
-226
-36
17
-6
95
192
105
194
-98
-38
55
-67
-91
117
43
196
35
87
39
-34
-23
72
-110
-193
-37
-42
110
281
-2
16
-141
-10
25
26
-132
-73
8
174
218
-52
-107
-204
-94
58
-107
-3
-59
188
-27
-8
123
2
-145
154
-186
-139
97
-4
-39
185
43
159
-106
242
67
-153
-62
188
-8
186
68
-116
-264
91
-26
-91
-129
180
-155
178
-231
94
163
-14
132
-49
-35
16
67
79
71
-83
2
98
1
-1
-189
144
358
-95
33
60
-79
60
-26
69
120
27
83
107
258
-243
-60
-47
130
-46
-67
-55
-183
124
-23
-221
-129
-317
-41
-28
-50
-67
-106
38
-19
-28
-78
6
111
-128
-73
67
-4
169
-104
-232
122
31
-23
-44
67
38
-217
-50
105
-61
10
41
-107
95
-55
-41
39
0
-169
143
-19
41
-12
125
-159
-36
144
-103
-38
-180
-20
15
20
-185
-8
245
115
-2
189
0
40
78
-65
199
9
-125
-13
171
-8
-196
146
-58
-85
47
-83
-174
136
37
-25
-171
-226
91
-55
-152
18
-119
-89
69
167
5
-234
160
30
126
-218
57
7
219
-49
-110
-33
208
-59
-38
-49
-91
-65
-186
24
-63
-209
-22
-110
10
193
-107
-30
-61
88
110
160
150
15
29
-8
-241
97
35
91
36
118
74
107
29
-56
-76
217
82
-30
6
-101
349
-16
-175
-116
-236
100
41
-22
58
13
244
-168
40
-104
-28
-115
-132
125
101
-147
-71
3
24
-69
43
129
90
84
-94
130
85
54
-84
68
-259
-102
43
-83
-34
-11
-30
-311
-106
-122
150
139
-158
-143
-69
8
-298
-204
43
-165
-59
-32
-31
-172
37
68
149
32
-76
-107
20
28
-156
45
-78
306
49
-67
-77
-81
129
87
-41
174
98
-16
29
98
144
274
162
3
71
-71
-199
-119
292
151
-106
9
-167
-190
-56
-57
90
-150
80
102
-52
-126
-97
-141
-207
214
90
-94
-280
-132
-25
204
-30
-99
137
28
-87
-74
86
-121
-37
199
76
-58
235
198
-101
-100
-102
38
-165
179
116
-151
-4
145
-123
63
50
-189
6
78
-22
-25
-287
-332
-11
-309
13
-135
80
98
313
58
142
-2
106
279
20
-78
100
17
-52
8
22
-119
50
3
-30
186
-107
45
-43
-62
-9
-65
123
64
-225
-208
-27
155
48
-55
-117
40
167
36
-40
-61
-215
26
-145
-6
-5
130
36
-142
38
-74
70
40
-277
66
-243
49
14
-87
183
-28
-63
160
219
120
35
-22
-170
-65
9
154
167
14
89
-111
139
-212
-247
-153
34
54
-13
27
-30
34
-30
63
-78
6
-158
-134
-95
44
-6
-44
-109
35
181
192
105
-102
-11
196
-169
233
82
167
-19
171
-26
-115
50
-77
-154
-47
15
134
-62
-108
-47
-49
133
-50
-103
40
59
179
-53
27
-32
6
-3
38
-115
-19
57
-197
-50
-198
31
155
-14
-47
-5
97
104
9
-84
59
122
45
-151
-256
150
-10
-86
-105
148
-2
76
105
3
105
-149
-30
-220
39
304
-108
-74
-218
-23
-21
-169
102
9
-41
69
-101
70
204
-5
-74
-71
-99
229
-24
-87
-172
138
-14
175
-4
-220
-105
52
-129
217
-286
-151
-81
133
69
-175
88
67
-31
73
-76
-131
-121
-88
211
42
12
-107
-40
-205
49
119
-21
185
-26
88
-67
-171
158
-83
25
-102
172
-117
-145
2
-134
46
189
173
-112
-47
18
109
-35
-80
7
150
62
-43
100
-40
112
140
-189
-199
-269
-61
4
-169
211
-107
-77
-228
-224
-37
169
-83
-84
-69
73
-183
-113
25
-76
-151
54
92
44
26
-78
49
-2
3
118
137
-81
148
-207
-36
-127
43
-32
-31
42
-73
135
-34
-123
-95
25
76
-137
-198
163
93
-79
188
109
24
1
27
-167
-137
-74
-205
20
-65
-94
67
104
-173
-14
14
-112
2
-28
10
119
157
9
85
-83
-26
87
52
67
-50
98
94
-194
16
157
-213
70
-2
-209
-14
113
55
-131
52
-6
-51
160
-75
-141
-234
15
-141
119
-65
-107
189
98
-40
-10
-58
226
93
-289
296
-18
-97
43
105
169
4
86
27
60
14
-95
-95
-28
-179
-69
216
3
75
121
-79
-30
-231
-167
-33
127
-10
105
-11
-199
-165
38
6
3
194
16
-119
42
87
-45
10
164
-220
187
-55
38
53
61
-71
-12
145
29
-257
-310
82
110
25
185
-110
128
129
2
-217
-4
-41
-112
-84
64
-3
-45
22
-88
144
-5
54
60
-122
-195
60
-274
34
1
151
48
23
107
106
-32
213
207
-112
-132
147
49
94
-31
-285
130
1
-7
85
218
281
-6
-56
-137
194
60
16
-40
184
49
-125
53
85
105
127
-311
245
1
-19
-40
-23
-8
88
14
-91
89
143
-67
7
-193
-123
-73
115
68
51
11
221
-262
9
87
61
-112
-77
-61
-282
-258
21
-15
-53
60
289
80
-201
10
24
-3
-161
53
-12
29
-33
28
36
-47
-35
-244
-27
-7
213
176
48
-168
-8
173
-194
113
-31
-5
-31
-153
-38
176
105
69
-294
-185
149
-37
146
41
20
-46
-214
-10
-150
-201
-101
-71
72
-73
-110
-43
31
-8
-175
100
12
0
-199
79
211
51
6
21
113
5
277
-46
205
-273
-207
-37
-7
114
-88
-179
64
-73
227
-66
-101
243
-102
-70
1
58
-80
137
4
-164
-21
36
-33
119
196
151
-76
104
-74
12
123
-175
168
139
105
-160
-11
269
-53
-196
220
-27
-74
-23
-48
-141
121
-58
-174
-460
-126
-167
-3
-24
-96
143
-38
-61
41
-1
-245
132
-67
-8
64
160
-101
73
117
-211
-85
52
204
-191
-45
-97
-41
-167
298
26
11
34
-80
-184
-27
68
88
18
-69
-24
-94
-101
11
-59
103
-121
-218
81
168
-157
-57
-107
146
-99
205
-209
-160
80
-67
-24
43
-179
98
136
-47
50
31
-22
-142
36
-82
81
-74
-115
144
-72
-157
-97
134
-88
140
95
67
-209
2
-66
107
-66
-146
-146
-29
-129
-101
-94
-78
-137
57
-97
20
81
-29
50
78
226
6
-41
92
82
310
158
-306
100
67
138
50
-283
13
40
-105
-113
91
90
152
-21
-108
-193
102
195
78
-95
136
6
-71
103
258
-211
-32
161
-141
-3
-182
-65
113
153
-15
-161
-34
51
-44
231
24
137
88
-103
155
86
-239
-52
-292
74
-84
49
-29
327
-37
-130
53
-88
-161
-20
35
95
-1
64
69
-107
-78
43
21
67
-45
-17
-34
314
41
15
61
59
67
57
37
51
31
35
-227
-208
135
79
-219
50
162
-110
28
38
263
88
-6
36
-33
12
-60
-68
-235
-218
149
19
-51
211
-48
188
46
-85
104
-58
-61
-16
-89
118
-183
-24
-31
74
21
-234
104
-297
-12
-144
-140
-48
-58
52
23
-100
122
223
-8
-13
-12
88
-11
-109
187
-125
-284
180
-161
303
-9
-51
-175
-216
179
80
98
-194
44
37
102
-136
43
-32
254
86
42
102
-69
-85
-55
141
-107
111
-191
-242
201
173
-134
-19
57
136
-82
-4
-69
-82
-95
51
-174
-61
94
-18
-63
-101
-4
81
-51
92
119
24
110
-165
-79
59
-72
-152
-3
247
-46
231
-178
193
16
-102
-180
-36
4
43
-23
243
-127
-71
-83
-192
80
107
84
-117
-162
-45
-47
-101
50
66
52
-28
232
41
-93
-99
119
-119
-227
84
-29
114
-94
-65
-27
-120
35
-213
166
41
-56
61
91
-179
186
-167
-6
-164
205
-79
48
131
-188
-40
43
5
-267
104
28
-165
-126
-84
30
-207
43
-171
95
30
-62
188
407
202
-299
-172
147
42
15
-87
-31
-70
-107
21
99
-113
85
-48
85
51
85
-96
-23
-108
-81
-246
-4
-66
42
107
-149
-61
26
-2
-27
-56
187
18
136
-39
-27
-215
-17
-241
108
-256
-200
180
110
-203
-16
-117
-95
-16
-116
128
-157
15
-93
-35
-134
215
82
100
-28
-175
26
38
-40
24
43
-42
266
86
-150
85
-55
72
-11
-296
-46
-32
-112
-8
10
-223
195
258
42
-19
-27
-251
-162
-80
94
311
-121
108
-226
73
173
-37
-79
-70
-92
2
85
127
-80
-101
116
-99
-146
-20
64
26
30
130
-54
28
-103
-185
115
-159
-17
273
72
134
143
184
-1
46
232
45
-53
-161
4
-121
203
59
-198
-127
-26
-28
-16
-107
-84
-68
-33
-181
-184
84
65
16
-97
-93
-311
-52
-9
141
-13
-194
51
-89
98
80
127
414
111
-74
143
285
-67
38
-139
-18
27
-51
9
209
38
-89
-94
45
-97
95
158
-55
-35
-20
-242
-7
12
-64
126
-98
-77
137
26
270
-169
-109
184
251
-96
-44
24
-191
102
106
-196
-155
-115
-288
2
-22
26
44
-2
82
-13
45
-69
26
57
-176
-103
-20
-157
48
80
-84
72
106
-126
-140
-39
-42
-22
8
-131
68
0
1
-95
-111
141
183
-14
79
99
-48
110
-185
95
142
343
59
32
73
-275
-17
-66
-156
161
25
40
-101
-122
-147
100
-109
188
-100
128
95
41
87
113
-207
-43
-32
-123
-176
-70
68
76
86
-88
-112
88
-121
234
-89
66
-97
105
-36
-131
-57
47
-96
-37
-181
40
-105
61
-71
275
14
10
15
-99
-67
-89
92
-122
41
-68
-184
245
35
-105
-33
41
151
137
114
-155
-17
-29
-65
73
-49
170
130
-59
221
173
24
-116
-66
141
-52
-95
-123
-146
-85
137
-2
-268
-39
-48
-85
-109
-155
-90
78
-20
-22
-96
-81
20
-31
-182
-119
-160
152
-47
-2
25
196
1
61
-127
-117
-5
33
3
-184
-123
-28
13
-126
250
-70
95
-22
144
92
126
-12
109
-51
232
22
163
97
-124
278
64
-255
-94
-106
74
-23
-20
21
-124
66
-106
99
16
-6
140
52
-47
286
-125
-22
324
-102
81
-180
112
-192
18
214
128
-3
-2
18
136
-78
-39
111
-129
10
-85
136
-130
-27
143
0
-31
18
-152
-178
-5
-113
83
21
-16
-293
72
-34
-24
20
169
42
68
63
-32
-132
50
67
96
121
27
-22
-148
29
137
-75
-50
21
163
-337
31
203
-67
227
-91
-171
221
-17
-69
-27
-79
-85
11
-17
126
-38
-16
-257
48
-57
52
-139
45
-29
-135
-135
179
-17
14
-6
29
-74
77
-80
119
-191
-35
-35
44
-245
-88
134
-6
59
-88
-139
155
-166
-82
279
128
11
62
-154
85
-74
44
86
28
95
59
-85
19
-82
71
52
142
137
149
147
184
-61
-23
-147
-77
79
-43
15
48
134
-38
254
151
102
-93
-210
-228
-92
60
-239
-3
-23
211
40
79
39
57
28
95
-19
-216
-87
95
-235
-175
-27
-293
-111
126
-1
-76
-140
23
-2
27
-46
-274
-25
94
58
282
75
74
88
453
-286
223
211
28
-1
14
28
18
68
8
99
192
8
-62
184
-97
-2
108
181
52
228
-144
-154
161
-122
-160
226
-74
11
69
97
-108
48
54
0
-68
-120
-106
5
354
138
137
-52
77
-187
30
-7
53
-168
98
-92
-139
-126
-105
-24
127
124
80
49
-26
-199
48
-28
-42
128
3
100
200
-214
56
54
133
14
-63
56
240
-154
-113
-171
28
68
-262
-91
6
-52
-39
-81
-58
-112
-61
-18
-6
-172
-250
-15
-150
-139
-23
-94
-105
-41
14
157
7
53
-11
-54
28
-30
24
-110
92
6
19
123
-75
58
14
-58
264
46
88
-21
-30
-255
54
216
-351
120
-221
-55
-105
209
-204
-32
5
121
-110
73
-26
-36
40
40
-64
-292
-19
-44
14
-27
124
62
-7
-84
32
-85
-63
-42
-213
-267
17
35
-167
30
87
240
-172
-77
96
-45
-82
134
-243
77
-96
-10
-65
263
86
152
-47
-85
42
67
-184
11
-156
-120
-41
-103
-93
171
-102
196
2
219
30
14
-121
-62
-70
39
-109
-277
-103
-93
-79
0
118
-22
-30
-227
16
-130
117
-62
-99
-45
-166
-231
343
-40
254
-139
-211
-34
132
233
55
-22
76
-42
-153
95
87
135
-69
62
51
-89
88
84
-140
18
-231
258
226
-150
-89
143
-129
-151
-82
-73
-119
4
110
-116
-130
153
86
5
22
52
-107
-393
107
-140
-1
79
85
60
198
109
24
103
34
256
36
-32
68
263
32
-5
-126
105
-226
-35
142
-10
-127
58
158
-12
56
81
-25
112
-179
-127
-38
-158
0
19
-97
-209
69
-32
99
-116
78
26
-16
-9
-9
79
-46
-168
-33
67
124
-247
-207
-22
76
160
18
-9
81
80
25
235
110
-7
74
-129
58
105
143
-53
179
85
-76
-58
-26
132
-67
-97
78
-111
-162
110
-31
26
-4
17
-24
3
-60
40
5
-57
-155
48
-90
62
-122
-162
-32
64
0
-32
-194
42
76
-59
26
-50
115
-183
-41
35
148
123
-126
-220
-105
-214
-51
117
87
115
-95
-144
-32
245
60
50
-18
-70
40
-113
23
98
213
218
16
-194
6
233
180
-83
-9
241
96
27
-158
-69
-21
22
-253
-30
-72
30
154
1
188
-86
185
-23
-64
-198
122
-52
90
225
-139
-13
-19
228
77
-82
-38
-44
35
297
58
8
3
112
77
-111
106
-158
40
-60
-177
-147
-112
-143
143
171
-65
-38
-47
78
69
53
-86
308
-162
218
89
135
-167
48
57
-62
26
6
-365
-105
8
-1
-126
6
-34
152
13
-197
-116
-53
-108
-65
-37
-37
-111
-10
24
591
-67
222
-119
-111
199
-55
140
-119
-113
-129
-28
-8
-81
169
107
66
135
-17
218
84
-140
160
-26
73
123
-26
-49
224
-216
-67
141
-75
-19
-202
167
-87
38
-11
-228
-21
-94
-22
92
141
-49
-15
210
-87
-107
117
-89
157
-8
-59
106
-49
37
20
-14
-266
79
122
-121
-103
-24
93
-49
-40
151
-84
-91
78
-96
113
23
16
65
-116
211
-156
-214
-40
-175
202
106
163
236
110
19
-121
-110
-78
145
94
-227
19
-239
-84
-150
-36
-53
-210
51
183
238
130
-11
-22
-37
-265
50
-121
127
-14
35
-63
-86
-82
1
242
21
50
-19
44
28
-66
-112
209
94
97
-274
-195
140
3
-131
-68
21
-164
-114
-155
107
-206
190
55
-58
95
79
-95
31
84
3
-33
146
-142
-71
-73
100
6
-23
75
-86
10
101
-157
-101
-119
72
-221
105
-42
22
-60
49
174
78
-1
-36
23
-95
-60
-26
31
83
-127
246
-85
-39
77
170
35
62
-90
36
0
162
-21
101
119
-11
60
0
76
-101
-3
-58
39
144
-120
-81
269
178
-57
-81
108
-41
359
14
210
-105
125
156
-231
-144
-156
127
472
43
97
65
54
176
126
69
-73
176
-35
14
11
-37
-134
-6
-129
22
157
81
-25
-258
-184
29
-35
177
-33
-26
-28
168
93
-8
4
-149
-151
65
181
5
-6
-42
-81
9
56
78
121
208
-18
-22
74
10
64
10
131
118
22
-48
149
75
-58
209
-169
-164
-73
-50
-76
-5
-19
69
120
-176
-4
55
0
-77
-33
134
-24
-157
-37
269
25
11
173
-134
-257
71
192
-193
-127
-61
-14
-133
-171
-95
-2
84
-14
58
197
199
-3
-43
109
-26
-119
262
114
-109
-45
-40
159
24
-77
-71
164
173
-14
-89
-130
176
51
-136
171
201
151
123
119
-22
-51
-169
20
233
-84
100
114
-187
-67
-97
45
137
-68
-54
132
-1
-91
117
-59
96
-11
53
10
-13
4
-78
148
-182
83
-36
-249
-8
-28
-66
-59
-123
107
86
-84
128
88
-80
85
-16
85
-33
-38
-121
86
-72
144
-220
75
53
0
-28
194
-42
43
-46
95
-45
-18
96
-210
-26
-4
49
85
-66
-11
-35
241
-74
-24
39
26
133
67
168
37
-224
148
-24
-96
-73
11
268
-299
-22
123
-151
88
-161
-40
-91
-137
-61
184
16
56
-84
82
-279
13
-13
64
10
85
-255
-44
-152
10
169
-369
-47
124
-74
113
-64
-8
174
122
-132
-36
161
-132
81
104
-145
88
-171
-46
-215
-225
9
59
97
-54
14
129
-40
-7
160
235
-182
221
-96
-194
-274
-87
15
172
55
-261
144
-174
-203
40
0
112
-111
31
-6
-217
96
-89
-10
215
-95
61
-77
3
114
-222
-37
-183
-173
-162
-5
8
-28
202
19
-236
120
-108
61
82
113
99
224
-121
112
-82
-200
10
-42
-115
-97
63
-112
-115
198
-151
13
242
32
-133
-184
71
166
-61
-24
30
7
171
111
-155
170
87
203
35
86
5
-229
209
-14
98
-52
-81
79
-147
25
-151
25
11
12
-40
-6
-84
-47
129
190
-174
118
190
18
91
-119
-25
133
48
-4
24
-88
53
130
-58
-204
174
-151
15
-49
54
13
46
175
-77
146
-236
61
-173
86
-131
-213
-134
134
-54
-27
146
28
7
6
-116
133
-117
192
21
-28
108
203
357
-59
-152
87
-50
-95
-125
276
43
66
76
13
5
132
107
-47
319
65
10
252
-199
60
127
14
47
6
-184
43
-161
134
-144
102
70
150
-273
-44
-18
39
-21
-123
158
30
-98
-142
71
118
62
-149
137
67
-65
129
28
-78
54
-132
-47
-27
-68
31
-84
74
46
28
11
229
-64
188
-130
15
-257
114
-296
-2
83
194
51
1
-210
27
-21
-87
-140
-135
-165
-92
-43
117
-103
-144
84
-47
139
256
-100
-28
160
-46
-61
25
146
79
-16
46
-3
145
-121
-75
-95
1
44
39
-64
-25
157
86
187
-107
55
148
75
-251
99
-36
-98
229
-56
-73
-55
192
-129
-9
113
80
-162
114
237
-26
-308
37
-167
75
-200
188
-49
32
44
175
178
-33
143
65
79
123
40
179
-118
10
153
85
-4
-68
-69
139
-96
-72
63
12
18
-143
-119
81
102
-42
212
12
-112
129
-125
29
3
129
36
-232
26
21
4
74
-171
115
-114
-216
278
-72
-150
-419
102
77
-60
46
-35
19
-92
-170
-68
-98
-198
-111
39
-132
-31
289
14
243
53
169
-8
58
-13
286
84
-171
-73
90
-135
-129
-82
-41
-35
16
-19
-30
209
-112
-81
10
-215
-108
-57
173
28
-115
-105
16
-75
-43
-94
-139
19
-153
212
-125
-49
-62
-257
21
-124
-138
94
63
143
-185
-50
220
-14
27
211
-143
-239
43
-38
-38
-15
61
-40
-51
127
12
36
164
41
15
-166
166
-52
35
86
285
138
29
45
-4
-1
-171
155
-15
119
43
-61
-117
-138
81
18
-103
166
75
-157
-88
71
-314
249
26
-132
46
-39
-100
-59
113
-153
-47
14
-3
-15
33
-180
-24
-121
-13
1
-181
-129
-61
-74
58
-71
-220
94
-45
4
-1
-43
-15
223
-118
248
9
-281
67
-84
134
15
14
-148
-110
-72
-65
-56
250
223
5
136
56
8
-3
-235
-40
-55
5
198
-27
161
-6
156
234
37
-11
40
-203
161
104
124
-274
131
-35
-77
89
27
-83
36
59
83
-33
218
246
-213
88
50
89
67
-45
-115
20
37
189
57
1
-99
-19
11
104
-8
211
-28
-81
-45
32
-139
-90
-3
-106
63
85
-210
-35
-125
15
123
98
-86
-53
-114
34
-100
176
43
108
-125
-30
-12
157
-18
69
73
-150
58
-132
17
-103
-50
21
130
-116
-151
171
9
110
96
-6
82
-137
11
312
-86
255
62
-261
25
168
51
4
106
56
102
-103
-160
72
159
-75
-43
77
-228
83
-44
-102
20
-37
27
-89
-2
26
146
-47
-78
-117
-48
41
43
58
-156
-89
197
20
218
200
37
147
-166
-46
85
152
75
230
29
102
27
-197
-2
69
-137
-169
-22
-199
43
212
25
48
-186
60
99
141
51
-49
69
-41
-162
44
113
-179
155
-66
1
-106
47
-157
98
