25 60 144
0 5
0 11
0 14
0 23
0 24
1 10
2 4
3 1
3 13
4 5
4 7
4 16
4 18
5 9
5 24
6 7
8 9
8 13
9 3
9 17
10 7
11 9
11 24
12 2
12 11
12 21
12 23
13 6
13 7
13 13
13 21
14 1
15 3
15 23
16 1
16 15
16 20
17 23
18 14
18 20
18 24
19 11
19 13
19 17
19 19
20 4
20 6
20 17
20 19
21 10
21 18
21 20
22 4
22 10
22 18
23 0
23 5
24 6
24 11
24 17
24
7
33
37
13
43
0
4
42
39
17
56
41
58
22
30
44
5
6
59
29
2
10
40
8
53
49
34
57
21
35
55
23
46
38
47
50
28
3
48
1
26
36
32
52
14
54
27
19
25
15
45
51
9
11
18
31
16
20
12
-232
395
-235
-170
-204
68
38
81
28
73
-63
205
129
193
-29
-198
55
43
-158
113
112
117
-101
38
80
-39
-157
87
30
-77
-160
-228
-77
-7
52
1
4
-40
80
-144
169
46
36
-70
-22
-315
-108
-37
9
201
-73
88
247
126
-67
269
-22
375
-367
-118
-22
-17
278
-99
-74
104
25
94
142
70
-235
-4
145
35
-41
-21
-90
-135
-249
227
-49
-16
169
-300
-11
-46
-21
-132
101
161
-241
-116
86
-175
21
58
39
-293
100
-5
85
104
93
265
-90
-124
127
-187
224
-174
37
-54
-257
-118
101
25
24
-74
-163
-70
148
109
84
7
340
25
-339
-155
35
132
242
58
43
-24
-61
-20
60
-40
-56
17
-212
93
-61
151
-204
6
-111
-13
209
-147
149
-64
36
-270
-66
-252
62
163
-18
-108
58
126
136
-113
-99
3
156
6
-13
-187
74
-67
-233
138
149
4
-121
94
35
0
-1
-57
-41
-191
89
-212
142
60
-71
44
193
26
61
175
-41
-186
60
86
255
-123
238
-13
300
134
55
-144
4
-257
391
153
6
131
-121
103
-35
165
-110
18
99
38
-158
-110
-7
21
149
92
-49
128
-193
-167
38
-10
-148
129
98
74
-35
224
-102
-311
291
-54
149
55
-16
7
-224
-82
-148
75
178
238
-40
-76
-108
61
-50
-275
-100
86
-7
-426
-47
-364
291
134
-9
-98
-104
68
62
-148
-51
154
-192
-77
-24
229
87
208
57
14
171
-104
-120
-130
-184
-117
-60
36
30
-107
-58
-45
-102
-84
-49
-95
9
-106
58
8
-118
-188
22
-152
-98
170
216
-117
79
-20
237
12
-116
-70
38
32
-143
-93
123
248
-78
221
-173
70
-119
86
-456
-110
-86
5
-31
153
36
-315
-230
200
-107
93
-92
114
-98
109
-301
124
136
-143
-74
22
282
192
93
66
148
121
-315
96
-19
-146
-55
-2
182
5
-144
191
-94
-417
82
131
165
-10
-289
-95
198
117
-95
52
-24
102
31
-168
-260
-7
56
-232
-123
-68
21
-162
-92
-115
82
99
-93
43
89
-193
-53
-118
-200
85
-219
-106
228
-2
-9
111
88
64
255
20
96
2
126
87
138
-177
-19
-18
-16
53
244
242
5
-88
-100
147
-10
-217
-53
59
267
87
-269
-11
-96
28
153
67
-319
-140
206
26
-63
254
-16
246
-259
-113
-287
94
-110
142
-248
79
57
-142
73
223
31
30
-100
226
289
-34
367
105
-166
146
95
-109
82
-15
-245
-100
-177
72
-35
-37
234
55
42
61
-76
-28
291
-2
110
-186
178
-114
-375
-46
-41
10
94
-276
-184
101
-127
224
-52
-247
32
186
-98
-77
57
10
10
104
-109
92
319
137
-74
-225
-76
-101
169
130
-147
5
-128
124
106
189
-202
-78
53
99
58
-87
116
-136
-253
-50
-11
28
-36
217
-91
-88
227
-59
59
51
-62
295
355
-198
113
127
-19
30
150
-103
-177
6
-213
-34
100
146
-197
40
118
-81
40
11
-138
22
-83
-243
258
32
-5
204
203
40
-43
54
55
-97
71
84
-208
18
0
65
188
49
55
49
106
-200
-69
-11
23
-262
72
44
-99
166
56
-317
181
9
-48
-86
-134
-297
45
52
-115
118
-12
39
-119
55
119
-9
69
35
106
275
197
30
176
191
50
-24
42
-95
-90
-94
-120
-24
108
28
5
-206
-67
-135
-201
-182
22
-179
-132
-14
-300
74
-18
267
-47
132
193
-20
81
-134
18
190
72
-84
-162
-26
-7
-77
233
221
198
-35
-24
-47
-44
113
-71
116
175
-179
107
188
76
135
-52
-268
59
-121
70
94
-198
-37
73
135
-62
17
-191
67
227
-41
108
-15
209
84
-73
-156
121
-36
-55
172
-84
203
-65
-109
245
-318
-168
-185
-158
-88
-77
-14
-43
-183
24
80
-186
359
-72
188
-164
46
17
-14
-94
-153
12
233
15
105
262
124
-40
212
169
160
-50
195
-61
342
-183
-32
-22
-124
-109
99
-26
85
24
-118
-43
-21
56
218
82
109
65
-175
-300
-40
-245
105
-186
71
52
-98
-11
-262
-88
-113
3
-119
-123
-216
-41
-236
221
-174
-143
-225
102
370
360
-60
-175
31
25
70
-114
9
68
-53
-248
226
-39
60
51
42
-159
-149
140
31
-30
47
-23
125
201
57
94
-124
29
38
-78
104
50
125
-133
-183
61
26
-75
20
6
-33
41
23
49
-66
39
130
-52
-39
-38
265
-162
158
-44
80
58
95
98
219
-32
1
-127
160
-220
-317
12
-58
139
214
78
-265
113
32
11
22
2
92
-44
11
77
0
-243
-74
198
148
-11
133
-102
-111
0
-278
171
-151
-200
-73
187
222
-164
154
-80
131
-199
52
34
-124
-70
160
-106
-265
77
-420
-24
209
-22
236
108
-210
140
-56
-139
196
119
-374
66
-1
-108
-64
-76
17
57
-93
-94
160
21
-33
-134
-219
79
306
-68
-153
224
0
121
120
-96
-28
163
284
-56
79
23
-238
53
119
-195
297
214
-164
-63
25
-27
204
168
-480
-12
-182
-4
-170
-65
-34
-227
-204
-23
-147
-5
119
228
-156
314
-177
-32
148
-56
-30
-344
182
-263
-162
-10
-187
0
-204
174
97
-277
-129
155
138
105
0
-52
381
-134
-54
-65
-7
-16
-24
-309
-18
247
-129
-191
-40
101
-60
-105
225
156
-161
101
-114
68
9
53
-28
-36
221
132
63
-154
-220
117
82
186
-83
234
-135
-236
-26
-39
94
-25
42
90
348
146
51
-45
-106
61
-176
-65
-28
154
50
-161
-15
151
-389
-62
104
362
71
60
186
238
-71
-220
54
98
-44
-238
-189
192
53
92
-62
-47
64
141
240
-145
457
-150
39
171
-108
62
-52
78
21
193
1
-135
118
232
129
66
18
198
-76
-376
-9
35
87
-30
-59
125
170
-146
-260
181
-78
-240
214
-97
22
-58
-179
159
7
-108
137
32
-27
175
-92
47
99
-4
75
-157
-11
-17
258
215
-196
-319
-34
143
-228
-76
145
238
159
-231
209
-94
-246
69
-56
103
-33
202
478
137
-179
-145
-119
-208
59
-15
266
-276
-61
17
44
-108
-56
-24
-32
1
-2
-172
-1
-18
-76
106
100
-116
175
43
-81
79
-164
396
19
-23
-210
154
47
267
246
210
46
-56
84
172
27
83
64
-48
101
294
100
-280
67
163
95
-89
-185
5
-37
-134
-80
283
359
155
-193
296
-138
1
201
-30
115
43
-46
-87
158
-124
-173
47
176
320
60
168
142
-47
296
49
279
-403
-46
-318
138
110
164
-160
56
-33
89
251
42
18
-245
-17
-189
34
0
-102
119
-144
220
200
-147
36
-65
-100
126
-196
-199
62
-4
60
-55
77
-269
-118
14
123
35
-47
-45
-54
203
150
85
20
-329
99
266
-203
-136
-214
57
-440
84
-141
-133
124
-249
158
176
-206
70
-27
-53
-3
-47
27
127
-166
-4
73
-64
-209
-194
109
-211
-65
91
150
16
23
41
-7
45
106
229
43
-169
-106
183
62
-248
-168
173
-93
145
144
170
7
-37
42
-95
176
-15
-25
215
57
13
211
-99
-179
160
-112
33
75
44
66
32
-37
40
-18
-75
-329
-175
-244
127
-39
27
130
38
26
-85
60
-248
-149
144
-149
157
154
-56
-59
-83
65
347
-12
-24
10
14
-103
188
-138
245
-52
-57
63
-280
-62
160
-21
-80
192
-55
-193
17
295
-48
-24
-132
-46
34
142
-41
-111
-52
57
0
-118
250
42
46
-92
121
303
-272
-205
360
-269
33
69
-54
79
-176
229
64
167
-196
-231
210
252
-102
168
120
-204
66
-43
-70
14
44
-151
238
-106
82
24
44
141
41
-19
-79
278
14
-106
-173
-19
38
48
114
-63
-254
130
178
32
-74
-151
-135
311
-94
3
-54
-61
59
-222
-356
22
-17
153
134
-300
-94
-40
-120
-73
-126
209
142
-50
-95
-248
153
-103
-169
174
24
-155
-58
-240
-109
-26
223
-1
-142
81
57
-27
-11
173
-225
-120
-1
-39
98
-20
30
139
228
170
-76
-91
2
-200
14
-126
215
57
-101
52
62
-54
5
97
-105
23
354
122
24
-18
108
-22
145
-188
-111
74
27
26
107
-189
-130
16
250
5
-27
132
79
-408
55
-78
165
-37
-252
5
39
23
11
170
184
-108
198
-185
-105
62
49
83
-224
6
-104
-48
188
145
62
44
223
63
89
-30
123
40
218
67
111
-311
-154
236
88
-35
-107
-113
2
179
-31
-8
-35
18
-2
-24
-88
197
-75
67
2
155
155
32
-78
-42
-125
419
66
39
-29
-122
1
171
276
-118
294
-44
-217
-228
51
36
-54
-21
14
86
-23
-32
111
16
-397
-178
238
-165
-9
28
397
24
-142
29
-151
-79
173
-151
121
9
-25
140
-51
120
-253
157
-38
113
-47
125
19
-25
248
11
-66
-94
50
-341
-182
15
58
109
6
-237
-94
-192
215
26
-145
-32
83
-268
-98
175
-271
-426
174
-146
-263
139
214
220
-102
41
-263
-13
113
-3
-53
-111
79
19
45
-22
11
130
33
-209
101
58
-126
97
244
-135
174
-80
-86
-60
-94
36
77
-355
102
42
24
60
-11
100
-137
56
96
-79
-11
277
167
62
105
172
-230
3
-183
-3
-43
101
84
63
-267
217
-144
-35
-119
-122
262
391
-160
73
-176
71
-60
-159
-187
148
-228
47
-71
252
282
18
70
62
83
155
14
-118
-33
139
-236
181
252
235
20
-3
249
316
184
-226
-82
-214
108
-64
-17
52
95
67
194
270
245
-155
-26
-48
-274
380
-220
-15
-94
77
-22
57
-113
48
-110
-65
-70
18
-53
-101
104
274
145
73
56
12
47
-27
-186
-40
-182
-21
-167
-3
-111
137
245
229
92
-188
176
-135
-221
-159
67
-73
51
-76
226
149
92
288
-129
153
-117
-71
159
273
1
-165
184
-226
-428
-200
-89
145
-22
196
-137
-55
159
-148
-114
115
5
-39
0
209
14
-166
-256
95
87
-292
-166
-11
-105
66
-158
-100
-127
363
-72
-12
-70
-27
15
-115
-52
-11
58
-321
-179
65
170
79
-130
1
-268
117
-51
-47
-93
-477
129
-80
141
-126
-12
94
-9
-135
286
-74
-23
4
-70
82
-41
-126
-152
10
202
218
-40
134
-303
5
25
57
-4
204
-74
148
8
231
46
-17
-215
4
-120
60
-197
2
67
-49
10
73
231
-95
94
61
-25
6
-192
-84
-58
-56
-92
191
387
-248
93
-64
130
23
121
-23
169
7
-150
-36
26
80
-29
-47
-44
47
-94
103
57
97
11
-25
-228
89
3
318
-216
150
-66
27
24
-75
-19
45
192
170
180
-21
-100
-233
261
9
13
146
-21
-321
168
-75
-216
100
-103
-325
136
-107
148
-109
80
-84
-122
-249
103
-413
-163
-255
22
362
-289
116
-77
37
-145
297
-66
-39
8
19
-2
19
199
-236
-113
-165
-56
-19
197
-105
-93
157
228
-132
16
-153
-145
-51
8
220
-96
-78
-64
-379
-184
13
116
-53
-66
-115
-105
-48
-23
-231
4
-169
-100
77
6
84
-51
258
280
88
153
-20
-120
15
47
-6
-68
-88
242
-156
280
-186
59
13
-25
93
140
-143
66
130
83
-83
180
-161
54
-68
43
258
-25
50
-58
-45
-72
278
-12
-199
109
-31
-143
168
-204
14
-114
-56
15
-143
98
175
-221
-242
-116
-55
78
-94
241
97
-141
-142
-87
55
-100
-91
-66
30
-68
162
12
41
13
28
151
108
-60
115
33
-200
70
-60
98
-67
-38
-22
-38
-99
103
-21
122
126
-39
226
149
218
-118
-12
32
-8
82
-51
-183
84
115
56
35
-78
-124
-32
-81
-158
39
-113
43
-103
158
259
-22
41
67
83
-138
-42
-45
-45
217
-98
152
-28
-166
-258
-134
-250
-98
74
24
-199
109
105
21
68
-46
63
-74
-165
217
-22
-49
-59
-159
20
-71
-132
-180
72
160
65
-110
-111
159
-260
-76
234
60
-45
-459
52
69
-193
16
33
-48
-42
54
51
315
-154
-228
-58
-117
-35
143
175
-123
0
140
-8
-13
-125
63
-45
-250
-56
209
-109
241
-41
-134
182
-239
143
188
-352
59
-61
341
202
16
153
395
-25
-108
110
13
-103
83
74
-239
-80
-115
-67
-133
-160
85
124
-247
26
266
37
170
-6
-123
65
11
-72
0
402
142
-43
-8
33
-31
53
310
-131
-196
-298
-39
-261
294
99
-13
60
160
9
-101
131
232
102
-59
-401
52
371
-43
157
-30
140
-89
-58
-209
42
229
-179
-136
45
-160
-114
-116
6
-90
193
-2
218
-70
62
278
-21
-252
196
-22
18
-59
65
-64
11
16
-6
102
69
241
-106
-42
1
-109
75
-142
-59
63
-130
198
20
17
152
141
-58
9
72
289
133
-160
76
33
18
1
92
-128
-98
88
236
-48
-320
-43
51
-163
239
-66
-116
-16
-121
-135
-121
55
-7
53
112
119
39
344
-97
-51
-20
-2
0
161
-112
-58
23
30
289
-11
-15
36
68
-96
-68
-41
67
98
-238
168
60
221
30
-330
-64
454
23
-40
141
-18
-214
37
220
-17
123
67
-52
-278
-121
-190
-78
-36
-81
-35
-99
128
-101
65
-159
-54
59
-3
110
9
-8
44
155
-184
-207
218
74
-202
31
-155
248
85
43
122
-94
-99
-410
-144
188
-108
9
60
35
32
-103
-364
46
-21
-138
391
-178
109
5
-60
31
344
214
79
-123
98
296
264
288
115
-156
48
32
259
221
195
-28
-111
218
30
-268
-37
-262
29
160
-52
138
497
-7
102
-82
14
264
135
149
249
-73
-174
58
-144
111
17
-141
238
-38
-5
-100
-84
-48
-49
75
-150
-159
-233
178
-100
177
216
145
-3
-202
131
-91
31
87
71
-228
40
-261
71
-108
-9
184
-66
-95
-199
-28
70
150
53
180
-152
115
-129
-90
162
-66
-93
297
11
118
-145
-137
92
-104
-63
34
-71
195
121
74
493
-472
-1
-59
108
-13
0
-134
186
322
240
-1
137
115
47
-96
150
113
130
281
238
66
-98
110
122
210
339
-10
315
157
215
164
-230
58
115
-8
107
205
232
-198
-4
-272
159
-143
-98
45
290
167
-9
-157
152
69
26
-247
-84
-161
-67
-13
-80
-19
107
182
-207
-99
-221
83
246
-113
63
-109
113
6
155
54
101
19
9
-180
197
139
89
-107
-9
-174
-97
66
23
-48
-18
-55
-107
-124
-87
-74
-108
227
27
232
224
-173
-85
-70
75
-129
-12
9
-60
273
-89
-41
169
70
-425
41
-121
3
32
-162
82
77
158
-16
179
183
-32
39
131
-54
-163
59
-30
62
5
-166
-15
-126
37
119
-118
-2
-112
18
-232
22
66
146
32
-138
-60
126
60
166
85
-30
-17
-13
7
-58
-38
198
165
-181
222
-294
-6
27
-50
87
-156
-95
38
-116
50
-71
119
-136
-116
-89
209
37
114
262
67
-114
-104
12
-103
36
28
92
233
150
-110
-6
-234
102
-62
-93
-70
-32
-104
16
25
-54
78
264
60
-217
15
84
-120
-11
202
332
-68
-127
217
54
-123
263
-269
-146
-8
-88
-9
175
122
-327
-216
-285
-167
74
-302
-72
-88
20
-60
-180
373
-40
-90
111
-136
-24
-65
-245
-75
98
-119
123
-111
113
-161
81
112
-17
75
162
135
-50
-243
-83
-69
-91
92
107
84
166
-40
88
-40
-130
-9
163
359
-58
109
73
34
-50
210
-120
103
84
216
-55
-122
99
-24
-354
203
83
13
52
-50
117
246
-157
-125
-20
144
-55
-57
227
-374
394
257
-57
42
-62
36
102
-117
197
-75
-58
-85
-349
-84
-185
-5
122
-3
-132
75
109
-60
216
-9
335
-70
-6
-7
-103
-269
10
-98
-142
141
-114
-121
46
-290
-101
-78
-12
-172
115
-135
-5
71
123
22
-222
-10
252
66
110
-158
227
279
45
-24
-148
156
61
359
-90
296
136
-154
16
286
-223
43
151
-28
-274
73
125
42
-59
9
71
92
75
79
-32
101
476
159
-50
216
-112
-111
45
150
85
-92
0
214
103
-282
-104
-45
150
-37
-208
-93
-43
-92
67
-90
180
-27
128
230
58
-404
126
32
123
-208
-43
-112
-54
76
162
18
-6
-220
257
-222
97
60
147
22
-139
187
-136
134
169
23
165
103
136
-11
117
305
-133
-9
-137
43
78
-7
-18
61
-72
2
121
216
-182
320
-169
7
194
77
84
-109
166
-108
-149
-126
41
142
132
12
-112
108
89
-155
-94
-94
29
-267
235
72
-85
183
-145
74
155
-189
16
82
-31
268
86
406
33
0
47
-45
-81
-70
74
214
171
-202
-195
-86
-334
260
-147
69
149
144
-45
-83
175
-63
9
285
-15
-99
-157
40
-64
-257
21
-83
87
-18
-14
-179
146
-24
160
-25
-5
56
-35
220
42
67
-8
-43
156
-364
-54
-55
-120
-33
-352
274
-56
-62
-93
-293
-90
0
-25
-101
-72
-157
-181
122
-3
-303
137
74
-47
-89
-49
261
-3
-197
-125
-91
-247
78
176
-176
68
14
-17
30
-103
-82
133
-84
13
-118
-18
10
132
-185
-3
117
72
223
-41
146
110
-131
239
243
178
74
251
56
56
311
23
186
-89
-131
-23
301
20
231
135
51
39
-141
-337
104
103
76
89
-108
101
-192
-220
232
-50
14
-260
-130
122
-165
83
69
141
-257
-129
-165
-45
188
160
90
-76
113
-105
77
22
80
-128
8
222
-52
95
-57
87
-134
87
-215
252
61
-254
255
-52
-276
-248
-170
344
-23
-83
17
131
-189
72
-186
-131
153
-33
182
5
2
-56
-305
-202
-111
-71
-158
-38
144
59
84
120
-102
-34
34
-273
106
-23
4
-148
-21
74
-195
150
-110
-357
49
20
24
-112
-74
240
33
175
-34
-84
-192
178
67
-61
173
-231
18
-77
-44
169
-245
-166
-128
-70
99
-244
27
6
-48
-74
110
24
135
-95
122
60
-145
-52
28
59
-178
8
69
-270
159
286
254
10
-35
48
-23
34
-38
-235
18
-346
210
-130
10
102
255
-36
-94
91
-263
135
25
212
16
136
34
151
-8
-4
147
140
-35
199
-159
128
-27
40
215
-50
52
158
-108
-225
-117
-49
134
-230
-36
-216
-47
-40
-145
-125
148
7
-105
131
-224
-206
-92
118
193
-103
-1
-180
-52
108
82
-165
204
33
209
-37
-211
160
-140
-160
126
5
-122
92
33
-52
-39
-280
32
-129
58
214
-13
-14
99
180
-215
-310
-83
-22
62
-37
321
243
-123
-155
53
-4
-97
131
-217
34
-39
70
133
239
-98
48
-39
-154
7
-118
103
194
-380
-360
-49
-39
288
-183
219
-77
21
-153
107
250
18
291
137
56
156
51
13
134
-52
-192
96
71
85
-158
115
-87
3
171
58
-151
-34
-84
247
67
-192
-180
-65
224
66
-207
-64
44
-165
240
162
-17
-50
-145
-89
-187
-237
105
68
-160
19
-342
55
-318
-248
-130
-3
-60
19
-270
-59
264
49
-34
10
156
15
265
-22
69
143
-133
171
-109
-110
-9
33
72
-8
-11
82
21
-141
-71
-110
247
-6
418
141
-253
-59
81
281
77
90
-31
-23
-49
-107
64
-201
-197
-75
122
111
138
4
-228
-181
8
52
-196
86
99
72
53
-72
1
71
29
57
-63
-98
-27
-75
28
33
56
-369
143
-56
100
-39
59
-39
97
-41
195
25
133
264
-243
-134
-75
-100
24
205
-239
46
150
155
183
86
-91
38
-56
-264
17
242
57
-64
-291
94
29
-118
-188
-90
-196
-359
10
122
9
-46
-281
-37
-238
-117
-62
-46
-214
26
-91
72
39
211
-62
-71
-42
295
-194
-85
56
37
120
55
35
-315
-24
4
72
-134
47
87
-36
8
-41
3
195
-217
-233
-57
53
53
216
-47
95
178
33
-294
8
149
72
-91
-105
-210
83
-197
146
-4
115
-140
-95
-27
281
46
201
-110
141
36
-8
213
-140
106
-165
-116
53
-214
-176
72
-228
-78
137
-196
-157
-77
-73
-107
-88
-151
3
87
22
183
-9
-30
-18
17
249
-132
172
-99
109
-54
-68
187
2
70
-21
-253
93
-36
-150
213
-39
-23
-148
229
-140
25
213
-89
-113
-12
-42
-71
0
182
-41
205
104
-159
-87
118
20
-170
72
95
-135
66
-70
5
-53
0
-375
64
-140
108
174
-205
-15
16
57
47
37
-141
50
46
217
7
16
23
244
118
-32
-3
146
6
54
122
54
203
-190
-76
16
180
191
-38
156
252
-183
100
-170
-198
44
-159
162
59
-32
-6
-18
-125
81
-337
221
5
-62
34
-9
100
-86
74
-124
136
-189
-43
5
-85
-6
132
3
447
-221
106
-8
-132
97
-308
163
-30
-55
-181
-36
-19
217
-69
-256
-117
-179
69
18
-95
115
72
118
-101
9
220
-192
73
-163
193
58
-8
-208
-140
-317
-191
311
72
62
-65
-33
-207
60
67
244
17
-205
-85
-72
-59
26
176
-11
115
-135
-73
63
2
146
48
-160
-176
-246
240
-14
-387
293
-158
-113
-30
-22
-170
92
-90
-26
42
-152
-174
42
9
110
-102
-12
136
143
-19
28
-150
153
-154
110
136
-56
-103
47
-2
-10
205
58
-94
-278
208
-17
14
-11
169
-78
-197
-95
210
73
-49
-93
94
-38
175
-58
-234
-88
-17
-38
185
171
40
-41
-129
-208
118
-63
-164
46
242
-123
3
-77
149
-113
164
-23
72
-198
-47
-166
59
-14
-92
169
-29
25
94
57
8
-72
254
-301
103
53
-80
-223
33
-53
54
-11
-61
174
32
-100
51
150
-233
170
-200
-118
75
-70
20
-65
105
192
-194
101
23
5
191
-62
-41
-53
49
1
-112
-331
119
-151
-1
204
-176
0
-165
-26
-209
-132
94
-163
-253
3
-200
-98
-3
-23
-83
179
-45
-336
250
-164
357
248
-34
-154
-62
-68
25
-70
105
16
-40
56
95
-93
267
-37
61
183
94
29
-188
-29
-102
132
-235
-31
52
135
14
-154
55
20
66
210
-247
-237
-81
-71
-199
-245
-120
240
42
98
294
-7
268
-105
198
-86
-52
183
-66
-163
214
-244
-14
-70
64
12
-260
-61
30
-32
-41
-38
0
-128
-61
-245
-41
-181
-47
83
-74
177
-387
-103
-107
-37
-52
143
-38
-24
-196
154
65
-45
-96
250
79
-77
79
158
-170
32
-7
179
-4
18
215
-58
48
-99
-86
116
-97
49
155
-156
67
-120
-128
103
68
-201
85
105
-273
-124
3
190
-110
14
-8
-5
62
-105
-130
5
-12
188
275
24
45
228
153
-127
143
-6
103
-151
348
92
-14
80
-132
36
194
-198
55
116
120
-29
105
94
-122
-32
104
372
81
395
16
43
44
164
37
181
-185
219
70
-142
-126
-41
181
137
286
-425
48
24
55
109
9
-131
-51
-208
45
122
100
23
52
-166
-261
-13
-151
-186
29
83
-84
-16
56
6
64
45
91
-216
7
-2
46
-52
-194
-109
-269
130
102
190
-262
-70
220
-182
-2
-5
65
-11
185
40
-15
-27
-416
355
-60
-125
42
23
-67
151
46
-82
-409
37
84
-119
-68
-146
193
-226
-117
46
-235
-182
57
35
57
-106
197
117
-180
-163
-76
-49
53
-11
218
297
-126
126
57
297
-5
-222
100
11
-185
-47
30
-169
150
95
-34
14
-42
171
38
-140
63
75
-163
312
225
116
-49
46
171
-189
-78
23
73
91
-23
56
-112
59
86
-234
161
-409
-30
-87
44
63
-52
145
-121
240
146
-106
221
-39
77
218
143
38
-128
-204
-101
-209
-98
-214
172
171
-3
-188
211
-26
6
133
-171
-295
-38
27
-111
-42
-42
-96
-117
68
82
186
-64
-139
-92
104
47
274
31
66
238
-78
30
102
76
198
178
100
-249
-61
-223
142
111
8
-190
289
-262
-174
305
41
-183
352
46
96
-137
-209
143
270
244
-3
105
-69
63
440
135
56
44
-1
134
-74
67
126
188
-74
44
-401
-103
-56
373
190
-83
-138
32
223
20
-59
195
240
90
66
87
-124
-126
-10
-127
-8
-137
33
117
53
50
-46
73
68
202
85
119
54
232
113
213
-425
311
-19
103
28
-10
-40
-16
-57
-111
43
113
134
-105
-217
-141
-36
108
-216
-93
-129
-185
-7
215
229
48
-15
-99
-15
-1
24
-7
-15
63
-104
-116
-97
-103
-402
142
231
63
171
-97
54
134
83
98
120
25
-127
-102
10
-44
-34
-28
58
-84
69
26
0
-34
-176
-295
-279
-24
-16
147
74
0
-277
-143
-18
-33
-82
198
-326
-76
-334
117
20
189
-187
184
87
43
-47
217
-66
-132
-45
-92
123
-100
-122
-21
-51
291
322
-61
-104
137
72
-66
-2
-293
59
-23
44
78
-279
-33
-151
192
74
-5
-9
-144
-25
144
44
-34
299
159
-7
-146
235
203
-70
-30
35
-4
31
-160
-91
-104
8
149
-49
-19
-46
236
35
-109
-11
125
-47
20
60
-246
-95
-174
-165
24
139
-249
36
-43
7
-159
76
-106
59
-28
133
86
-76
343
192
-21
-78
50
110
163
-15
-53
225
-23
-4
-102
-17
131
90
252
62
-71
-304
76
214
-38
-3
-74
79
99
30
194
165
72
-69
68
-94
-54
8
-56
26
157
72
-81
-160
138
-111
-110
39
151
47
474
-181
-506
-327
-3
42
193
-173
-142
-162
-160
36
176
-51
-134
-132
119
191
-9
-128
131
5
231
-175
131
-191
-185
207
-295
33
361
-172
136
88
-84
51
111
148
151
368
10
116
-114
101
-170
30
-100
-29
44
-219
-216
-119
-40
-234
-83
1
-54
-63
-20
-197
-72
35
61
152
-15
-55
97
49
-75
86
23
7
-69
187
57
-26
-142
-54
-66
96
124
88
-83
-128
214
-31
140
-185
-97
138
177
-5
-50
2
-141
5
-86
-2
246
-68
47
-117
121
320
-125
95
-57
194
-91
107
183
73
221
-6
77
-125
-93
-270
-348
-5
-201
132
16
82
32
152
-31
-100
-80
35
-62
-227
76
-81
-328
127
20
99
156
-60
-119
377
21
-68
-2
-10
-224
92
-273
30
12
125
56
-58
-170
-47
229
41
116
213
-152
-69
190
77
-133
106
-147
39
-92
-84
52
118
-191
92
5
188
52
-145
-47
39
64
100
-92
-74
136
-220
-296
-17
-400
-53
44
-21
-72
-67
-144
35
-147
84
-123
322
-206
-6
154
-46
79
-94
-189
-170
-237
-180
23
-22
108
31
-44
65
81
178
-254
73
89
-29
-49
6
-80
-360
-99
24
129
-17
-77
139
92
-137
-214
-53
37
110
-18
-79
48
-117
53
-127
148
-69
-16
-136
129
-55
-79
-16
-112
100
-193
48
22
-5
-240
-225
9
-148
-170
60
-125
0
-8
-169
354
-191
-137
64
80
-157
-150
49
50
-82
161
-39
230
-77
82
-164
-25
-19
36
-6
327
-199
342
180
175
-129
-15
41
-29
-58
-6
-217
-124
172
-145
100
-79
228
-54
-82
-174
-245
-45
194
116
-40
-68
5
273
193
-187
-201
96
-124
17
18
346
109
332
-304
118
-186
-144
-138
-132
186
93
234
-6
-103
-108
-35
-21
-41
-109
-23
91
-161
67
-23
-90
262
15
-109
20
83
117
-62
-33
-278
-19
70
83
-64
-48
-155
-51
-17
271
59
-115
-202
101
-79
10
-33
-38
64
59
13
253
124
-95
138
32
82
-44
43
-265
117
13
-104
-103
14
-236
227
131
23
167
-47
-6
88
20
117
39
-1
-12
168
-142
113
136
39
-105
74
-116
-64
-83
101
-156
79
-356
176
153
5
-46
30
170
10
45
-119
45
-180
12
-225
-133
-218
-142
-221
170
235
-16
-126
-57
-38
-116
-1
-88
62
-152
40
190
77
5
-37
-299
323
-38
133
-262
-245
126
-39
67
-24
-30
19
107
183
-5
189
-21
-65
-6
-53
150
3
108
-91
262
23
-10
120
196
46
164
200
36
56
-34
-71
-132
-10
33
220
188
33
-94
284
-276
-124
19
-93
32
292
-85
-113
-45
-72
-113
102
29
-43
35
60
128
132
-250
-49
-132
176
-47
72
226
11
178
-84
28
-32
-139
-5
-153
44
160
315
-223
5
28
34
193
-11
-67
-85
16
157
65
-56
-138
-163
-136
109
4
10
-49
132
66
42
46
-33
-25
-41
-66
206
-66
23
291
32
135
86
-48
-81
-239
-3
32
117
-147
0
109
-8
355
246
110
108
-9
223
-30
-228
-12
139
-114
-252
-26
-151
-79
-135
88
-42
-302
-104
-34
60
69
-86
162
-90
125
182
73
183
207
-152
231
61
-188
4
-81
213
-147
-85
-133
50
-62
-91
181
-7
-91
135
-131
-134
41
129
-48
-119
-329
179
-35
-45
29
168
-232
-49
13
-89
-21
-113
-167
90
-109
-47
-207
-5
51
-8
114
-14
-42
-275
3
-184
81
-165
41
13
131
-13
-106
41
-127
-158
182
-98
-8
-132
33
-185
-67
19
49
-226
-14
38
87
-160
-18
-53
-97
-18
13
135
23
-57
22
-192
99
68
118
-149
59
179
-112
2
57
-20
-32
194
242
46
-174
-32
71
100
136
151
-106
-348
-108
-40
228
-79
-160
-99
216
-6
-202
44
-217
-178
238
61
103
-107
102
-87
-53
227
247
-99
138
-13
188
32
144
26
114
86
-32
-149
147
134
-7
30
-31
-54
-125
153
-76
195
-91
-130
44
127
-133
-111
158
118
105
3
20
53
-44
37
-141
27
-176
-107
-233
109
-134
-72
9
-71
270
284
20
219
30
65
-204
-157
1
-68
-33
-52
-161
213
105
-151
78
-273
-99
-25
-255
159
-260
-128
91
55
35
129
205
-145
-126
-56
45
-71
-170
185
121
-36
-274
-197
129
434
31
86
2
-98
-53
-275
189
-167
75
75
208
-29
-62
31
-186
136
18
9
37
-190
139
-52
-62
168
350
-78
-153
142
66
-14
-79
-193
-107
-18
-28
-80
339
64
-118
77
-170
-235
287
184
-64
173
-162
-108
-173
116
-169
-337
107
-358
-109
-155
-155
-51
-333
7
252
-41
-294
-42
57
71
-19
63
-22
204
-65
-36
88
-62
-38
-12
40
182
210
-8
418
-18
-278
-73
-171
249
76
214
-113
-24
99
-27
-49
163
23
102
193
79
-141
25
345
257
211
-303
26
-169
9
198
-244
130
41
-129
89
-78
265
-140
238
-60
81
132
54
19
78
-155
56
-76
-76
271
209
220
-33
-76
-6
49
178
-58
-28
-134
-221
-51
181
-80
-227
93
147
-114
67
106
26
-44
17
9
36
-178
-39
-46
-14
-145
13
132
-263
-136
49
145
162
-9
54
-196
-220
39
-118
-97
72
-66
173
249
140
-23
-11
140
-252
-73
-36
124
-169
-61
-157
-105
77
10
120
93
-17
226
78
-22
313
-162
5
-17
-150
-236
-326
-15
-66
175
136
-177
-117
47
41
30
-132
-149
134
-242
-107
42
-51
-269
155
-68
-265
-167
148
-72
-81
186
66
-11
12
12
19
-132
192
-23
-61
-140
-94
242
-103
-10
-6
16
148
-272
60
-85
-163
-16
-215
-61
37
-200
4
-41
32
69
57
-122
-102
-32
-215
-187
103
163
97
-197
4
68
-57
130
16
-237
-228
69
64
-116
-295
-110
68
329
-147
-286
-27
4
-160
-151
29
43
283
-175
187
-63
181
-134
33
112
76
29
64
-241
32
-26
7
42
-116
-55
136
-48
125
-18
-30
-78
-343
24
80
138
168
87
-91
-231
-316
-335
191
24
265
-8
99
-366
-305
46
57
-275
-12
-66
-10
-27
-123
54
-75
235
-54
198
-177
-151
-61
206
173
-98
-97
59
227
-187
13
14
58
-47
8
-185
46
-21
1
-126
122
61
-19
139
-113
52
225
-95
108
-1
138
-89
-49
66
-49
-56
95
19
238
-132
-360
-99
267
165
-103
159
86
-70
-118
241
-22
75
-188
112
-26
-184
296
56
-201
-137
-214
84
-338
-153
111
-54
-267
-55
81
-59
-18
37
-106
116
97
-288
198
458
211
-11
126
100
211
-63
-202
-141
-64
-82
128
-22
3
78
-20
9
-78
-228
226
-120
-174
43
69
2
33
22
-85
-202
74
-123
-88
10
-39
112
-237
-221
-130
-31
-20
57
42
92
42
27
114
-319
151
-195
15
-44
-121
151
8
-37
-75
-142
-21
142
161
47
28
308
35
-95
-92
-109
-42
226
-176
134
264
175
95
-79
-215
54
0
162
-50
37
91
135
182
-21
69
-181
-201
-115
75
333
-142
1
-55
35
166
31
-88
-286
37
126
44
81
-215
-45
-97
-113
-18
66
-316
5
-142
-147
126
57
-129
76
-44
76
311
58
183
9
391
64
90
82
68
-218
210
148
28
-111
-189
-271
123
30
-63
135
98
149
-190
41
196
170
38
-115
-12
-176
-133
115
62
191
65
87
248
-208
-81
176
130
141
101
-12
-1
187
69
-216
131
47
-37
-19
209
120
-176
120
-237
84
-109
234
32
84
259
-31
-63
-49
-100
-12
-9
-40
-47
-53
116
193
-162
67
91
159
-23
-32
-70
48
31
117
96
190
117
-85
208
44
-97
169
275
-81
166
-132
89
51
-327
356
167
-92
-197
-149
108
81
-55
-113
-47
33
-138
60
-174
28
194
63
-130
146
216
-245
-139
47
-189
73
-409
116
65
-83
113
-86
-46
-17
-17
271
-269
-43
20
-7
113
228
125
231
-116
-46
65
-80
-108
139
51
233
42
104
47
-40
-27
86
-131
-230
-44
-50
131
334
-3
19
-168
-12
30
31
-157
-87
9
207
259
-62
-128
-243
-112
69
-127
-4
-71
224
-32
-10
147
2
-173
183
-222
-165
116
-5
-46
220
52
189
-126
288
80
-182
-73
224
-10
222
81
-138
-314
108
-31
-109
-154
214
-185
212
-275
112
194
-17
157
-58
-42
19
80
94
85
-99
2
117
2
-1
-225
171
426
-113
39
71
-94
71
-31
82
143
32
99
128
307
-290
-71
-56
155
-55
-79
-65
-218
148
-27
-263
-154
-378
-49
-33
-59
-79
-126
45
-22
-33
-92
8
132
-152
-86
80
-4
201
-123
-276
145
37
-27
-53
80
46
-258
-59
125
-73
12
49
-128
113
-66
-49
47
0
-201
170
-23
48
-14
148
-190
-43
172
-122
-46
-214
-24
18
24
-220
-9
291
136
-2
225
0
48
93
-77
237
10
-149
-15
203
-10
-234
174
-69
-102
56
-98
-207
162
44
-29
-204
-269
109
-65
-181
21
-141
-106
82
199
6
-279
191
36
150
-259
68
8
261
-58
-131
-40
248
-70
-45
-58
-108
-77
-221
29
-75
-249
-26
-130
11
230
-127
-36
-73
104
131
191
178
18
35
-9
-287
115
42
109
43
140
88
127
35
-66
-91
259
98
-36
7
-120
415
-19
-208
-138
-281
119
49
-27
69
15
290
-200
48
-124
-34
-136
-157
149
120
-175
-84
4
28
-82
52
154
107
99
-112
154
102
65
-100
81
-309
-121
51
-99
-41
-13
-36
-370
-126
-145
179
165
-188
-170
-82
10
-355
-242
51
-197
-70
-38
-37
-204
44
80
177
38
-90
-127
23
33
-185
53
-93
364
58
-80
-92
-97
153
103
-49
207
117
-19
34
117
172
326
193
4
84
-84
-237
-142
347
179
-126
11
-199
-226
-66
-68
107
-178
96
122
-62
-150
-115
-168
-246
255
107
-112
-333
-157
-30
243
-36
-118
163
33
-103
-88
102
-144
-44
237
91
-70
280
236
-120
-119
-121
45
-196
213
138
-180
-4
173
-146
75
59
-225
7
92
-26
-29
-342
-395
-13
-368
16
-161
95
117
372
69
168
-3
126
332
24
-93
119
20
-62
9
26
-142
60
4
-36
221
-128
54
-51
-74
-11
-78
146
76
-268
-247
-32
185
57
-65
-139
47
199
43
-48
-72
-255
31
-172
-7
-6
154
43
-169
45
-88
83
47
-330
78
-289
59
17
-104
218
-33
-75
190
260
143
41
-26
-202
-77
11
184
199
16
106
-132
165
-253
-294
-183
40
64
-16
32
-35
41
-36
75
-93
7
-188
-160
-113
53
-7
-52
-129
42
216
229
125
-122
-13
234
-201
277
98
199
-22
203
-31
-137
60
-92
-183
-56
18
159
-74
-129
-56
-58
158
-60
-122
48
70
213
-63
32
-38
7
-4
45
-137
-23
68
-234
-60
-235
37
185
-17
-56
-6
115
124
11
-100
70
146
53
-180
-304
178
-11
-103
-125
176
-2
90
125
3
124
-177
-36
-261
46
362
-129
-88
-259
-28
-26
-201
122
11
-48
82
-120
83
243
-6
-88
-84
-118
272
-29
-104
-205
165
-17
208
-4
-262
-125
62
-153
258
-340
-180
-97
158
83
-208
105
80
-37
87
-91
-156
-144
-104
251
50
14
-127
-48
-244
59
141
-25
220
-31
105
-79
-203
188
-98
29
-122
205
-139
-173
3
-159
55
225
206
-133
-56
21
130
-41
-96
9
178
74
-51
119
-48
133
167
-225
-237
-320
-73
5
-201
251
-128
-91
-271
-267
-44
201
-99
-100
-82
87
-218
-134
30
-90
-179
65
109
53
31
-92
59
-2
4
141
163
-97
176
-246
-42
-151
52
-38
-37
49
-87
161
-40
-146
-113
30
90
-163
-236
194
111
-94
224
130
29
1
33
-199
-163
-87
-244
23
-78
-112
80
123
-206
-17
16
-133
3
-33
11
142
187
10
102
-98
-31
103
62
80
-60
117
112
-231
19
187
-254
83
-3
-249
-16
134
65
-155
62
-7
-61
191
-90
-168
-279
18
-168
141
-78
-127
225
117
-48
-12
-69
269
111
-344
352
-21
-115
51
125
201
4
103
32
71
16
-113
-113
-33
-213
-82
258
4
89
144
-94
-36
-275
-199
-39
152
-12
125
-13
-237
-196
45
8
4
230
19
-142
50
104
-53
12
195
-262
223
-65
45
63
73
-85
-14
173
35
-306
-369
98
131
30
220
-130
152
153
2
-258
-5
-49
-133
-100
77
-3
-54
26
-104
172
-6
64
71
-146
-232
71
-326
40
1
179
57
28
128
127
-38
253
246
-134
-157
176
58
111
-37
-339
155
1
-8
101
259
334
-7
-67
-163
230
72
19
-47
219
58
-149
64
101
125
151
-371
291
1
-23
-48
-27
-9
105
17
-109
105
170
-79
9
-229
-147
-87
137
81
61
13
262
-312
10
103
73
-133
-91
-72
-336
-307
25
-17
-63
72
344
95
-239
11
29
-4
-192
63
-15
35
-40
33
42
-56
-42
-290
-32
-8
254
210
57
-200
-10
206
-231
134
-37
-5
-37
-182
-46
209
125
82
-349
-220
177
-44
174
49
23
-55
-254
-12
-178
-239
-121
-85
85
-86
-131
-51
37
-9
-209
119
14
0
-236
94
251
60
7
26
134
6
330
-55
244
-325
-247
-44
-9
136
-104
-212
77
-86
270
-78
-120
290
-121
-84
1
69
-95
163
5
-195
-25
42
-39
141
234
180
-90
124
-88
14
147
-208
200
165
125
-191
-13
321
-63
-234
262
-32
-88
-27
-58
-168
144
-68
-207
-547
-150
-199
-4
-28
-114
171
-45
-72
49
-1
-292
158
-79
-9
76
190
-120
87
139
-252
-101
61
243
-227
-53
-116
-49
-199
355
31
13
40
-95
-219
-33
81
105
22
-83
-29
-111
-120
13
-70
123
-144
-259
96
199
-186
-68
-128
174
-118
244
-249
-191
95
-80
-29
51
-214
116
162
-55
60
36
-27
-169
43
-97
97
-88
-137
171
-85
-187
-115
159
-105
166
113
80
-249
3
-78
128
-78
-174
-174
-34
-153
-120
-112
-93
-162
68
-115
23
96
-34
60
92
269
7
-49
109
98
369
188
-364
119
80
164
60
-336
16
47
-125
-135
109
107
181
-26
-129
-230
121
232
93
-114
161
8
-84
122
307
-252
-38
192
-168
-3
-216
-78
134
182
-17
-191
-41
61
-53
275
28
163
105
-122
185
102
-285
-62
-347
88
-100
58
-35
389
-44
-154
63
-105
-192
-24
42
113
-1
76
82
-127
-93
51
26
80
-54
-20
-41
374
48
18
72
70
80
68
44
61
37
41
-270
-248
161
94
-261
60
192
-131
33
45
313
104
-7
43
-40
15
-72
-81
-280
-259
177
22
-61
251
-58
224
55
-101
124
-68
-72
-19
-106
141
-217
-29
-37
88
26
-279
124
-354
-15
-172
-167
-57
-69
61
28
-118
145
266
-10
-16
-15
105
-13
-130
222
-149
-338
214
-192
361
-11
-61
-208
-257
213
95
117
-231
52
44
122
-162
51
-38
302
102
50
121
-82
-101
-65
168
-127
133
-228
-288
239
206
-160
-23
68
162
-98
-5
-82
-97
-113
61
-207
-73
112
-21
-75
-121
-5
97
-61
109
142
29
131
-196
-94
71
-85
-181
-4
293
-55
275
-212
230
19
-121
-214
-43
5
51
-27
290
-151
-85
-99
-228
95
127
100
-139
-192
-53
-55
-120
59
79
62
-34
276
49
-111
-118
142
-142
-270
100
-35
136
-112
-78
-32
-143
42
-253
198
48
-66
73
109
-213
222
-199
-7
-195
244
-94
58
155
-223
-48
51
6
-318
124
33
-197
-150
-100
35
-247
51
-203
113
36
-73
224
484
241
-355
-204
175
50
17
-104
-37
-83
-128
25
118
-135
101
-57
101
60
102
-114
-28
-128
-97
-293
-5
-78
50
127
-178
-72
31
-2
-33
-67
223
21
162
-47
-32
-255
-21
-287
128
-304
-238
214
131
-242
-18
-139
-113
-19
-138
152
-187
18
-110
-41
-159
256
97
119
-33
-208
30
45
-47
29
51
-50
317
102
-178
101
-65
86
-13
-352
-54
-38
-134
-10
11
-266
232
306
51
-22
-32
-299
-193
-96
112
370
-144
128
-269
86
206
-44
-94
-83
-109
2
101
151
-95
-120
139
-118
-174
-23
77
31
36
154
-65
33
-123
-220
137
-189
-21
325
85
159
170
220
-1
55
276
54
-63
-192
5
-144
242
70
-236
-151
-30
-34
-20
-127
-100
-81
-39
-216
-219
100
78
19
-116
-111
-370
-61
-10
168
-16
-230
61
-106
116
96
151
493
132
-88
170
339
-79
45
-166
-21
32
-61
11
249
46
-106
-111
53
-116
113
189
-66
-42
-24
-288
-8
14
-77
150
-116
-91
163
31
322
-201
-130
220
299
-114
-52
29
-227
122
126
-234
-184
-137
-343
3
-26
30
53
-2
98
-16
53
-83
31
68
-209
-122
-24
-187
57
95
-100
85
126
-150
-167
-46
-50
-26
10
-156
80
0
2
-114
-132
168
217
-16
94
118
-57
131
-221
113
168
408
70
38
87
-327
-20
-79
-185
192
30
47
-121
-145
-175
119
-129
224
-119
153
113
49
104
135
-247
-52
-38
-147
-209
-84
81
91
103
-105
-133
104
-144
279
-106
78
-115
126
-42
-156
-68
55
-114
-44
-216
47
-125
72
-85
327
16
12
18
-117
-80
-106
109
-145
49
-81
-219
292
42
-125
-39
49
179
164
135
-184
-20
-35
-77
87
-58
203
155
-70
263
206
28
-138
-78
168
-62
-113
-146
-173
-101
163
-2
-319
-46
-57
-101
-129
-184
-107
93
-24
-26
-114
-96
23
-37
-216
-142
-191
181
-56
-2
29
233
1
72
-152
-140
-6
39
4
-219
-147
-33
16
-150
297
-83
114
-27
171
110
149
-14
130
-61
276
26
194
116
-147
331
76
-304
-111
-127
89
-28
-24
25
-147
78
-126
118
19
-7
166
61
-56
340
-149
-26
386
-122
96
-214
133
-228
21
255
152
-4
-3
21
162
-93
-46
132
-154
12
-101
162
-155
-32
170
1
-36
21
-181
-212
-6
-134
99
24
-19
-349
86
-40
-28
24
202
50
81
75
-39
-157
60
80
114
144
32
-26
-176
35
163
-89
-59
25
194
-402
37
241
-79
270
-108
-204
263
-20
-82
-32
-94
-101
14
-21
150
-45
-19
-306
57
-68
62
-166
53
-35
-161
-161
213
-21
17
-8
35
-88
92
-95
142
-227
-42
-42
52
-291
-105
159
-7
70
-105
-166
184
-198
-98
332
153
13
73
-183
101
-87
52
103
33
114
71
-101
23
-97
84
62
169
163
177
175
219
-73
-27
-175
-92
94
-51
17
58
159
-46
302
180
121
-110
-250
-272
-110
71
-284
-3
-28
252
48
94
47
68
33
113
-23
-257
-104
113
-279
-208
-32
-349
-132
150
-1
-91
-167
27
-3
32
-55
-326
-30
112
69
335
89
88
105
539
-340
266
251
33
-1
17
33
21
81
10
118
228
9
-74
219
-115
-3
128
215
62
271
-171
-184
192
-145
-190
268
-88
13
82
116
-129
57
64
0
-81
-143
-126
6
421
164
163
-62
92
-223
36
-8
63
-200
117
-109
-166
-151
-125
-29
152
147
95
58
-31
-237
57
-34
-49
152
4
119
238
-254
67
64
159
16
-75
67
285
-183
-134
-204
33
81
-312
-108
7
-62
-46
-96
-68
-133
-73
-22
-7
-205
-298
-17
-179
-166
-27
-112
-125
-49
17
186
8
63
-14
-64
33
-36
29
-131
109
7
23
147
-89
69
17
-69
314
55
105
-26
-35
-304
65
257
-418
143
-263
-65
-125
249
-243
-38
6
144
-131
87
-31
-43
48
48
-76
-348
-22
-52
16
-32
148
74
-8
-99
38
-101
-75
-50
-254
-318
20
41
-199
35
103
285
-204
-92
115
-53
-98
159
-289
92
-114
-12
-78
313
102
180
-57
-101
49
79
-219
13
-186
-143
-49
-122
-111
203
-121
233
2
260
36
16
-144
-73
-84
46
-130
-329
-123
-111
-94
0
141
-26
-36
-270
20
-155
139
-73
-118
-54
-198
-274
408
-48
303
-166
-252
-40
157
277
66
-26
90
-50
-182
113
104
161
-82
74
61
-105
104
100
-166
22
-275
307
269
-178
-106
170
-153
-180
-98
-86
-142
4
131
-138
-155
182
103
6
26
62
-128
-467
127
-166
-1
94
101
71
236
129
29
123
40
305
43
-38
81
313
38
-6
-150
125
-270
-41
170
-12
-152
69
188
-15
67
96
-30
133
-213
-151
-46
-188
0
23
-116
-248
82
-38
118
-139
93
31
-19
-11
-11
94
-55
-200
-40
80
147
-294
-246
-26
91
191
21
-11
96
96
30
280
131
-9
87
-154
69
125
171
-63
212
101
-90
-68
-31
157
-80
-115
93
-133
-193
131
-37
31
-5
20
-29
4
-71
48
6
-68
-185
57
-107
73
-145
-192
-38
76
0
-38
-230
50
90
-70
30
-59
136
-218
-49
42
176
147
-150
-262
-125
-255
-61
139
103
136
-114
-171
-38
292
72
60
-21
-84
47
-135
28
116
253
260
19
-231
7
278
214
-98
-11
287
114
33
-188
-82
-25
26
-301
-36
-86
36
183
1
223
-102
220
-28
-76
-236
145
-62
107
268
-165
-15
-23
271
91
-98
-46
-52
41
354
70
9
4
134
91
-132
126
-187
47
-72
-211
-175
-133
-171
170
203
-78
-45
-56
93
82
63
-102
367
-193
259
106
160
-199
58
68
-74
31
7
-435
-125
10
-1
-150
7
-40
181
16
-234
-138
-63
-129
-77
-44
-44
-132
-12
29
703
-80
264
-142
-132
237
-66
166
-141
-134
-154
-33
-9
-97
202
128
78
161
-21
259
100
-167
191
-31
87
146
-30
-59
267
-257
-80
168
-89
-22
-240
198
-104
46
-13
-272
-24
-111
-26
110
168
-59
-17
250
-103
-127
140
-106
187
-10
-70
126
-58
44
24
-16
-316
94
145
-144
-123
-28
111
-58
-48
180
-99
-108
93
-114
134
27
19
78
-138
251
-185
-255
-47
-208
241
126
194
281
131
22
-144
-131
-93
173
112
-270
23
-284
-100
-179
-43
-63
-250
60
218
283
155
-14
-26
-43
-315
59
-144
152
-16
42
-75
-102
-98
1
288
25
60
-22
52
34
-78
-133
248
112
115
-326
-232
167
3
-156
-81
26
-195
-136
-184
127
-245
226
65
-69
113
94
-114
37
100
3
-39
174
-169
-85
-87
119
7
-27
89
-102
12
120
-187
-120
-142
86
-262
125
-50
27
-71
58
206
92
-2
-43
27
-113
-71
-31
37
98
-152
293
-101
-46
91
202
41
74
-107
43
0
192
-25
121
142
-13
72
0
90
-120
-4
-69
46
171
-143
-96
320
212
-68
-97
129
-49
428
17
250
-125
149
185
-275
-171
-186
151
562
51
115
77
65
210
150
82
-86
210
-41
16
13
-44
-160
-8
-153
26
186
96
-30
-307
-219
35
-41
211
-39
-31
-34
200
111
-9
5
-177
-180
77
216
6
-7
-50
-97
10
67
93
144
248
-21
-26
87
11
76
12
155
140
26
-57
177
89
-69
249
-201
-195
-86
-59
-90
-6
-23
82
143
-210
-5
66
0
-92
-40
159
-28
-187
-44
320
30
14
206
-160
-305
85
228
-230
-151
-72
-17
-159
-203
-114
-2
100
-17
69
235
237
-4
-51
129
-31
-141
312
136
-130
-53
-48
189
28
-92
-85
196
206
-17
-106
-155
209
60
-162
203
239
180
146
141
-26
-61
-202
24
277
-100
118
136
-223
-79
-116
53
163
-80
-64
157
-1
-108
140
-70
114
-13
64
11
-15
5
-93
176
-217
98
-42
-297
-10
-34
-79
-70
-146
127
103
-100
153
105
-95
102
-20
101
-39
-45
-144
102
-85
172
-262
89
63
0
-33
231
-50
51
-55
113
-54
-21
114
-250
-31
-5
58
101
-78
-13
-42
286
-88
-28
46
30
159
80
200
44
-266
176
-29
-114
-87
14
319
-356
-27
147
-179
104
-192
-47
-109
-163
-73
219
19
67
-99
98
-332
16
-15
76
12
101
-303
-52
-181
12
201
-439
-56
148
-88
135
-76
-9
207
146
-157
-43
192
-157
97
124
-173
105
-204
-55
-256
-267
11
70
116
-64
17
154
-48
-8
190
280
-217
263
-115
-231
-326
-104
18
204
66
-311
171
-207
-241
48
0
134
-132
37
-7
-258
114
-106
-12
255
-114
73
-91
4
136
-264
-44
-218
-206
-193
-6
9
-33
241
23
-280
142
-128
73
98
134
118
267
-144
134
-97
-239
12
-49
-137
-116
76
-133
-137
235
-180
16
287
39
-158
-219
85
197
-73
-29
35
8
203
132
-185
202
103
241
42
102
6
-273
249
-17
117
-62
-97
94
-175
29
-180
30
13
14
-48
-8
-100
-55
153
226
-207
141
226
22
108
-141
-30
158
57
-5
28
-105
63
155
-69
-243
207
-179
18
-59
64
16
55
209
-92
174
-281
73
-206
102
-156
-253
-160
160
-64
-32
173
34
9
7
-138
158
-139
229
25
-34
129
241
425
-71
-180
104
-60
-114
-149
329
51
79
90
15
6
158
127
-56
380
78
12
300
-237
72
151
17
56
8
-219
51
-191
160
-171
121
83
178
-325
-53
-22
46
-25
-147
188
36
-117
-169
85
140
74
-177
163
80
-77
154
33
-92
64
-157
-56
-32
-81
37
-100
88
54
34
13
272
-77
224
-155
17
-306
136
-353
-2
99
231
61
2
-250
32
-25
-103
-166
-161
-196
-110
-51
139
-122
-171
100
-56
165
304
-119
-33
190
-54
-73
30
174
94
-19
55
-4
172
-144
-89
-114
1
52
47
-76
-30
187
103
222
-127
66
176
90
-298
118
-43
-117
273
-67
-87
-65
228
-154
-11
135
95
-193
135
282
-30
-367
44
-198
90
-238
223
-58
39
52
208
212
-39
171
77
94
146
48
213
-140
12
182
102
-4
-81
-83
166
-114
-86
75
15
21
-170
-141
96
122
-50
252
15
-133
154
-148
34
4
153
43
-276
31
25
4
88
-204
136
-135
-257
331
-86
-179
-499
121
92
-71
55
-41
22
-109
-203
-81
-117
-236
-132
47
-157
-37
344
17
289
63
201
-10
69
-15
341
99
-204
-87
107
-161
-154
-97
-49
-41
19
-22
-36
249
-134
-97
12
-256
-129
-68
206
34
-136
-125
19
-89
-51
-112
-165
22
-182
252
-148
-59
-74
-306
24
-147
-164
112
75
170
-220
-60
262
-16
32
252
-170
-284
52
-46
-46
-18
73
-48
-60
151
15
42
195
48
18
-197
198
-62
41
103
339
164
35
53
-4
-1
-203
184
-18
141
51
-72
-140
-164
96
21
-123
198
89
-187
-105
84
-373
296
31
-157
55
-47
-118
-70
135
-183
-56
16
-3
-18
40
-214
-29
-143
-15
2
-216
-153
-73
-88
69
-84
-261
112
-53
5
-1
-51
-18
265
-140
295
10
-334
80
-100
159
18
17
-176
-131
-85
-77
-66
298
266
6
162
67
10
-4
-280
-47
-65
6
236
-33
192
-8
185
278
44
-13
48
-241
191
124
147
-326
155
-42
-92
106
32
-98
43
70
99
-39
260
292
-254
104
59
106
80
-54
-137
24
44
225
68
1
-118
-22
13
124
-9
252
-34
-97
-54
38
-165
-107
-4
-127
75
101
-250
-42
-149
17
147
116
-103
-64
-135
41
-119
210
51
128
-149
-36
-15
187
-21
82
87
-179
70
-157
21
-123
-59
25
155
-138
-179
203
11
130
114
-7
98
-163
13
371
-102
304
74
-311
30
199
61
4
126
66
122
-123
-191
86
189
-89
-51
92
-271
99
-53
-121
24
-44
32
-105
-2
30
174
-56
-93
-139
-57
49
51
70
-186
-106
235
23
260
238
44
175
-197
-54
101
181
90
274
34
122
32
-235
-2
82
-163
-202
-27
-237
52
252
30
57
-222
71
118
167
61
-59
82
-48
-192
53
134
-213
184
-79
1
-126
56
-187
116
