25 60 169
0 5
0 11
0 14
0 23
0 24
1 10
2 4
3 1
3 13
4 5
4 7
4 16
4 18
5 9
5 24
6 7
8 9
8 13
9 3
9 17
10 7
11 9
11 24
12 2
12 11
12 21
12 23
13 6
13 7
13 13
13 21
14 1
15 3
15 23
16 1
16 15
16 20
17 23
18 14
18 20
18 24
19 11
19 13
19 17
19 19
20 4
20 6
20 17
20 19
21 10
21 18
21 20
22 4
22 10
22 18
23 0
23 5
24 6
24 11
24 17
24
7
33
37
13
43
0
4
42
39
17
56
41
58
22
30
44
5
6
59
29
2
10
40
8
53
49
34
57
21
35
55
23
46
38
47
50
28
3
48
1
26
36
32
52
14
54
27
19
25
15
45
51
9
11
18
31
16
20
12
-272
464
-275
-199
-239
80
45
95
33
86
-74
241
151
227
-33
-233
65
50
-185
132
131
137
-119
45
94
-46
-185
102
35
-90
-188
-268
-90
-8
60
1
5
-47
94
-170
198
54
42
-82
-26
-370
-127
-43
10
236
-85
104
290
148
-79
316
-26
440
-431
-138
-26
-20
327
-116
-87
122
30
111
167
82
-276
-5
170
41
-48
-24
-106
-158
-293
267
-57
-19
199
-352
-13
-54
-25
-154
119
189
-283
-136
101
-206
24
69
45
-344
118
-6
99
122
109
310
-105
-146
149
-220
262
-204
43
-63
-302
-139
119
30
28
-87
-192
-82
174
128
98
9
399
29
-398
-182
42
155
284
68
51
-28
-72
-24
71
-46
-66
20
-248
109
-72
177
-239
7
-130
-15
246
-172
175
-75
42
-317
-78
-296
73
192
-21
-127
68
147
159
-133
-117
4
183
7
-15
-220
87
-79
-274
162
175
4
-142
110
41
-1
-1
-66
-48
-224
104
-249
166
71
-83
51
226
31
72
205
-48
-218
71
101
300
-144
280
-15
352
157
65
-169
4
-302
459
180
7
153
-142
121
-41
194
-129
21
116
45
-186
-129
-8
24
175
108
-57
150
-226
-196
45
-12
-174
151
115
87
-42
263
-120
-366
341
-64
175
64
-19
8
-263
-96
-173
88
209
279
-46
-89
-127
71
-58
-322
-117
100
-8
-500
-56
-428
342
157
-11
-115
-123
80
73
-173
-60
181
-225
-91
-28
269
102
244
67
16
201
-122
-141
-153
-216
-137
-70
42
35
-125
-68
-53
-120
-98
-57
-112
11
-125
69
10
-139
-221
26
-178
-114
199
254
-137
93
-24
279
15
-136
-82
44
38
-168
-110
145
291
-91
260
-204
82
-140
101
-535
-129
-101
6
-37
180
42
-370
-270
235
-125
109
-108
134
-115
127
-353
146
159
-167
-87
26
331
225
109
78
174
142
-370
113
-22
-171
-64
-3
214
6
-169
224
-110
-489
96
153
194
-12
-340
-112
233
137
-111
61
-29
120
37
-198
-305
-8
66
-272
-144
-80
25
-190
-108
-135
96
117
-110
50
104
-227
-63
-139
-235
99
-256
-125
268
-2
-11
130
103
75
299
24
112
3
148
102
162
-208
-23
-21
-19
62
287
284
6
-103
-118
172
-12
-254
-62
69
313
102
-316
-13
-112
33
179
79
-374
-164
242
31
-74
298
-18
289
-304
-133
-337
110
-130
167
-291
93
67
-166
86
261
37
35
-117
266
339
-40
431
124
-195
172
111
-128
96
-18
-288
-117
-208
84
-41
-43
275
64
49
72
-89
-33
341
-3
129
-218
209
-134
-440
-54
-48
12
110
-323
-216
119
-150
263
-61
-290
38
218
-115
-91
67
12
11
122
-127
108
374
161
-86
-264
-89
-118
199
152
-173
6
-150
145
124
221
-237
-92
62
116
68
-102
137
-160
-297
-58
-13
33
-42
255
-107
-103
267
-70
69
60
-73
346
417
-232
133
149
-22
35
176
-121
-208
7
-250
-40
117
172
-232
46
138
-95
46
13
-162
26
-97
-285
302
38
-6
239
238
47
-50
63
64
-114
83
98
-244
21
0
76
221
58
65
57
124
-235
-81
-13
27
-308
85
52
-116
195
65
-372
212
10
-56
-101
-158
-348
52
61
-135
139
-14
46
-139
64
139
-11
81
41
124
322
231
35
206
224
59
-28
49
-112
-106
-110
-140
-28
127
32
5
-241
-79
-158
-236
-213
26
-210
-155
-17
-352
86
-22
313
-55
155
227
-23
95
-157
21
223
84
-99
-190
-30
-9
-90
273
259
233
-41
-28
-56
-51
132
-83
137
205
-210
126
221
89
158
-62
-315
70
-142
82
110
-232
-44
86
158
-73
20
-224
79
266
-48
127
-17
245
99
-86
-183
143
-42
-64
202
-98
238
-76
-128
288
-373
-197
-217
-185
-103
-90
-16
-50
-215
28
94
-218
422
-85
221
-193
54
20
-16
-111
-180
15
274
18
124
307
145
-47
249
199
188
-58
229
-71
401
-215
-38
-26
-145
-128
117
-31
100
28
-138
-50
-24
65
256
96
128
77
-205
-352
-47
-287
123
-219
83
61
-115
-13
-308
-104
-133
4
-140
-144
-253
-48
-277
259
-204
-167
-264
120
435
422
-71
-206
36
29
82
-133
11
80
-62
-291
265
-45
71
59
49
-186
-175
165
36
-35
55
-27
147
235
67
111
-145
33
44
-92
123
59
147
-156
-215
71
30
-88
23
7
-39
49
27
57
-77
46
153
-61
-45
-45
311
-190
186
-52
94
68
111
115
257
-38
1
-149
188
-258
-372
14
-68
164
252
92
-312
133
37
13
26
2
108
-52
13
90
0
-285
-87
233
174
-13
156
-120
-130
0
-326
200
-177
-235
-85
219
261
-192
181
-94
154
-234
61
40
-145
-82
188
-124
-311
90
-493
-28
245
-25
277
126
-247
164
-66
-163
230
140
-439
78
-1
-126
-75
-89
20
67
-109
-110
187
24
-39
-157
-258
93
359
-80
-180
263
0
142
141
-113
-33
191
334
-66
93
27
-279
63
139
-229
348
252
-193
-74
30
-32
239
197
-563
-14
-213
-4
-199
-76
-40
-267
-240
-27
-173
-6
140
268
-183
369
-208
-38
173
-65
-35
-404
213
-309
-190
-12
-220
1
-240
205
114
-325
-151
182
162
123
0
-60
448
-157
-63
-76
-8
-18
-28
-363
-21
290
-152
-224
-47
119
-70
-124
264
183
-189
118
-134
80
11
62
-33
-42
260
155
74
-181
-259
137
96
218
-97
274
-158
-276
-31
-46
111
-29
50
106
409
171
60
-53
-124
71
-207
-76
-33
181
59
-188
-18
177
-457
-73
122
424
83
70
218
279
-83
-259
64
115
-52
-279
-222
225
63
108
-73
-55
75
166
282
-170
537
-176
46
201
-126
73
-61
92
24
227
1
-158
138
272
151
78
21
232
-89
-442
-11
41
102
-35
-69
146
199
-171
-306
213
-91
-282
251
-114
25
-68
-210
187
8
-127
161
38
-32
205
-108
55
116
-5
88
-184
-13
-20
303
252
-230
-375
-40
167
-267
-90
170
280
187
-271
246
-111
-288
81
-66
121
-39
236
561
161
-210
-170
-139
-244
69
-18
312
-324
-72
20
51
-127
-66
-28
-37
1
-2
-201
-1
-21
-89
124
117
-136
205
51
-95
93
-193
465
22
-27
-246
180
55
313
289
247
54
-66
98
201
31
98
75
-57
119
345
117
-329
79
191
112
-105
-217
5
-44
-158
-94
332
422
182
-226
347
-162
1
236
-35
135
50
-54
-102
186
-145
-203
56
207
375
70
197
167
-56
348
57
328
-473
-55
-374
162
130
193
-187
66
-39
105
294
49
21
-288
-20
-222
40
0
-120
140
-170
258
235
-173
42
-77
-117
148
-230
-233
73
-5
70
-65
90
-316
-139
17
144
41
-55
-53
-64
238
176
99
23
-386
116
312
-239
-159
-251
67
-516
99
-165
-156
146
-292
186
206
-242
82
-32
-62
-4
-56
32
149
-195
-4
86
-76
-245
-228
127
-248
-76
107
177
18
27
48
-8
53
124
269
50
-198
-124
214
73
-291
-197
203
-109
170
169
199
8
-44
50
-112
206
-18
-29
253
67
15
248
-116
-210
188
-131
38
88
52
78
38
-44
47
-21
-88
-386
-206
-287
149
-46
32
153
45
30
-100
71
-291
-175
169
-175
184
180
-65
-69
-97
76
407
-14
-28
11
16
-121
220
-162
287
-61
-67
74
-328
-72
188
-25
-94
225
-65
-226
20
346
-56
-28
-155
-54
40
167
-48
-130
-61
67
0
-138
293
50
54
-108
142
356
-320
-241
422
-315
38
80
-63
93
-207
269
75
196
-230
-271
246
295
-119
197
141
-239
78
-50
-82
16
52
-177
279
-124
96
28
52
165
48
-23
-93
326
16
-124
-204
-22
44
56
134
-74
-298
152
209
37
-86
-177
-158
365
-110
4
-63
-71
69
-260
-418
26
-20
180
158
-353
-110
-47
-140
-86
-147
245
167
-59
-112
-291
179
-121
-199
204
28
-182
-68
-282
-128
-30
262
-1
-166
95
67
-32
-13
203
-264
-141
-2
-46
115
-24
36
163
267
199
-90
-107
2
-235
16
-148
253
67
-118
61
73
-63
5
114
-124
27
415
144
28
-22
127
-26
170
-220
-131
87
32
30
126
-221
-152
19
293
5
-32
155
92
-479
64
-91
194
-44
-296
6
46
27
13
200
216
-126
233
-217
-124
73
58
97
-263
7
-122
-56
220
170
72
52
262
73
104
-35
144
48
256
79
131
-365
-180
277
104
-41
-125
-133
2
210
-36
-10
-41
21
-3
-28
-103
231
-88
79
3
182
182
38
-92
-49
-147
492
78
46
-34
-144
2
201
324
-139
345
-52
-254
-267
59
43
-64
-25
17
101
-27
-38
130
18
-465
-208
279
-193
-11
33
466
28
-167
35
-177
-92
203
-178
142
11
-29
165
-59
141
-297
185
-45
132
-56
146
23
-29
291
13
-78
-111
58
-400
-214
18
68
128
7
-278
-111
-225
253
31
-170
-38
98
-315
-115
205
-318
-500
204
-171
-308
163
251
258
-120
48
-308
-15
132
-3
-62
-130
93
23
52
-26
13
153
38
-245
118
68
-148
114
287
-158
204
-94
-100
-71
-110
42
90
-416
120
49
28
71
-13
118
-161
66
112
-92
-13
325
196
73
124
201
-270
4
-215
-4
-51
118
98
74
-314
255
-168
-41
-140
-143
307
459
-187
85
-207
84
-71
-187
-220
174
-267
55
-83
295
331
21
82
72
98
182
17
-138
-38
163
-277
212
295
276
23
-4
293
371
216
-265
-96
-251
127
-75
-20
61
111
78
227
317
287
-182
-30
-56
-322
446
-258
-18
-110
90
-26
67
-133
57
-129
-76
-83
22
-62
-119
122
321
170
86
65
15
55
-32
-219
-46
-214
-25
-196
-4
-130
161
288
268
108
-221
206
-159
-259
-186
79
-86
60
-89
265
174
108
338
-152
179
-137
-83
186
320
2
-193
216
-266
-503
-235
-104
170
-26
230
-161
-65
186
-174
-134
135
6
-46
0
245
16
-195
-300
111
102
-343
-195
-13
-123
77
-186
-118
-149
427
-85
-14
-83
-31
18
-136
-61
-13
68
-377
-210
76
200
92
-153
1
-315
137
-60
-55
-109
-559
152
-94
166
-148
-14
110
-10
-159
335
-87
-26
4
-82
96
-48
-148
-179
12
237
256
-47
157
-355
6
29
66
-5
239
-87
173
10
271
54
-20
-253
4
-141
71
-232
2
78
-58
12
85
271
-111
111
71
-30
7
-225
-98
-68
-66
-107
224
455
-291
109
-75
152
27
142
-27
198
8
-176
-43
31
94
-34
-55
-51
56
-110
121
67
114
13
-29
-267
104
3
373
-254
177
-77
31
28
-88
-23
53
225
199
211
-25
-117
-273
306
11
16
172
-24
-377
198
-87
-253
117
-121
-381
159
-126
174
-128
94
-99
-143
-292
121
-485
-191
-300
25
425
-340
136
-91
44
-170
348
-78
-46
9
22
-3
22
234
-277
-133
-194
-66
-22
231
-123
-109
184
267
-155
19
-179
-170
-60
10
258
-112
-91
-75
-445
-216
16
136
-62
-77
-135
-123
-56
-27
-272
5
-198
-118
91
7
98
-59
302
329
104
179
-23
-140
18
55
-7
-80
-103
283
-183
329
-218
69
15
-29
110
165
-168
78
152
97
-97
211
-189
63
-80
51
302
-30
59
-68
-53
-85
326
-14
-234
128
-37
-168
198
-239
17
-134
-66
17
-168
115
205
-260
-284
-136
-65
91
-111
283
114
-166
-167
-102
64
-118
-107
-78
35
-80
190
14
48
15
33
177
127
-71
135
39
-235
82
-71
115
-79
-45
-26
-45
-116
121
-24
143
148
-46
265
175
256
-139
-14
38
-9
97
-60
-215
99
135
65
41
-92
-145
-38
-95
-185
46
-132
51
-121
186
304
-26
48
78
98
-162
-49
-53
-53
254
-115
178
-33
-194
-303
-158
-294
-115
87
29
-234
128
124
25
80
-54
74
-87
-193
255
-26
-58
-70
-186
23
-84
-155
-212
84
187
76
-129
-130
187
-305
-89
275
70
-53
-539
61
81
-227
19
38
-56
-50
63
60
370
-181
-268
-68
-137
-41
168
205
-144
0
164
-10
-16
-146
74
-53
-293
-66
245
-128
283
-48
-158
213
-281
167
221
-413
69
-71
400
237
19
180
463
-29
-127
129
15
-121
97
87
-280
-94
-134
-78
-156
-187
99
145
-290
31
312
43
200
-7
-144
76
13
-85
0
472
166
-51
-9
39
-37
62
364
-153
-230
-350
-46
-307
346
117
-15
70
188
11
-118
154
273
120
-70
-471
61
435
-51
184
-35
164
-104
-68
-245
49
269
-211
-160
52
-188
-134
-136
8
-106
227
-2
256
-82
73
326
-25
-296
230
-26
22
-69
76
-75
13
18
-7
119
81
282
-125
-49
1
-128
88
-167
-70
74
-152
232
24
20
179
165
-68
10
85
339
156
-188
89
38
21
1
109
-150
-116
103
277
-56
-376
-51
60
-191
281
-78
-137
-19
-142
-159
-142
65
-8
62
131
140
46
404
-114
-60
-23
-2
0
190
-131
-68
28
35
339
-13
-18
42
79
-112
-80
-48
79
114
-279
197
70
259
35
-387
-75
533
28
-47
166
-22
-252
43
258
-20
145
78
-61
-327
-142
-222
-92
-42
-95
-42
-117
150
-119
77
-187
-63
69
-4
129
11
-10
51
182
-216
-243
256
87
-238
36
-182
291
100
50
144
-111
-116
-481
-169
221
-127
11
70
41
38
-120
-427
53
-24
-161
459
-209
128
6
-70
36
403
252
93
-145
115
348
310
338
135
-183
57
38
304
259
228
-33
-130
255
35
-314
-43
-308
34
188
-61
162
583
-8
120
-96
16
310
158
175
292
-85
-204
68
-169
130
20
-165
279
-45
-6
-117
-99
-56
-57
88
-176
-186
-273
209
-117
207
253
170
-3
-237
154
-107
37
102
84
-268
47
-306
83
-127
-10
216
-78
-111
-233
-33
82
176
62
211
-178
135
-151
-106
190
-78
-109
349
13
139
-171
-161
108
-122
-74
40
-83
228
142
87
579
-554
-1
-69
127
-15
0
-157
218
378
282
-2
160
135
55
-113
176
133
152
330
280
77
-115
130
143
247
398
-12
370
184
253
192
-270
69
135
-10
126
240
273
-232
-5
-319
186
-168
-115
53
341
196
-11
-184
178
81
30
-289
-99
-189
-79
-16
-94
-22
126
214
-243
-116
-259
98
288
-132
74
-128
133
8
181
64
119
23
10
-212
232
163
105
-126
-10
-205
-114
78
28
-56
-21
-65
-125
-145
-102
-87
-127
267
31
272
263
-203
-100
-82
88
-151
-14
10
-71
320
-105
-48
198
83
-499
48
-142
3
38
-190
97
90
186
-19
210
215
-38
46
154
-63
-192
69
-35
73
5
-195
-17
-148
44
140
-138
-2
-131
21
-272
26
78
172
37
-161
-70
147
70
195
100
-35
-20
-15
8
-68
-44
232
194
-213
260
-346
-7
31
-58
103
-183
-112
45
-136
58
-83
139
-160
-136
-104
246
44
133
307
79
-134
-122
14
-121
42
33
108
273
177
-130
-7
-275
120
-72
-109
-82
-37
-122
18
30
-63
92
310
71
-255
17
98
-141
-13
236
389
-80
-149
255
64
-144
309
-315
-171
-10
-103
-11
205
143
-383
-253
-334
-196
87
-354
-85
-103
23
-70
-211
438
-47
-105
130
-159
-28
-76
-288
-88
115
-139
144
-130
132
-189
95
131
-20
88
190
159
-58
-285
-97
-81
-107
108
125
98
195
-47
104
-46
-152
-11
191
422
-69
128
86
40
-58
246
-141
120
99
254
-65
-143
116
-28
-416
239
98
15
61
-59
137
289
-185
-146
-23
169
-65
-67
266
-439
462
301
-67
49
-73
43
120
-138
231
-88
-68
-100
-409
-99
-217
-6
144
-4
-155
88
128
-70
254
-10
393
-82
-8
-8
-121
-315
12
-115
-167
166
-134
-142
54
-340
-118
-92
-14
-202
135
-158
-6
83
144
26
-261
-11
296
77
129
-185
266
327
52
-28
-173
183
71
421
-106
347
160
-181
19
335
-261
50
177
-33
-322
86
146
49
-69
10
83
109
87
93
-38
118
559
186
-58
254
-132
-130
53
175
100
-107
0
251
121
-331
-122
-53
176
-43
-244
-110
-50
-108
79
-105
211
-32
150
270
68
-474
148
37
145
-244
-50
-131
-64
90
190
21
-6
-258
302
-261
114
71
173
26
-163
219
-160
157
199
27
194
121
160
-13
137
358
-156
-11
-160
50
92
-8
-21
71
-84
2
142
254
-213
376
-198
9
228
90
98
-128
194
-127
-175
-148
48
167
155
14
-132
127
104
-182
-111
-110
35
-313
276
84
-100
215
-170
87
182
-221
19
96
-36
315
101
476
39
0
55
-52
-95
-83
86
251
201
-237
-228
-101
-392
305
-173
81
175
169
-53
-98
205
-75
11
335
-18
-116
-184
47
-75
-302
25
-97
102
-22
-16
-210
171
-28
188
-30
-6
65
-42
258
49
79
-10
-50
183
-427
-63
-64
-140
-39
-414
322
-66
-73
-109
-344
-105
0
-29
-119
-85
-184
-212
143
-4
-355
161
86
-55
-105
-57
307
-3
-232
-147
-107
-290
92
206
-207
80
16
-20
36
-121
-96
156
-99
15
-138
-21
12
155
-217
-3
137
85
261
-48
171
129
-154
280
285
209
87
294
66
66
365
27
218
-104
-154
-27
353
24
271
158
60
46
-165
-396
122
121
89
104
-127
119
-225
-258
272
-58
16
-305
-152
143
-193
97
81
165
-302
-152
-194
-53
221
188
106
-90
132
-123
90
26
94
-151
9
261
-62
111
-67
103
-157
103
-253
296
71
-299
299
-61
-324
-291
-199
404
-27
-97
20
154
-222
84
-219
-154
180
-39
214
6
2
-65
-358
-237
-130
-84
-186
-45
169
69
99
140
-120
-39
40
-320
125
-27
4
-174
-24
87
-229
176
-129
-419
57
24
28
-131
-87
282
39
206
-40
-99
-226
209
79
-71
203
-271
21
-90
-52
198
-288
-194
-150
-82
116
-287
31
7
-56
-87
129
28
159
-111
143
70
-170
-61
33
70
-209
10
81
-317
187
335
298
12
-41
57
-27
40
-44
-276
21
-406
247
-153
12
120
299
-43
-110
107
-308
159
30
248
18
160
40
177
-10
-5
172
165
-41
234
-186
150
-32
46
252
-58
60
185
-127
-264
-138
-58
157
-270
-42
-253
-55
-47
-170
-147
173
8
-123
154
-263
-241
-108
139
227
-121
-1
-211
-61
127
96
-194
239
39
246
-43
-248
188
-164
-188
147
6
-143
108
39
-61
-45
-328
37
-152
68
251
-15
-17
116
211
-253
-364
-97
-26
73
-43
377
285
-144
-182
62
-4
-113
153
-255
40
-46
82
156
280
-115
57
-45
-180
8
-138
121
228
-446
-422
-58
-46
339
-215
257
-90
24
-180
126
293
21
341
160
66
183
59
15
157
-62
-225
113
84
100
-185
135
-102
4
201
69
-177
-39
-99
290
79
-225
-211
-76
262
78
-243
-75
51
-194
281
190
-20
-58
-170
-105
-219
-278
123
80
-187
22
-401
65
-373
-292
-153
-3
-70
22
-316
-69
310
57
-40
11
183
17
312
-25
81
168
-156
201
-127
-129
-10
38
85
-10
-13
96
25
-165
-83
-129
289
-7
490
166
-297
-70
95
330
90
106
-36
-27
-58
-126
75
-236
-231
-88
143
130
162
4
-268
-213
9
61
-231
101
116
84
63
-84
1
84
34
67
-74
-115
-31
-88
32
39
66
-433
168
-66
117
-46
70
-45
114
-48
229
29
156
310
-285
-157
-88
-117
28
241
-280
54
176
182
215
101
-106
44
-66
-310
20
284
67
-75
-341
111
34
-139
-221
-106
-230
-422
11
143
10
-54
-330
-44
-279
-137
-73
-54
-251
31
-106
84
45
248
-73
-83
-50
347
-228
-100
66
43
141
64
41
-369
-28
4
85
-157
55
102
-42
9
-48
3
229
-254
-273
-66
62
62
253
-55
112
208
39
-345
9
175
84
-106
-124
-247
98
-231
171
-5
135
-164
-111
-32
330
54
236
-129
166
42
-9
250
-164
125
-193
-136
63
-252
-207
84
-268
-92
161
-230
-185
-90
-85
-125
-103
-177
4
103
25
215
-10
-35
-21
20
293
-155
201
-116
128
-64
-80
219
2
82
-25
-297
109
-43
-176
250
-46
-26
-173
269
-165
29
250
-105
-133
-14
-49
-83
1
214
-48
241
123
-186
-102
139
23
-199
85
112
-158
78
-83
6
-63
0
-440
75
-164
126
204
-241
-18
19
67
55
44
-165
59
54
254
9
19
28
287
139
-38
-4
171
7
63
143
63
239
-223
-89
19
211
224
-45
183
296
-215
117
-200
-233
52
-186
190
70
-38
-7
-21
-146
95
-396
259
6
-73
40
-10
117
-101
86
-145
160
-222
-50
6
-100
-7
155
4
525
-259
125
-10
-154
114
-362
191
-35
-65
-212
-42
-23
255
-81
-301
-137
-210
81
21
-112
136
85
139
-119
10
258
-225
85
-192
227
68
-9
-245
-164
-372
-224
365
85
73
-76
-38
-243
70
79
287
20
-241
-100
-84
-69
30
207
-12
135
-158
-85
73
3
171
56
-187
-207
-289
281
-16
-454
344
-185
-132
-36
-26
-199
108
-106
-31
50
-178
-204
49
11
129
-119
-15
160
168
-22
33
-175
179
-180
129
160
-66
-121
56
-2
-11
240
68
-110
-326
244
-20
17
-13
199
-92
-232
-112
246
86
-58
-110
110
-45
205
-68
-275
-104
-20
-44
217
200
46
-48
-151
-244
138
-74
-192
54
284
-144
3
-91
174
-133
192
-27
84
-232
-55
-195
69
-17
-108
199
-33
29
111
67
10
-85
298
-353
120
62
-94
-262
39
-62
63
-13
-72
204
37
-118
60
176
-274
199
-235
-138
88
-82
24
-76
123
226
-227
119
27
6
224
-73
-48
-62
58
1
-131
-389
139
-177
-2
240
-207
0
-193
-31
-246
-155
110
-191
-296
3
-235
-115
-3
-27
-97
211
-53
-395
294
-193
419
290
-40
-181
-73
-80
29
-82
123
18
-47
65
112
-109
313
-44
72
215
110
34
-221
-34
-119
155
-275
-36
61
159
17
-181
65
24
77
247
-290
-278
-95
-83
-233
-288
-141
282
49
115
346
-9
315
-123
233
-101
-61
215
-77
-191
252
-286
-16
-82
75
14
-305
-71
35
-38
-48
-44
0
-150
-71
-287
-49
-213
-55
97
-86
208
-454
-121
-125
-43
-61
167
-45
-29
-231
181
77
-52
-112
293
93
-91
93
186
-200
37
-8
210
-4
21
252
-68
57
-116
-101
137
-114
57
182
-183
78
-141
-150
121
80
-235
100
123
-321
-146
4
223
-129
16
-9
-6
73
-123
-153
6
-14
221
323
28
53
268
179
-149
168
-7
121
-177
408
108
-17
94
-155
42
228
-232
64
136
141
-34
123
111
-144
-38
122
437
96
463
19
50
51
193
44
212
-217
257
82
-167
-148
-48
212
161
336
-499
56
28
64
128
11
-153
-60
-245
52
143
118
27
61
-194
-306
-15
-178
-218
34
97
-99
-19
66
6
75
53
107
-254
9
-3
54
-61
-228
-128
-316
152
120
223
-308
-82
258
-214
-2
-6
77
-13
217
47
-18
-32
-489
416
-70
-147
50
27
-78
177
54
-97
-480
44
99
-139
-80
-171
226
-265
-137
55
-276
-213
67
42
67
-125
231
137
-211
-192
-89
-57
62
-12
256
348
-148
148
67
349
-5
-260
118
13
-218
-55
35
-198
175
112
-40
16
-50
201
45
-164
74
88
-191
366
264
136
-57
54
201
-222
-92
27
85
107
-27
66
-132
70
101
-275
189
-480
-36
-102
51
74
-61
170
-142
282
171
-125
259
-45
90
256
168
45
-150
-239
-119
-245
-115
-252
202
201
-4
-221
248
-31
8
156
-201
-346
-44
32
-130
-49
-50
-113
-137
79
96
218
-76
-164
-108
122
55
322
36
78
279
-92
35
120
89
233
209
118
-293
-71
-262
166
130
10
-223
339
-307
-205
358
48
-215
413
54
112
-161
-246
168
317
286
-4
123
-81
74
516
159
66
52
-1
157
-87
78
148
220
-87
52
-470
-120
-66
438
223
-97
-162
38
262
24
-70
228
282
106
78
102
-145
-148
-12
-149
-10
-161
39
138
62
58
-54
85
80
238
99
140
64
273
132
250
-499
365
-22
121
33
-12
-47
-19
-67
-130
51
133
158
-123
-255
-165
-42
127
-253
-109
-151
-217
-8
253
269
56
-18
-116
-17
-1
28
-8
-18
74
-122
-136
-114
-121
-472
166
271
74
201
-114
63
157
97
116
140
30
-148
-120
12
-52
-40
-32
68
-99
81
31
0
-40
-206
-346
-328
-29
-19
173
87
0
-325
-168
-22
-39
-96
232
-383
-90
-391
137
24
222
-219
216
102
50
-55
254
-78
-155
-52
-108
144
-117
-143
-25
-60
341
377
-71
-122
160
85
-78
-2
-343
69
-27
51
91
-328
-38
-177
225
87
-6
-11
-169
-30
169
51
-40
351
186
-8
-171
276
238
-82
-35
41
-5
36
-187
-107
-122
9
175
-58
-22
-54
277
41
-127
-13
146
-55
24
71
-288
-112
-205
-194
28
163
-292
43
-51
8
-187
89
-125
69
-33
156
101
-90
402
225
-25
-91
59
129
191
-18
-62
264
-27
-5
-120
-20
153
105
296
73
-84
-356
89
251
-44
-4
-87
93
116
35
228
193
85
-81
80
-110
-63
9
-65
31
185
84
-95
-188
162
-130
-129
45
177
56
556
-213
-594
-384
-3
49
226
-203
-166
-191
-188
42
207
-60
-158
-155
139
224
-10
-150
153
5
271
-205
154
-224
-217
243
-346
39
423
-202
160
103
-98
59
131
174
177
432
12
136
-133
118
-200
35
-118
-33
52
-257
-253
-139
-47
-275
-98
1
-63
-74
-24
-231
-85
41
72
178
-17
-65
114
58
-88
101
27
8
-80
220
67
-30
-167
-63
-77
112
145
103
-98
-151
251
-37
164
-217
-113
162
207
-6
-58
2
-166
6
-100
-3
289
-80
55
-137
142
376
-146
111
-67
227
-107
126
215
86
259
-7
90
-147
-109
-317
-409
-6
-236
155
18
96
38
178
-36
-118
-94
41
-72
-267
90
-95
-385
149
24
117
183
-71
-140
442
25
-80
-3
-11
-263
108
-321
35
14
147
66
-68
-200
-55
269
49
136
250
-178
-81
223
90
-156
125
-173
45
-108
-99
61
139
-224
108
5
221
61
-171
-55
46
76
118
-108
-87
159
-259
-348
-20
-469
-62
52
-25
-84
-78
-169
41
-172
98
-145
378
-242
-7
180
-54
93
-110
-221
-200
-278
-211
26
-25
127
37
-52
77
95
209
-298
86
105
-34
-58
7
-93
-423
-116
28
152
-20
-90
163
108
-161
-251
-62
43
129
-21
-93
56
-137
62
-148
174
-81
-19
-160
152
-65
-93
-19
-131
118
-227
56
26
-6
-282
-264
11
-174
-200
71
-147
0
-10
-199
416
-224
-161
76
94
-184
-176
57
59
-96
189
-46
270
-90
96
-193
-29
-22
43
-7
384
-234
402
211
206
-152
-17
48
-34
-68
-7
-255
-146
202
-170
117
-93
268
-64
-96
-204
-287
-53
228
136
-47
-80
6
321
227
-219
-236
113
-146
19
21
406
128
389
-357
138
-219
-168
-162
-155
218
109
275
-7
-121
-127
-41
-25
-48
-128
-27
106
-189
79
-27
-105
308
17
-128
23
97
138
-73
-38
-327
-22
82
98
-76
-56
-182
-60
-20
318
69
-135
-237
118
-93
11
-39
-45
75
69
15
297
145
-112
161
38
96
-52
50
-311
137
15
-122
-121
17
-277
267
154
27
196
-56
-7
103
24
137
45
-1
-14
197
-167
133
159
46
-124
87
-136
-76
-98
118
-183
93
-418
207
179
5
-54
35
199
12
53
-139
52
-211
15
-264
-156
-256
-166
-260
199
275
-19
-148
-66
-45
-136
-1
-104
73
-179
47
223
90
5
-44
-350
379
-45
156
-308
-288
148
-46
79
-28
-35
22
125
215
-6
222
-25
-76
-8
-63
176
3
127
-107
307
27
-11
141
230
54
193
234
42
66
-40
-83
-155
-12
39
258
221
38
-110
333
-324
-146
23
-109
38
342
-100
-133
-52
-85
-133
120
34
-51
42
71
150
155
-293
-57
-155
207
-55
84
265
13
208
-98
33
-38
-163
-6
-179
51
188
370
-261
6
33
40
226
-13
-78
-99
19
184
77
-66
-162
-191
-159
127
4
12
-57
155
77
49
55
-39
-29
-48
-78
242
-77
27
342
37
159
101
-57
-95
-281
-4
38
137
-172
0
127
-9
417
289
129
127
-10
262
-35
-267
-14
164
-134
-295
-31
-177
-93
-159
103
-49
-355
-122
-40
71
81
-101
190
-105
147
214
85
215
243
-178
271
72
-220
5
-95
250
-173
-100
-156
59
-73
-107
212
-9
-106
158
-154
-157
49
152
-57
-139
-387
210
-41
-53
34
197
-272
-58
15
-104
-24
-132
-196
105
-128
-55
-243
-6
59
-10
134
-16
-50
-322
3
-216
95
-193
48
15
154
-15
-125
48
-149
-185
214
-116
-9
-155
39
-217
-78
22
57
-266
-16
45
102
-188
-21
-62
-114
-21
16
158
27
-66
25
-225
116
79
139
-175
70
210
-131
2
67
-23
-38
228
284
54
-205
-37
83
117
159
177
-124
-408
-127
-47
268
-92
-188
-116
253
-7
-237
52
-255
-208
279
71
121
-125
119
-102
-62
266
290
-117
162
-15
221
38
169
31
134
101
-37
-175
172
157
-8
35
-37
-64
-147
180
-89
229
-107
-152
51
150
-156
-130
186
139
123
3
23
63
-52
43
-165
31
-207
-126
-274
128
-157
-85
10
-83
317
333
23
257
35
77
-240
-185
2
-80
-39
-61
-189
250
123
-177
92
-321
-116
-29
-300
187
-306
-150
107
64
41
152
241
-171
-148
-66
53
-83
-200
217
142
-43
-322
-231
151
509
36
101
2
-115
-63
-323
221
-196
88
88
245
-34
-73
36
-219
160
21
10
44
-223
163
-62
-73
197
410
-91
-180
166
77
-17
-93
-226
-126
-21
-32
-94
398
75
-138
90
-200
-276
337
216
-75
204
-190
-127
-203
136
-199
-395
126
-420
-128
-182
-182
-60
-391
8
296
-48
-345
-49
67
83
-23
74
-26
239
-77
-42
104
-72
-45
-14
47
214
246
-9
490
-22
-326
-85
-200
292
90
251
-132
-29
116
-32
-57
191
27
120
227
93
-166
29
404
302
248
-355
30
-199
11
233
-287
153
48
-152
104
-92
311
-164
279
-70
95
155
63
22
91
-182
66
-90
-89
318
245
258
-39
-89
-7
58
209
-68
-32
-158
-260
-60
213
-93
-266
109
173
-134
79
125
30
-52
20
11
42
-209
-46
-54
-17
-170
16
155
-308
-160
57
171
190
-11
63
-230
-258
45
-138
-113
84
-78
203
292
164
-27
-13
165
-296
-86
-42
146
-198
-72
-184
-123
90
12
141
109
-20
266
91
-26
367
-190
6
-20
-176
-277
-382
-17
-78
206
159
-208
-137
56
49
35
-155
-174
158
-284
-126
49
-59
-316
181
-79
-310
-196
174
-84
-95
218
77
-13
14
14
22
-155
226
-27
-71
-164
-111
284
-121
-12
-7
19
173
-320
71
-100
-191
-19
-252
-71
43
-235
4
-48
38
81
67
-143
-120
-37
-252
-219
121
191
114
-231
5
80
-66
152
19
-278
-268
81
75
-137
-347
-129
80
386
-173
-335
-32
5
-188
-177
34
51
332
-206
219
-74
212
-158
39
131
89
34
75
-283
37
-31
9
49
-137
-65
159
-57
146
-21
-35
-92
-403
28
94
162
197
102
-106
-271
-370
-394
225
28
311
-10
116
-430
-358
54
67
-323
-14
-77
-11
-32
-144
63
-89
276
-63
233
-208
-177
-71
242
203
-115
-113
69
266
-220
15
16
68
-55
10
-217
54
-25
1
-148
143
71
-23
163
-132
61
264
-112
126
-1
161
-105
-57
78
-58
-65
112
22
279
-155
-423
-116
314
193
-121
187
100
-82
-138
283
-25
88
-220
131
-31
-216
347
66
-236
-161
-252
99
-397
-179
130
-64
-314
-64
95
-69
-21
43
-125
136
114
-338
233
537
247
-13
147
118
247
-74
-237
-165
-76
-97
150
-25
4
92
-24
11
-92
-268
266
-141
-204
50
81
2
38
26
-100
-237
87
-144
-103
12
-46
132
-278
-259
-153
-37
-23
67
50
108
50
31
134
-374
177
-229
18
-51
-141
177
9
-43
-88
-167
-25
167
189
55
33
362
41
-111
-108
-128
-49
265
-207
157
310
205
112
-93
-253
63
0
190
-59
43
107
159
214
-25
81
-213
-236
-136
88
391
-167
1
-64
41
194
36
-104
-335
43
147
51
95
-252
-53
-114
-132
-21
77
-371
6
-167
-172
148
67
-152
90
-51
89
365
68
214
10
458
75
105
96
80
-256
247
173
33
-130
-222
-318
144
35
-74
159
115
175
-223
49
230
199
45
-135
-14
-206
-156
135
72
224
76
103
290
-244
-96
207
152
165
118
-14
-1
219
81
-254
154
55
-44
-22
245
140
-207
141
-279
99
-128
275
37
99
304
-36
-74
-58
-118
-14
-10
-47
-55
-63
136
227
-190
79
107
186
-27
-37
-82
57
36
137
113
223
138
-100
244
52
-114
198
322
-95
195
-155
105
60
-384
418
196
-108
-232
-175
126
96
-64
-133
-55
39
-162
71
-204
33
228
74
-152
172
254
-287
-163
56
-222
86
-480
136
76
-97
133
-101
-53
-20
-20
318
-316
-51
23
-9
133
268
147
272
-136
-54
76
-94
-127
163
60
274
49
122
55
-47
-32
101
-154
-270
-52
-58
154
392
-3
22
-198
-14
35
37
-184
-102
11
242
304
-73
-150
-285
-132
81
-149
-5
-83
263
-38
-12
172
2
-203
215
-260
-194
136
-5
-54
258
61
222
-148
337
94
-213
-86
262
-11
260
95
-162
-369
127
-37
-127
-180
251
-217
249
-322
131
228
-20
184
-68
-49
23
94
110
99
-116
3
137
2
-2
-264
201
500
-133
46
83
-111
84
-37
97
168
38
116
150
361
-340
-83
-66
181
-65
-93
-76
-256
174
-32
-308
-181
-443
-58
-39
-69
-93
-148
53
-26
-38
-108
9
155
-178
-101
94
-5
236
-145
-324
170
43
-32
-62
94
54
-303
-69
146
-86
14
57
-150
133
-77
-57
55
0
-236
200
-27
57
-16
174
-223
-50
201
-143
-54
-251
-28
21
28
-259
-11
342
160
-3
264
0
56
109
-91
278
12
-175
-18
239
-12
-274
204
-81
-119
65
-115
-243
190
52
-35
-239
-316
127
-76
-212
25
-166
-124
96
234
7
-327
224
42
176
-304
80
10
306
-68
-154
-46
291
-82
-53
-68
-126
-91
-259
34
-87
-292
-31
-153
13
270
-149
-42
-86
123
153
224
209
21
41
-11
-337
135
49
127
51
164
103
149
41
-78
-106
304
115
-42
9
-141
487
-22
-245
-162
-329
139
57
-31
81
18
340
-235
56
-145
-39
-160
-184
174
141
-206
-99
4
33
-96
60
181
126
117
-131
181
119
76
-117
95
-362
-142
60
-116
-48
-15
-42
-434
-147
-171
210
194
-220
-199
-96
11
-417
-284
60
-231
-82
-44
-44
-240
51
94
208
44
-106
-149
27
38
-217
63
-109
427
68
-94
-108
-114
180
121
-58
243
137
-22
40
137
202
382
226
5
99
-99
-279
-167
408
210
-148
13
-234
-265
-78
-80
125
-209
112
143
-73
-176
-135
-197
-289
299
125
-132
-391
-184
-35
285
-42
-139
192
39
-121
-103
119
-170
-52
278
107
-82
328
277
-141
-140
-143
52
-230
250
162
-211
-5
203
-171
88
69
-265
8
108
-30
-35
-401
-463
-15
-432
18
-189
111
137
437
81
198
-3
148
389
28
-109
140
24
-73
11
30
-167
70
4
-42
259
-150
63
-60
-87
-12
-91
172
89
-314
-290
-38
217
67
-76
-163
55
233
50
-56
-85
-300
36
-202
-8
-8
181
51
-198
52
-104
98
55
-387
92
-339
69
20
-122
256
-39
-89
223
305
168
48
-31
-237
-90
12
216
234
19
125
-155
194
-297
-345
-214
47
76
-19
37
-42
48
-42
88
-109
8
-221
-187
-132
62
-8
-61
-152
49
253
268
147
-143
-15
274
-236
325
115
233
-26
238
-36
-160
70
-108
-215
-66
21
187
-87
-151
-66
-68
186
-70
-144
56
82
250
-74
38
-44
8
-5
53
-161
-27
79
-275
-70
-276
43
217
-19
-65
-7
135
146
13
-118
82
171
62
-211
-357
209
-13
-120
-147
206
-2
106
147
4
146
-208
-42
-307
54
425
-151
-104
-304
-33
-30
-236
143
13
-57
97
-141
97
285
-7
-104
-99
-139
319
-33
-122
-241
193
-20
244
-5
-308
-146
73
-180
303
-399
-211
-114
186
97
-244
123
94
-44
102
-107
-183
-169
-122
295
58
16
-149
-56
-287
69
166
-29
258
-36
123
-93
-238
220
-115
34
-143
240
-163
-203
3
-187
64
264
242
-156
-66
25
152
-48
-112
10
209
87
-60
140
-56
157
196
-264
-278
-375
-85
5
-235
295
-150
-107
-318
-313
-52
236
-116
-118
-96
102
-256
-157
35
-106
-210
76
128
62
37
-109
69
-2
5
165
191
-114
206
-289
-50
-178
60
-44
-43
58
-102
189
-47
-172
-133
35
106
-191
-277
228
130
-110
262
153
34
1
38
-234
-191
-103
-286
27
-91
-132
94
145
-242
-20
19
-156
3
-38
13
167
219
12
119
-115
-37
121
73
94
-70
137
132
-271
22
220
-298
98
-3
-292
-19
158
76
-182
73
-8
-72
224
-105
-198
-327
21
-197
166
-91
-149
264
137
-57
-14
-80
316
130
-404
413
-25
-135
60
147
236
5
120
37
83
19
-132
-133
-39
-250
-96
302
5
105
169
-111
-42
-322
-234
-46
178
-14
147
-15
-278
-230
53
9
4
270
22
-166
59
122
-63
14
229
-307
262
-77
52
74
86
-99
-16
203
41
-359
-433
115
153
35
259
-153
179
180
2
-303
-6
-58
-157
-117
90
-4
-63
31
-123
201
-7
76
83
-171
-272
83
-382
47
1
210
67
32
150
149
-44
297
289
-157
-184
206
69
131
-43
-398
182
2
-9
118
304
392
-8
-79
-191
270
84
22
-56
257
68
-174
75
119
146
177
-435
342
1
-27
-56
-32
-11
123
20
-128
124
200
-93
10
-269
-172
-103
161
95
72
16
308
-366
12
121
86
-156
-107
-85
-395
-361
30
-20
-74
84
403
111
-281
13
34
-5
-225
74
-17
41
-47
39
50
-65
-49
-340
-37
-9
298
246
67
-234
-11
241
-271
158
-44
-6
-43
-213
-54
246
147
97
-410
-259
208
-52
204
58
28
-65
-299
-14
-209
-280
-141
-100
100
-101
-154
-59
44
-10
-245
140
16
0
-277
110
294
71
9
30
158
7
387
-65
286
-381
-289
-52
-10
159
-122
-249
90
-102
317
-92
-141
340
-142
-98
1
81
-111
192
5
-229
-30
50
-46
166
274
211
-106
145
-104
16
172
-244
235
194
147
-224
-15
376
-74
-274
308
-38
-103
-32
-67
-197
169
-80
-243
-642
-177
-233
-5
-33
-134
200
-53
-85
57
-1
-343
185
-93
-11
90
223
-141
102
163
-295
-119
72
285
-266
-63
-136
-58
-233
416
37
15
47
-111
-257
-38
95
123
26
-97
-34
-131
-141
15
-82
144
-169
-304
113
234
-219
-80
-150
204
-139
286
-292
-224
111
-93
-34
60
-251
137
190
-65
70
43
-31
-198
50
-114
113
-103
-161
201
-100
-220
-135
187
-123
195
133
94
-292
3
-92
150
-92
-204
-204
-40
-180
-141
-132
-109
-191
80
-135
27
113
-40
70
109
315
8
-57
128
115
433
221
-427
140
94
192
70
-395
19
56
-147
-158
128
125
212
-30
-152
-270
142
272
110
-133
189
9
-98
144
360
-295
-45
225
-197
-4
-254
-91
158
213
-21
-224
-48
71
-62
323
33
191
123
-143
217
120
-334
-72
-407
103
-118
68
-41
456
-52
-181
74
-123
-225
-28
49
132
-1
89
96
-149
-109
60
30
93
-63
-23
-48
438
57
21
85
82
94
80
52
71
43
49
-317
-291
188
111
-306
70
226
-154
39
53
367
123
-8
51
-46
17
-84
-94
-329
-304
208
26
-72
295
-68
263
65
-119
145
-80
-85
-23
-124
165
-255
-34
-44
103
30
-327
145
-415
-17
-201
-196
-67
-81
72
32
-139
170
312
-12
-19
-17
123
-15
-152
261
-175
-396
251
-225
424
-13
-72
-244
-301
249
112
137
-271
61
51
143
-190
60
-44
354
120
58
142
-96
-119
-76
197
-149
156
-267
-338
280
242
-188
-27
80
191
-114
-6
-96
-114
-133
72
-242
-86
131
-25
-88
-141
-5
114
-71
128
166
34
154
-230
-110
83
-100
-212
-4
344
-65
322
-249
270
22
-142
-251
-51
5
60
-32
340
-177
-99
-116
-268
111
149
118
-163
-226
-63
-65
-141
70
93
72
-40
324
58
-130
-138
166
-166
-317
117
-41
160
-131
-91
-38
-168
49
-297
233
57
-78
85
128
-250
260
-233
-8
-229
286
-111
68
182
-262
-56
60
7
-374
145
39
-231
-177
-117
42
-290
60
-238
132
42
-86
263
568
283
-417
-240
205
58
20
-122
-44
-97
-150
29
138
-158
118
-67
118
71
119
-134
-32
-151
-113
-344
-6
-92
59
149
-209
-85
36
-2
-38
-78
261
25
190
-55
-38
-300
-24
-337
151
-357
-280
251
153
-284
-22
-164
-133
-22
-162
179
-220
21
-129
-49
-187
300
114
139
-38
-245
36
53
-55
34
60
-59
372
119
-209
119
-77
101
-16
-413
-64
-45
-157
-11
13
-312
272
360
59
-26
-38
-351
-227
-112
131
434
-169
150
-315
101
242
-52
-110
-98
-128
3
119
178
-111
-141
163
-138
-204
-27
90
36
42
181
-76
39
-144
-258
161
-222
-24
381
100
187
200
258
-1
64
324
63
-74
-225
5
-169
284
83
-277
-178
-36
-40
-23
-149
-118
-95
-46
-253
-257
117
91
23
-136
-130
-434
-72
-12
197
-18
-270
72
-124
137
112
178
578
155
-103
199
398
-93
53
-194
-25
38
-72
13
292
54
-125
-131
62
-136
133
221
-77
-49
-28
-338
-10
17
-90
176
-136
-107
191
36
377
-236
-153
258
351
-134
-61
34
-266
143
148
-274
-216
-160
-403
3
-30
36
62
-3
115
-19
63
-97
37
80
-245
-144
-29
-220
67
111
-117
100
148
-176
-196
-54
-59
-30
11
-183
94
0
2
-133
-155
197
255
-19
110
139
-67
154
-259
133
198
479
83
45
102
-384
-23
-93
-217
225
35
55
-142
-170
-206
140
-152
263
-140
179
132
58
122
158
-289
-60
-45
-172
-245
-98
95
107
120
-123
-156
122
-169
327
-125
92
-135
147
-50
-183
-80
65
-134
-52
-253
56
-146
85
-99
384
19
14
21
-138
-94
-125
128
-171
57
-95
-257
342
49
-147
-46
57
211
192
159
-216
-23
-41
-91
102
-68
238
182
-82
309
242
33
-162
-92
197
-73
-132
-171
-204
-118
192
-3
-375
-54
-67
-118
-152
-216
-126
109
-28
-30
-134
-113
27
-43
-254
-167
-224
213
-66
-2
34
274
1
85
-178
-164
-7
46
4
-257
-172
-39
18
-176
349
-98
133
-31
200
129
175
-16
152
-71
323
31
227
136
-173
389
89
-357
-131
-149
104
-33
-28
29
-173
92
-148
138
23
-8
195
72
-66
399
-175
-30
453
-143
113
-252
156
-268
24
300
179
-4
-3
24
191
-109
-54
154
-180
14
-119
190
-182
-38
200
1
-43
25
-212
-248
-8
-158
116
29
-22
-409
100
-47
-33
28
237
59
95
88
-45
-184
70
94
134
169
37
-30
-206
41
191
-105
-69
30
228
-471
43
283
-93
317
-127
-239
308
-24
-96
-38
-110
-119
16
-24
176
-53
-22
-359
67
-80
72
-194
62
-41
-189
-189
250
-24
20
-9
41
-104
108
-111
167
-267
-49
-49
61
-342
-123
187
-8
83
-123
-194
216
-232
-115
390
179
15
86
-214
119
-103
61
121
39
133
83
-118
27
-114
99
73
198
191
208
206
258
-86
-32
-206
-108
111
-60
21
68
187
-54
355
211
142
-130
-293
-319
-129
83
-334
-4
-33
295
56
111
55
79
39
133
-27
-302
-122
132
-328
-245
-37
-409
-155
176
-2
-106
-196
31
-3
37
-64
-383
-35
132
81
394
105
103
123
632
-399
312
294
39
-1
20
39
25
95
11
139
268
11
-87
257
-135
-3
151
252
72
318
-201
-216
225
-170
-223
315
-103
15
96
136
-151
67
75
-1
-95
-168
-148
8
494
192
191
-73
108
-262
42
-10
74
-235
137
-128
-195
-177
-147
-34
178
173
111
68
-37
-278
67
-40
-58
178
4
140
279
-299
78
76
186
19
-88
78
335
-215
-157
-239
38
95
-366
-127
8
-73
-54
-113
-80
-156
-86
-25
-8
-241
-350
-20
-210
-194
-32
-131
-147
-57
20
219
10
74
-16
-75
39
-42
34
-154
128
8
27
172
-104
81
20
-81
369
64
123
-30
-41
-357
76
302
-490
168
-308
-77
-147
292
-285
-44
7
169
-154
102
-36
-51
57
56
-89
-408
-26
-61
19
-37
173
87
-10
-117
44
-118
-88
-59
-298
-373
23
49
-233
41
121
335
-240
-108
135
-62
-115
187
-339
108
-134
-14
-91
368
120
212
-66
-119
58
93
-257
15
-218
-167
-58
-144
-130
238
-143
273
3
305
42
19
-170
-86
-98
54
-152
-386
-144
-130
-110
0
165
-30
-42
-317
23
-182
163
-86
-138
-63
-232
-322
479
-56
355
-195
-295
-47
185
325
77
-31
106
-59
-214
133
122
189
-96
87
71
-124
122
117
-195
26
-323
361
316
-209
-125
199
-180
-211
-115
-101
-167
5
153
-162
-182
214
120
7
30
73
-150
-548
149
-195
-2
110
118
83
277
152
34
144
47
358
51
-45
95
367
44
-7
-177
147
-316
-48
199
-15
-178
80
221
-17
78
113
-35
156
-250
-178
-54
-221
0
27
-136
-292
96
-45
138
-163
110
36
-23
-12
-13
110
-64
-235
-47
94
173
-345
-289
-31
106
224
25
-13
113
112
35
328
154
-10
103
-180
81
147
200
-74
249
119
-106
-80
-36
185
-94
-135
109
-156
-227
154
-43
36
-5
24
-34
5
-84
56
7
-80
-217
67
-125
86
-170
-226
-45
89
0
-44
-270
59
106
-83
36
-69
160
-256
-58
49
207
172
-176
-307
-147
-299
-72
163
121
160
-133
-201
-45
342
84
70
-25
-98
55
-158
32
137
297
305
22
-271
9
326
251
-115
-13
336
134
38
-221
-96
-29
30
-353
-42
-101
42
215
1
262
-120
258
-33
-89
-277
170
-73
125
314
-194
-18
-27
319
107
-115
-54
-62
49
415
82
11
5
157
107
-154
148
-220
55
-84
-247
-206
-156
-200
200
239
-91
-53
-66
109
96
74
-120
430
-227
304
125
188
-233
68
80
-87
36
8
-510
-147
12
-1
-176
8
-47
213
19
-275
-162
-74
-151
-90
-51
-51
-154
-14
34
825
-94
310
-167
-155
278
-77
195
-166
-157
-180
-39
-11
-114
237
150
92
189
-24
304
117
-196
224
-37
102
172
-36
-69
313
-301
-94
197
-105
-26
-282
233
-122
54
-15
-319
-29
-131
-30
129
197
-69
-20
293
-121
-149
164
-124
219
-12
-82
148
-69
51
28
-19
-371
111
171
-169
-144
-33
130
-68
-56
211
-117
-127
109
-133
157
32
23
91
-162
294
-218
-299
-56
-245
283
148
227
330
154
26
-170
-154
-110
202
131
-317
27
-334
-118
-210
-50
-74
-294
71
255
333
181
-16
-31
-51
-370
69
-169
178
-19
49
-88
-120
-115
1
338
29
70
-26
62
39
-92
-156
291
131
135
-382
-273
195
4
-183
-95
30
-229
-159
-216
149
-287
265
77
-81
133
110
-133
43
117
4
-46
204
-198
-100
-102
140
8
-32
104
-120
14
141
-220
-141
-166
101
-308
147
-59
31
-83
68
242
108
-2
-51
32
-133
-84
-36
43
115
-178
344
-119
-54
107
237
48
87
-125
50
0
226
-29
142
167
-15
84
0
106
-141
-4
-81
54
201
-168
-113
375
249
-80
-113
152
-57
502
20
293
-146
175
218
-323
-201
-218
178
659
60
135
91
76
246
176
97
-101
246
-48
19
15
-52
-188
-9
-180
31
219
113
-35
-360
-257
41
-49
247
-45
-36
-40
234
130
-11
6
-208
-211
90
253
7
-8
-58
-114
12
78
109
169
291
-25
-31
103
13
89
14
182
164
30
-67
208
105
-81
292
-236
-229
-101
-69
-106
-7
-27
96
168
-246
-6
77
0
-108
-47
186
-33
-219
-51
376
35
16
242
-188
-358
100
268
-270
-177
-85
-19
-186
-239
-133
-3
117
-20
81
275
278
-4
-60
152
-36
-166
366
160
-153
-62
-56
222
33
-108
-100
230
241
-20
-125
-182
245
71
-191
239
280
211
171
166
-30
-72
-236
29
325
-117
139
159
-262
-93
-136
63
191
-94
-75
184
-2
-127
164
-82
134
-15
75
13
-18
6
-109
207
-254
115
-50
-348
-12
-39
-93
-82
-171
149
121
-118
179
123
-111
119
-23
119
-46
-53
-169
120
-100
201
-307
105
73
0
-39
271
-59
60
-65
133
-63
-25
134
-294
-36
-5
68
118
-92
-15
-50
336
-103
-33
54
36
186
93
235
51
-313
206
-34
-134
-102
16
374
-418
-31
172
-211
123
-225
-56
-128
-192
-86
257
22
78
-117
115
-389
19
-17
89
15
118
-355
-61
-212
14
236
-515
-66
174
-103
158
-89
-11
243
171
-184
-51
225
-185
114
146
-203
123
-239
-64
-301
-314
12
82
136
-75
20
181
-56
-9
223
329
-254
308
-134
-271
-383
-122
21
240
77
-365
201
-243
-283
56
0
157
-155
43
-8
-303
133
-125
-14
300
-133
85
-107
4
159
-310
-52
-256
-242
-227
-7
11
-39
283
27
-329
167
-151
86
115
157
138
313
-169
157
-114
-280
14
-58
-161
-136
89
-156
-161
276
-211
19
337
45
-185
-257
100
231
-85
-34
42
10
238
155
-217
237
121
283
49
120
8
-320
292
-20
137
-73
-113
110
-206
34
-211
35
15
16
-56
-9
-118
-65
180
265
-243
165
265
26
127
-166
-35
185
67
-5
33
-123
74
182
-81
-285
243
-210
21
-69
75
18
65
245
-107
204
-330
85
-242
120
-183
-297
-187
187
-75
-38
204
39
10
9
-162
186
-163
268
30
-40
151
283
498
-83
-212
121
-70
-133
-174
386
60
93
105
18
6
185
149
-66
446
91
15
352
-278
84
177
19
65
9
-256
59
-225
188
-201
142
98
209
-382
-62
-25
55
-30
-172
221
42
-137
-199
100
164
87
-208
191
93
-91
180
39
-109
76
-184
-66
-37
-95
44
-118
103
64
39
15
320
-90
263
-182
21
-359
160
-414
-2
116
271
72
2
-294
38
-30
-121
-195
-188
-230
-129
-60
163
-144
-201
118
-65
194
357
-140
-39
223
-64
-85
35
204
110
-22
64
-5
202
-168
-105
-133
1
61
55
-89
-35
220
121
261
-149
77
207
105
-350
139
-51
-137
320
-78
-102
-76
268
-180
-13
158
111
-226
159
331
-36
-430
52
-233
105
-279
262
-68
45
61
244
248
-46
200
90
110
172
57
250
-165
14
214
119
-5
-95
-97
195
-134
-101
88
17
25
-200
-166
113
143
-59
296
17
-156
181
-174
40
5
180
51
-323
36
29
5
104
-239
160
-159
-302
388
-101
-210
-585
142
108
-84
64
-48
26
-128
-238
-96
-137
-277
-155
55
-184
-43
404
20
340
74
236
-11
82
-18
400
117
-239
-102
126
-188
-180
-114
-57
-48
22
-26
-42
292
-157
-113
14
-300
-151
-80
242
39
-160
-147
22
-104
-60
-131
-194
26
-213
296
-174
-69
-86
-360
29
-173
-192
131
88
199
-259
-70
308
-19
37
295
-199
-333
61
-53
-54
-21
85
-56
-71
177
17
50
229
57
21
-231
232
-73
49
121
398
193
41
63
-5
-2
-239
216
-22
166
60
-85
-164
-192
113
24
-144
232
104
-219
-123
99
-438
348
36
-184
65
-55
-139
-82
158
-214
-65
19
-4
-21
47
-251
-34
-168
-18
2
-253
-180
-86
-103
81
-99
-307
131
-62
6
-1
-60
-21
311
-164
346
12
-392
94
-118
187
21
20
-207
-154
-100
-90
-78
349
312
7
190
78
11
-4
-328
-56
-76
8
276
-38
226
-9
217
327
52
-16
56
-283
224
145
173
-383
182
-49
-108
125
38
-115
51
82
116
-46
305
343
-298
122
69
124
94
-63
-160
28
52
265
79
1
-139
-26
15
145
-11
295
-40
-113
-63
45
-194
-125
-5
-149
88
118
-293
-49
-174
20
172
137
-121
-75
-159
48
-140
246
60
150
-174
-42
-17
219
-25
96
102
-210
82
-185
24
-144
-69
30
182
-162
-210
239
13
153
134
-8
115
-192
16
436
-120
356
86
-365
35
234
71
5
148
78
143
-144
-224
101
222
-105
-60
108
-318
116
-62
-142
28
-52
37
-124
-3
36
204
-66
-109
-163
-67
58
60
82
-218
-124
276
27
305
280
52
205
-232
-64
119
213
105
322
40
143
38
-275
-3
96
-191
-237
-31
-278
61
296
35
67
-260
84
138
196
72
-69
96
-57
-226
62
157
-250
216
-93
1
-148
66
-220
136
