25 60 196
0 5
0 11
0 14
0 23
0 24
1 10
2 4
3 1
3 13
4 5
4 7
4 16
4 18
5 9
5 24
6 7
8 9
8 13
9 3
9 17
10 7
11 9
11 24
12 2
12 11
12 21
12 23
13 6
13 7
13 13
13 21
14 1
15 3
15 23
16 1
16 15
16 20
17 23
18 14
18 20
18 24
19 11
19 13
19 17
19 19
20 4
20 6
20 17
20 19
21 10
21 18
21 20
22 4
22 10
22 18
23 0
23 5
24 6
24 11
24 17
24
7
33
37
13
43
0
4
42
39
17
56
41
58
22
30
44
5
6
59
29
2
10
40
8
53
49
34
57
21
35
55
23
46
38
47
50
28
3
48
1
26
36
32
52
14
54
27
19
25
15
45
51
9
11
18
31
16
20
12
-316
538
-319
-231
-277
92
52
110
39
100
-86
279
175
263
-39
-270
75
58
-215
154
152
159
-138
52
109
-53
-214
118
41
-104
-218
-310
-104
-10
70
2
5
-54
109
-197
230
63
49
-95
-30
-429
-147
-50
12
273
-99
120
337
171
-92
366
-30
510
-500
-161
-30
-24
379
-135
-100
142
35
128
194
96
-320
-6
197
48
-56
-28
-123
-184
-339
310
-66
-22
230
-408
-15
-62
-29
-179
138
219
-329
-157
117
-239
28
80
52
-399
137
-7
115
142
126
360
-122
-169
173
-255
304
-237
50
-73
-350
-161
137
34
33
-101
-222
-96
202
149
114
10
462
34
-461
-211
48
180
330
78
59
-32
-84
-27
82
-54
-76
23
-288
127
-84
205
-277
8
-151
-18
285
-200
203
-87
49
-367
-90
-343
85
222
-25
-147
79
171
185
-154
-135
4
213
9
-17
-255
101
-91
-318
188
203
5
-165
128
48
-1
-1
-77
-56
-260
121
-288
193
82
-96
60
262
36
83
238
-56
-252
82
118
347
-167
324
-18
408
182
75
-196
5
-350
532
208
8
178
-164
141
-47
225
-149
25
134
52
-215
-150
-9
28
203
126
-66
174
-263
-227
52
-14
-202
175
133
101
-48
305
-139
-424
395
-74
202
75
-22
9
-305
-111
-201
102
242
324
-54
-104
-147
83
-68
-374
-136
116
-9
-580
-64
-496
397
182
-13
-133
-142
93
85
-201
-70
210
-261
-105
-32
312
118
283
78
19
233
-142
-163
-177
-251
-159
-82
49
41
-145
-79
-62
-139
-114
-66
-129
13
-144
80
11
-161
-257
30
-206
-133
231
294
-159
107
-27
323
17
-157
-95
52
44
-195
-127
168
338
-106
301
-236
95
-162
117
-621
-150
-117
6
-43
208
49
-429
-314
273
-145
127
-125
156
-134
148
-409
169
185
-194
-101
30
384
261
127
90
202
165
-429
131
-26
-198
-74
-3
248
7
-196
260
-127
-567
111
178
225
-13
-394
-130
270
159
-129
71
-33
139
42
-229
-354
-9
77
-315
-167
-93
29
-220
-126
-156
111
135
-127
58
121
-263
-72
-161
-273
115
-297
-145
310
-3
-12
151
120
87
347
28
130
3
172
118
188
-242
-26
-25
-22
72
332
330
7
-120
-136
200
-14
-295
-72
80
363
118
-367
-16
-130
38
208
92
-434
-190
280
36
-86
346
-21
335
-353
-154
-390
127
-150
194
-338
108
77
-193
100
303
43
41
-135
308
393
-47
500
143
-226
199
129
-148
111
-21
-334
-136
-241
98
-47
-50
319
75
57
84
-104
-39
396
-3
150
-253
242
-155
-511
-62
-56
14
128
-375
-251
138
-174
305
-71
-336
44
253
-133
-105
77
14
13
142
-148
125
434
186
-100
-306
-103
-137
231
177
-200
7
-174
168
144
257
-275
-106
72
134
79
-118
159
-185
-345
-68
-15
38
-49
296
-124
-120
310
-81
81
69
-85
401
483
-269
154
173
-26
40
204
-140
-241
8
-290
-46
136
199
-269
54
160
-110
54
15
-188
30
-113
-331
351
44
-7
277
276
54
-58
73
74
-132
96
114
-283
25
0
88
256
67
75
66
144
-272
-94
-16
32
-357
98
60
-135
226
76
-431
246
12
-65
-117
-183
-404
61
70
-157
161
-17
53
-161
75
162
-13
94
48
144
374
268
41
239
260
68
-32
57
-129
-122
-127
-163
-32
147
37
6
-280
-91
-183
-274
-247
30
-244
-179
-20
-408
100
-25
363
-64
180
263
-27
110
-183
25
259
98
-115
-220
-35
-10
-105
317
301
270
-48
-33
-64
-60
154
-97
158
238
-243
146
256
104
183
-71
-365
81
-164
95
127
-269
-51
100
183
-85
23
-259
92
309
-56
147
-20
284
115
-100
-212
165
-49
-75
234
-114
276
-88
-148
334
-433
-228
-251
-215
-120
-105
-19
-58
-250
33
108
-253
489
-98
256
-223
62
23
-19
-128
-209
17
318
20
143
356
168
-54
289
230
218
-68
266
-83
466
-249
-44
-30
-168
-148
135
-35
116
33
-161
-58
-28
76
297
112
148
89
-238
-408
-54
-333
143
-254
96
71
-133
-15
-357
-120
-154
4
-162
-167
-294
-56
-321
301
-236
-194
-306
139
504
490
-82
-238
42
34
95
-155
12
93
-72
-338
308
-53
82
69
57
-216
-203
191
42
-41
64
-31
170
273
78
128
-169
39
51
-106
142
68
170
-180
-249
83
35
-102
27
9
-45
56
31
66
-89
53
177
-70
-53
-52
361
-221
216
-60
109
79
129
133
298
-44
1
-173
218
-299
-432
16
-79
190
292
107
-361
154
43
15
30
2
125
-60
15
105
0
-331
-101
270
202
-15
181
-139
-150
0
-378
232
-205
-272
-99
254
303
-223
210
-109
179
-271
71
46
-169
-95
218
-144
-361
105
-571
-33
284
-29
321
147
-286
190
-76
-189
267
162
-509
90
-1
-146
-87
-103
24
78
-126
-128
217
28
-45
-182
-299
107
417
-93
-209
305
0
165
163
-131
-38
221
387
-76
108
32
-324
73
161
-266
404
292
-224
-85
35
-37
277
229
-653
-16
-247
-5
-231
-89
-47
-309
-278
-31
-200
-7
163
310
-212
428
-241
-44
201
-76
-40
-469
247
-358
-220
-14
-255
1
-278
237
132
-377
-175
211
188
143
0
-70
519
-182
-73
-88
-10
-21
-32
-421
-24
336
-176
-259
-54
138
-82
-144
306
212
-220
137
-155
93
13
72
-39
-49
301
180
86
-210
-300
159
111
253
-112
318
-183
-321
-36
-53
129
-34
58
123
474
198
70
-61
-144
83
-240
-88
-39
210
68
-218
-21
205
-530
-84
141
492
96
82
253
324
-96
-300
74
133
-60
-323
-257
261
73
126
-84
-64
87
192
327
-198
623
-204
53
233
-147
84
-71
106
28
263
1
-183
160
315
175
90
24
269
-103
-512
-13
48
118
-41
-80
170
231
-199
-354
247
-106
-327
291
-132
30
-79
-244
217
9
-147
187
44
-37
238
-125
64
135
-6
102
-213
-15
-23
351
293
-267
-435
-46
194
-310
-104
197
325
216
-315
285
-128
-335
94
-76
141
-45
274
651
187
-243
-197
-162
-283
80
-20
361
-375
-84
23
59
-148
-77
-33
-43
2
-2
-233
-1
-25
-103
144
136
-158
238
59
-111
108
-224
539
26
-31
-286
209
64
363
335
286
63
-76
114
233
36
113
87
-66
138
401
136
-382
91
221
130
-121
-252
6
-51
-183
-109
385
489
211
-262
403
-188
2
273
-41
156
58
-63
-119
215
-168
-236
65
240
435
81
228
194
-64
403
66
380
-549
-63
-433
187
150
224
-217
77
-45
122
341
57
25
-334
-23
-258
47
0
-139
162
-197
299
272
-201
49
-89
-136
171
-266
-271
85
-5
81
-75
104
-366
-161
20
167
47
-64
-62
-74
276
204
115
27
-447
134
362
-277
-185
-291
77
-599
115
-191
-181
169
-339
216
239
-280
95
-37
-72
-5
-65
37
172
-226
-5
99
-88
-285
-264
148
-288
-88
124
205
21
31
55
-9
62
144
311
58
-229
-144
249
84
-337
-228
236
-127
197
195
231
9
-51
58
-130
239
-21
-33
293
78
18
287
-134
-244
218
-152
45
102
60
90
44
-51
55
-24
-102
-447
-239
-332
173
-54
37
177
52
35
-116
82
-337
-203
196
-203
213
209
-76
-80
-112
88
472
-16
-33
13
19
-140
255
-188
333
-71
-78
86
-381
-84
218
-29
-109
261
-75
-262
24
402
-65
-33
-179
-62
47
193
-55
-151
-71
78
0
-160
340
58
63
-125
165
413
-371
-279
489
-366
45
93
-73
108
-240
312
87
227
-267
-315
286
343
-138
229
163
-277
90
-58
-95
19
60
-205
323
-144
112
32
60
191
55
-26
-107
378
19
-144
-236
-25
51
65
155
-86
-345
177
242
43
-100
-206
-184
423
-128
5
-73
-82
80
-302
-485
31
-23
208
183
-409
-128
-54
-163
-99
-171
284
193
-68
-130
-338
208
-141
-231
237
32
-211
-79
-327
-148
-35
304
-1
-193
110
78
-37
-15
236
-307
-163
-2
-53
133
-27
41
189
310
231
-104
-124
3
-273
19
-171
293
78
-137
71
84
-73
6
132
-144
31
482
167
32
-25
147
-30
197
-255
-152
101
37
35
146
-257
-177
22
340
6
-37
180
107
-555
74
-106
225
-50
-344
7
54
31
15
232
250
-147
270
-252
-143
84
67
113
-305
9
-142
-65
255
197
84
60
304
85
121
-41
167
55
297
92
151
-423
-209
321
120
-47
-145
-154
3
244
-42
-12
-48
25
-3
-33
-120
268
-102
91
3
212
211
44
-107
-57
-171
570
90
53
-40
-166
2
233
376
-161
401
-60
-295
-310
69
49
-74
-29
19
118
-31
-44
151
21
-540
-242
323
-224
-13
38
540
33
-193
40
-206
-107
236
-206
165
13
-34
191
-69
164
-344
214
-52
153
-64
170
26
-34
337
15
-90
-128
68
-464
-248
21
79
148
9
-322
-128
-261
293
36
-197
-44
114
-365
-133
238
-368
-579
237
-198
-358
189
292
299
-139
56
-357
-18
153
-4
-72
-151
108
26
61
-30
15
177
44
-284
137
79
-171
133
332
-183
237
-109
-117
-82
-127
49
104
-483
139
57
33
82
-15
136
-187
77
130
-107
-16
377
227
85
143
234
-314
4
-249
-4
-59
137
114
85
-364
296
-195
-48
-162
-166
356
532
-217
99
-240
97
-82
-217
-255
202
-310
64
-97
342
384
24
95
84
113
212
19
-161
-45
189
-321
246
343
320
27
-5
340
431
251
-307
-111
-292
147
-87
-23
70
129
91
263
368
333
-211
-35
-65
-373
517
-300
-20
-128
104
-30
78
-154
66
-150
-88
-96
25
-72
-138
141
372
198
99
76
17
63
-37
-253
-54
-248
-29
-227
-4
-151
186
334
311
125
-256
239
-184
-301
-216
91
-99
70
-103
307
202
126
392
-176
208
-159
-96
216
371
2
-224
251
-308
-583
-273
-121
197
-30
267
-187
-75
216
-202
-156
157
7
-53
0
285
19
-226
-348
129
119
-398
-226
-15
-143
90
-215
-136
-173
495
-98
-16
-96
-36
20
-157
-71
-15
79
-437
-243
89
232
107
-177
2
-365
159
-70
-64
-126
-649
176
-109
192
-171
-16
128
-12
-184
389
-101
-31
5
-95
111
-55
-172
-207
14
275
296
-55
182
-412
7
34
77
-6
277
-101
201
11
314
63
-23
-293
5
-163
82
-269
3
91
-67
13
99
314
-129
128
83
-34
8
-261
-114
-78
-76
-125
259
527
-338
126
-87
177
31
165
-32
230
10
-204
-50
36
109
-40
-64
-59
64
-127
141
78
132
15
-34
-310
121
4
433
-294
205
-90
36
32
-102
-26
62
261
231
244
-29
-136
-317
355
13
18
199
-28
-438
229
-101
-294
136
-140
-442
185
-146
202
-149
109
-114
-166
-339
140
-562
-221
-348
29
493
-394
157
-105
51
-197
404
-90
-53
10
26
-3
26
271
-322
-154
-225
-77
-26
268
-143
-126
213
310
-180
22
-208
-197
-70
11
299
-130
-106
-87
-516
-251
18
158
-72
-89
-157
-142
-65
-31
-315
6
-230
-137
105
9
114
-69
351
381
120
208
-27
-163
21
64
-8
-93
-119
329
-212
381
-253
80
17
-34
127
191
-194
90
177
112
-112
245
-219
73
-93
59
351
-35
68
-79
-62
-98
378
-17
-271
149
-43
-195
229
-277
20
-155
-76
20
-195
133
238
-301
-330
-157
-75
106
-128
328
132
-193
-194
-118
75
-136
-124
-90
41
-92
221
16
56
17
38
205
147
-82
157
45
-272
96
-82
134
-91
-52
-30
-52
-134
140
-28
166
171
-53
307
203
297
-161
-16
44
-11
112
-69
-249
115
157
76
47
-107
-168
-44
-110
-215
53
-153
59
-140
215
353
-30
55
91
114
-188
-57
-62
-62
295
-134
206
-38
-226
-351
-183
-341
-134
101
33
-271
149
144
29
93
-62
86
-101
-224
296
-30
-67
-81
-216
27
-97
-180
-245
98
217
89
-149
-150
217
-354
-104
319
81
-61
-625
71
94
-263
22
45
-65
-58
73
70
429
-209
-311
-79
-159
-48
194
238
-167
0
191
-11
-18
-170
86
-62
-340
-76
284
-148
328
-55
-183
247
-325
194
256
-479
80
-82
464
274
22
209
537
-33
-148
150
18
-140
113
101
-325
-109
-156
-91
-181
-217
115
168
-337
36
362
50
232
-8
-167
88
15
-98
1
548
193
-59
-11
45
-43
72
422
-178
-266
-406
-53
-356
401
135
-18
81
218
13
-137
178
316
139
-81
-546
71
505
-59
213
-41
190
-121
-78
-284
57
312
-244
-186
61
-218
-156
-158
9
-123
263
-2
297
-95
85
378
-29
-343
267
-30
25
-80
89
-87
15
21
-8
139
94
328
-144
-56
1
-148
103
-194
-81
85
-177
269
27
23
207
192
-79
12
98
393
181
-218
103
44
25
1
126
-174
-134
119
321
-65
-436
-59
69
-222
326
-90
-158
-22
-164
-184
-165
75
-10
72
152
162
53
468
-132
-70
-27
-2
-1
220
-152
-79
32
41
394
-15
-21
49
92
-130
-93
-55
91
133
-324
229
81
301
41
-449
-88
619
32
-55
192
-25
-292
50
299
-23
168
91
-70
-379
-165
-258
-106
-49
-110
-48
-135
174
-138
89
-217
-73
80
-4
150
12
-11
59
211
-250
-282
296
101
-276
42
-211
338
116
58
167
-129
-134
-558
-196
256
-147
13
81
48
44
-140
-496
62
-28
-187
533
-242
148
7
-81
42
468
292
107
-168
133
403
359
392
157
-212
66
44
353
301
265
-39
-151
296
40
-364
-50
-357
39
218
-71
188
676
-10
139
-111
19
360
183
203
339
-99
-237
79
-196
150
23
-191
324
-52
-7
-135
-115
-65
-66
102
-204
-216
-317
242
-136
241
294
198
-4
-275
179
-124
43
118
97
-310
55
-355
96
-147
-12
250
-90
-129
-270
-38
95
205
72
245
-206
157
-175
-122
221
-90
-127
404
15
161
-198
-187
125
-141
-85
46
-96
265
165
101
671
-642
-2
-80
148
-17
0
-182
253
438
326
-2
186
156
64
-131
204
154
177
382
324
89
-133
150
166
287
462
-14
429
213
293
223
-313
80
157
-11
146
279
316
-270
-5
-370
216
-195
-134
62
395
228
-13
-213
207
94
35
-336
-114
-219
-91
-18
-109
-25
146
248
-282
-135
-301
113
335
-154
86
-148
154
9
210
74
138
26
12
-245
269
189
122
-146
-12
-237
-132
90
32
-65
-25
-75
-145
-169
-118
-101
-147
310
36
316
305
-235
-116
-96
102
-176
-17
12
-82
372
-122
-55
230
96
-579
56
-165
4
44
-221
112
105
216
-22
243
249
-44
53
179
-73
-222
80
-41
85
6
-226
-20
-172
51
163
-160
-3
-152
24
-315
30
90
199
43
-187
-81
171
81
227
116
-40
-24
-18
9
-79
-51
270
225
-247
302
-401
-8
36
-67
119
-212
-129
52
-158
67
-97
162
-185
-158
-121
285
50
155
356
91
-155
-141
16
-141
49
38
125
317
205
-150
-8
-318
139
-84
-127
-96
-43
-142
21
34
-73
107
360
82
-295
20
114
-164
-15
274
452
-93
-172
296
74
-167
358
-366
-198
-11
-119
-13
238
166
-445
-293
-388
-228
100
-411
-98
-119
27
-82
-245
508
-54
-122
151
-185
-32
-88
-334
-102
134
-161
168
-151
153
-219
110
152
-24
102
220
184
-68
-331
-113
-94
-124
125
145
114
226
-54
120
-54
-177
-13
221
489
-80
148
99
47
-67
285
-164
140
115
294
-75
-166
135
-32
-482
277
113
18
71
-69
159
335
-214
-170
-27
196
-75
-78
308
-509
536
349
-78
57
-85
49
139
-160
268
-103
-79
-116
-474
-114
-252
-7
167
-4
-180
102
148
-81
294
-12
455
-96
-9
-10
-140
-366
14
-134
-193
192
-155
-165
62
-395
-137
-106
-16
-234
156
-183
-7
97
168
30
-302
-13
343
90
150
-214
309
380
61
-33
-201
212
83
488
-123
402
185
-209
22
389
-303
58
205
-39
-373
100
170
57
-80
12
96
126
101
108
-44
137
648
216
-67
294
-153
-150
62
203
116
-125
0
291
140
-384
-142
-62
204
-50
-283
-127
-58
-126
91
-122
244
-37
174
313
79
-550
172
43
168
-283
-58
-152
-74
104
220
25
-7
-299
350
-303
132
82
200
30
-189
255
-185
182
230
31
225
140
186
-15
159
415
-181
-13
-186
59
107
-10
-25
82
-97
3
165
294
-247
436
-230
10
264
104
114
-148
226
-147
-203
-171
56
194
180
17
-153
148
121
-212
-128
-128
40
-363
321
98
-115
249
-197
101
211
-257
22
112
-42
365
117
552
46
1
64
-61
-111
-96
100
292
233
-275
-265
-117
-455
354
-200
94
203
196
-62
-113
238
-86
12
388
-20
-135
-214
54
-87
-350
29
-113
118
-25
-18
-243
199
-32
218
-34
-7
76
-48
299
57
92
-11
-59
213
-496
-73
-74
-163
-45
-480
373
-76
-85
-127
-399
-122
0
-34
-138
-98
-213
-246
166
-5
-412
187
100
-63
-121
-66
356
-4
-269
-171
-124
-336
107
239
-240
93
19
-24
41
-140
-112
180
-114
18
-160
-24
14
180
-252
-4
159
98
303
-55
198
149
-178
325
330
242
101
341
77
76
423
31
253
-121
-179
-32
409
27
314
183
69
53
-192
-459
141
141
103
121
-147
138
-261
-299
316
-68
19
-353
-176
166
-224
113
94
192
-350
-176
-225
-61
256
218
122
-104
154
-142
105
30
109
-175
10
303
-71
129
-77
119
-182
119
-293
343
83
-346
346
-71
-376
-337
-231
468
-31
-112
24
179
-258
97
-254
-179
208
-45
248
7
3
-76
-416
-274
-151
-97
-215
-52
196
80
114
163
-139
-46
46
-371
145
-31
5
-201
-28
101
-265
204
-149
-486
67
27
32
-152
-101
327
45
239
-46
-115
-262
243
91
-82
235
-315
24
-104
-60
229
-334
-225
-174
-95
134
-332
37
8
-65
-101
150
33
184
-129
166
81
-197
-71
38
81
-243
11
94
-368
217
389
346
14
-48
66
-31
46
-52
-320
25
-471
286
-177
14
139
347
-50
-128
124
-358
184
35
288
21
186
47
206
-11
-6
200
191
-47
271
-216
174
-37
54
292
-67
70
214
-147
-306
-160
-67
182
-313
-49
-293
-64
-55
-197
-170
201
9
-142
179
-305
-280
-125
161
263
-141
-1
-245
-70
147
112
-225
277
45
285
-50
-287
218
-190
-218
171
6
-166
126
45
-71
-53
-381
43
-176
79
292
-18
-20
134
245
-293
-422
-113
-30
84
-50
437
330
-167
-211
72
-5
-132
178
-295
47
-54
95
181
325
-133
66
-53
-209
10
-160
140
264
-517
-489
-67
-53
393
-249
298
-104
28
-209
146
340
24
396
186
77
212
69
17
183
-71
-261
130
97
116
-215
156
-119
4
233
80
-206
-46
-114
336
91
-261
-245
-88
304
90
-282
-87
59
-225
326
221
-23
-68
-197
-121
-255
-323
142
93
-217
25
-465
75
-433
-338
-177
-4
-82
26
-367
-81
360
67
-47
13
212
20
361
-29
94
195
-181
233
-148
-150
-12
45
98
-11
-16
111
29
-192
-97
-150
336
-8
569
192
-345
-81
111
382
105
123
-42
-31
-67
-146
87
-274
-268
-102
166
151
188
5
-311
-247
11
71
-267
117
134
97
73
-97
2
97
39
78
-86
-134
-36
-102
38
45
77
-502
195
-76
136
-53
81
-52
132
-56
266
34
181
359
-331
-182
-102
-136
33
280
-325
63
204
211
249
117
-123
51
-76
-360
23
329
78
-87
-396
128
39
-161
-256
-123
-267
-489
13
166
12
-63
-383
-51
-324
-159
-85
-63
-291
36
-123
98
53
287
-84
-96
-58
402
-264
-116
76
50
164
75
47
-428
-32
5
98
-182
64
119
-49
11
-56
4
265
-295
-317
-77
72
72
293
-64
129
242
45
-400
11
203
98
-123
-144
-286
113
-268
199
-6
156
-191
-129
-37
383
63
274
-150
192
49
-10
290
-190
145
-224
-158
73
-292
-240
97
-311
-106
187
-267
-214
-105
-99
-145
-120
-205
4
119
29
249
-12
-41
-24
24
339
-180
234
-135
149
-74
-92
254
3
95
-29
-345
127
-50
-204
290
-54
-31
-201
312
-191
33
290
-122
-154
-16
-57
-97
1
248
-55
279
142
-216
-118
161
27
-231
98
130
-183
90
-96
7
-73
0
-510
87
-190
147
237
-279
-21
22
78
64
50
-192
68
63
295
10
22
32
333
161
-44
-5
198
8
74
165
73
277
-259
-103
22
245
260
-52
212
343
-249
136
-232
-270
60
-216
220
81
-44
-8
-24
-170
110
-459
301
7
-85
46
-12
136
-117
100
-168
185
-257
-58
7
-116
-8
179
5
609
-301
145
-11
-179
132
-419
222
-41
-75
-246
-49
-26
296
-94
-349
-159
-244
94
25
-130
157
98
161
-138
12
300
-261
99
-222
263
79
-10
-284
-191
-432
-259
423
99
84
-89
-44
-281
81
92
333
24
-279
-116
-98
-80
35
240
-14
156
-183
-99
85
3
198
65
-217
-240
-335
326
-19
-527
399
-215
-153
-41
-30
-231
126
-123
-35
58
-207
-237
57
12
150
-138
-17
185
195
-26
38
-203
208
-209
150
185
-76
-141
64
-2
-13
279
79
-128
-378
283
-23
19
-16
231
-107
-269
-130
285
100
-67
-127
128
-52
238
-79
-319
-120
-23
-51
252
232
54
-55
-176
-283
160
-86
-223
63
329
-167
4
-105
202
-154
223
-32
98
-269
-63
-226
80
-20
-125
231
-39
34
129
78
11
-98
346
-409
140
72
-109
-303
46
-72
73
-16
-83
237
43
-137
69
204
-317
231
-272
-160
102
-95
27
-88
143
262
-264
137
32
7
259
-85
-56
-72
67
2
-152
-451
162
-206
-2
278
-240
0
-224
-35
-285
-179
128
-221
-344
4
-272
-133
-4
-31
-113
244
-62
-458
341
-224
486
337
-47
-210
-85
-93
34
-95
142
21
-55
76
130
-126
363
-51
83
249
128
40
-256
-40
-138
180
-319
-42
70
184
20
-210
75
28
89
286
-337
-323
-110
-97
-270
-334
-163
327
57
134
401
-10
365
-142
270
-117
-71
249
-89
-222
292
-332
-19
-95
87
16
-354
-83
40
-44
-56
-52
0
-174
-83
-333
-56
-247
-64
113
-100
241
-526
-140
-145
-50
-71
194
-52
-33
-267
209
89
-61
-130
340
108
-105
108
215
-232
43
-9
244
-5
25
292
-79
66
-135
-117
158
-132
67
211
-212
91
-163
-174
141
92
-273
116
142
-372
-169
4
259
-150
19
-11
-7
84
-143
-178
7
-16
256
374
32
62
311
208
-172
195
-8
140
-205
473
125
-20
109
-180
49
265
-269
74
158
164
-39
142
129
-167
-44
142
506
111
537
22
58
60
223
51
246
-252
298
95
-193
-172
-56
246
187
389
-578
65
33
74
148
13
-178
-70
-284
61
165
137
32
70
-225
-355
-17
-206
-253
39
113
-115
-22
76
8
87
61
124
-294
10
-3
62
-70
-265
-149
-366
176
139
259
-357
-96
300
-248
-2
-7
89
-16
252
55
-21
-37
-567
483
-82
-171
58
31
-91
206
62
-112
-556
51
115
-162
-92
-199
262
-308
-159
63
-320
-248
78
48
77
-145
268
159
-245
-222
-103
-66
72
-14
297
404
-172
172
78
405
-6
-302
137
15
-252
-64
40
-229
203
130
-47
19
-58
233
52
-190
86
102
-222
424
306
157
-66
63
233
-258
-106
32
99
124
-31
76
-153
81
117
-319
220
-556
-41
-119
59
85
-71
197
-165
327
199
-145
301
-53
105
297
195
52
-174
-277
-138
-285
-134
-292
234
233
-4
-256
287
-35
9
181
-233
-401
-51
37
-151
-57
-58
-131
-159
92
112
253
-88
-190
-126
142
64
374
42
90
324
-106
40
139
103
270
242
136
-339
-82
-304
193
151
11
-258
393
-356
-237
415
56
-249
479
62
130
-187
-285
195
368
331
-5
143
-94
86
599
184
76
60
-1
182
-101
91
172
256
-101
60
-545
-140
-77
508
259
-113
-188
44
304
28
-81
265
327
123
90
118
-169
-172
-14
-172
-11
-187
45
160
72
68
-63
99
93
276
115
163
74
316
154
290
-578
423
-26
140
38
-14
-54
-22
-78
-151
59
154
183
-143
-295
-192
-49
147
-294
-127
-176
-252
-9
293
312
65
-21
-135
-20
-1
32
-9
-21
85
-141
-158
-133
-141
-548
193
314
86
233
-133
73
182
113
134
163
34
-172
-139
13
-60
-46
-38
79
-115
94
36
0
-47
-239
-401
-380
-33
-22
201
101
0
-377
-195
-25
-45
-111
269
-444
-104
-454
159
27
258
-254
250
118
59
-63
295
-90
-180
-61
-125
167
-136
-166
-29
-70
396
438
-83
-141
186
98
-90
-2
-398
80
-31
59
106
-380
-45
-206
261
101
-7
-13
-196
-34
196
59
-47
407
216
-10
-198
320
276
-95
-41
48
-6
42
-217
-124
-141
11
203
-67
-25
-63
322
48
-148
-15
169
-64
28
82
-334
-130
-237
-225
33
189
-338
49
-59
9
-217
103
-145
80
-38
181
117
-104
466
261
-29
-106
68
150
222
-21
-72
306
-32
-6
-139
-23
178
122
343
85
-97
-413
103
292
-51
-4
-101
108
134
41
265
224
98
-94
92
-127
-73
11
-76
36
214
98
-110
-218
188
-151
-149
53
206
64
645
-246
-689
-445
-4
57
263
-236
-193
-221
-218
48
240
-69
-183
-180
161
260
-12
-174
178
6
314
-238
179
-260
-252
282
-401
45
491
-234
185
120
-114
69
152
202
205
501
14
157
-155
137
-232
41
-136
-39
60
-298
-294
-162
-55
-319
-113
2
-74
-86
-28
-268
-99
47
83
207
-20
-75
132
67
-102
117
31
10
-93
255
77
-35
-193
-73
-90
130
169
119
-114
-175
291
-43
190
-251
-131
188
240
-7
-68
2
-192
7
-117
-3
335
-93
64
-159
164
436
-170
129
-78
264
-124
146
249
99
301
-8
104
-171
-127
-367
-474
-7
-274
180
21
111
44
206
-42
-136
-109
48
-84
-309
104
-110
-446
173
27
135
212
-82
-162
513
29
-93
-3
-13
-305
125
-372
41
16
170
76
-79
-231
-64
312
56
158
290
-206
-94
259
105
-181
145
-200
52
-125
-115
70
161
-260
126
6
256
71
-198
-64
53
88
137
-125
-101
184
-300
-403
-23
-544
-72
60
-29
-97
-91
-196
47
-200
114
-168
439
-281
-9
209
-63
108
-128
-257
-232
-323
-244
31
-29
147
43
-60
89
110
242
-345
99
121
-40
-67
8
-108
-490
-134
33
176
-23
-104
189
125
-187
-292
-72
50
149
-24
-108
65
-159
72
-172
202
-94
-22
-186
176
-75
-107
-22
-152
136
-263
65
30
-7
-327
-306
13
-202
-232
82
-170
1
-11
-230
482
-260
-186
88
109
-214
-204
67
68
-111
219
-54
313
-104
111
-224
-34
-25
50
-8
445
-271
466
245
239
-176
-20
56
-39
-79
-8
-295
-169
234
-197
136
-108
311
-74
-111
-236
-333
-62
264
158
-55
-92
7
372
263
-255
-274
131
-169
22
24
471
148
452
-414
160
-254
-195
-188
-180
253
126
319
-8
-141
-147
-48
-29
-55
-148
-31
123
-219
91
-31
-122
357
20
-149
27
113
160
-85
-44
-379
-26
96
114
-88
-65
-211
-70
-23
369
81
-157
-275
137
-108
13
-45
-52
87
80
17
345
169
-130
187
44
111
-60
58
-360
159
18
-141
-140
20
-321
309
179
31
227
-65
-8
119
27
159
52
-2
-16
229
-194
154
185
53
-144
100
-158
-88
-113
137
-213
108
-485
240
208
6
-62
41
231
13
61
-161
61
-245
17
-306
-181
-297
-193
-301
231
319
-22
-171
-77
-52
-157
-1
-120
85
-207
55
258
105
6
-51
-406
440
-52
181
-357
-334
172
-54
91
-33
-40
25
145
249
-7
257
-29
-88
-9
-73
205
4
147
-124
356
31
-13
163
267
63
223
272
49
76
-46
-96
-179
-14
45
299
256
44
-128
386
-376
-169
26
-127
44
397
-116
-154
-61
-99
-154
139
40
-59
48
82
174
180
-340
-66
-179
240
-64
97
308
15
242
-114
39
-44
-189
-6
-208
60
218
429
-303
7
38
46
263
-15
-91
-115
22
213
89
-77
-188
-222
-184
148
5
14
-66
180
90
57
63
-45
-34
-56
-90
281
-90
32
396
43
184
117
-66
-110
-326
-5
44
159
-199
0
148
-10
483
335
149
147
-12
303
-40
-310
-16
190
-156
-343
-36
-206
-108
-184
120
-56
-411
-141
-46
82
94
-117
221
-122
170
248
99
249
281
-206
315
83
-256
5
-110
290
-201
-116
-181
68
-84
-124
246
-10
-123
183
-178
-182
56
176
-66
-162
-448
243
-48
-62
40
229
-316
-67
18
-121
-28
-153
-227
122
-149
-64
-282
-7
69
-11
155
-18
-58
-374
4
-251
110
-224
56
18
179
-17
-145
56
-172
-215
248
-134
-10
-180
45
-252
-91
25
67
-308
-19
52
119
-218
-25
-72
-132
-25
18
183
31
-77
29
-261
134
92
161
-203
81
244
-152
2
78
-27
-44
264
330
62
-237
-43
96
136
185
205
-144
-473
-147
-55
310
-107
-218
-135
294
-8
-274
60
-295
-242
324
82
141
-145
139
-118
-72
309
336
-135
188
-18
256
44
196
36
156
117
-43
-202
200
183
-10
40
-43
-74
-170
209
-104
265
-124
-176
60
173
-181
-151
215
161
143
4
27
73
-60
50
-192
36
-240
-146
-317
149
-182
-98
12
-96
368
387
27
298
41
89
-278
-214
2
-92
-45
-71
-219
290
143
-205
107
-372
-135
-34
-347
217
-354
-174
124
74
47
176
279
-198
-172
-76
61
-96
-232
252
164
-50
-373
-268
175
591
42
117
2
-133
-73
-374
257
-227
102
102
284
-39
-85
42
-253
186
25
12
51
-259
189
-71
-85
229
476
-106
-209
193
90
-20
-107
-263
-146
-24
-37
-109
461
87
-160
104
-232
-320
390
251
-87
236
-221
-147
-235
158
-230
-458
146
-487
-148
-211
-211
-70
-454
10
343
-56
-400
-57
77
96
-26
86
-30
277
-89
-49
120
-84
-52
-16
55
248
285
-11
568
-25
-378
-99
-232
339
104
291
-153
-33
135
-37
-66
222
31
139
263
108
-192
34
469
350
287
-412
35
-231
13
270
-332
177
55
-176
120
-107
361
-190
324
-82
110
179
73
25
106
-211
76
-104
-103
368
284
299
-46
-103
-8
67
242
-79
-38
-183
-301
-70
247
-108
-308
127
201
-156
91
145
35
-60
23
12
49
-242
-53
-63
-20
-197
18
180
-357
-186
66
198
220
-13
73
-266
-299
53
-161
-131
98
-90
236
339
190
-31
-15
191
-343
-100
-49
169
-230
-84
-213
-142
104
14
164
126
-23
308
106
-30
426
-220
7
-23
-204
-321
-443
-20
-90
239
185
-241
-159
64
56
40
-179
-202
183
-329
-146
57
-69
-367
210
-92
-360
-228
201
-98
-110
253
90
-15
16
16
26
-180
262
-31
-82
-190
-129
330
-141
-13
-8
22
201
-371
82
-116
-221
-22
-293
-82
50
-272
5
-56
44
94
78
-166
-139
-43
-292
-254
140
221
132
-268
6
93
-77
177
22
-323
-311
94
87
-158
-402
-150
92
447
-200
-389
-37
5
-218
-205
40
59
385
-239
254
-86
246
-183
45
153
103
39
86
-328
43
-36
10
57
-158
-75
185
-66
170
-25
-41
-106
-467
33
109
188
229
118
-123
-315
-430
-457
260
33
361
-11
134
-498
-415
63
78
-374
-17
-90
-13
-37
-167
73
-103
320
-73
270
-241
-205
-82
280
236
-133
-132
81
309
-255
18
18
79
-64
11
-252
62
-29
1
-171
166
83
-26
189
-154
70
306
-130
147
-1
187
-122
-67
90
-67
-76
130
26
324
-180
-490
-134
364
224
-140
216
116
-95
-160
329
-29
102
-255
152
-36
-251
403
76
-273
-186
-292
115
-461
-208
151
-74
-364
-75
110
-80
-25
50
-145
158
133
-392
270
623
287
-15
171
137
287
-85
-274
-192
-88
-112
174
-29
4
107
-28
12
-107
-311
308
-163
-237
59
94
3
45
30
-116
-274
101
-167
-120
14
-53
153
-322
-300
-177
-42
-27
78
58
125
58
36
155
-434
205
-265
21
-59
-164
205
10
-50
-102
-194
-29
194
219
63
39
419
47
-129
-126
-148
-57
308
-240
183
359
238
129
-108
-293
73
0
221
-68
50
124
184
248
-29
94
-246
-273
-157
102
454
-194
2
-75
48
225
42
-120
-389
50
171
60
110
-292
-62
-132
-154
-24
89
-430
7
-193
-200
172
77
-176
104
-59
103
423
79
249
12
532
87
122
111
93
-297
286
201
38
-150
-257
-369
167
40
-86
184
133
203
-259
56
267
231
52
-156
-16
-239
-181
156
84
260
88
119
337
-283
-111
240
176
191
137
-16
-2
254
94
-294
178
64
-51
-26
284
163
-240
164
-323
115
-148
319
43
114
353
-42
-85
-67
-137
-16
-12
-54
-63
-73
158
263
-221
91
124
216
-31
-43
-95
66
42
159
131
259
160
-116
283
60
-132
230
374
-111
226
-180
121
70
-446
485
227
-125
-269
-203
146
111
-75
-154
-64
45
-188
82
-236
38
264
86
-177
199
294
-333
-189
64
-258
99
-557
158
88
-113
154
-117
-62
-23
-24
369
-367
-59
27
-10
154
311
170
315
-158
-62
89
-109
-147
189
69
317
57
141
64
-54
-37
117
-179
-313
-60
-68
179
455
-4
26
-229
-16
41
43
-214
-119
13
281
353
-85
-174
-331
-153
94
-173
-5
-96
305
-44
-13
200
3
-235
249
-302
-225
158
-6
-63
300
70
257
-172
391
109
-247
-100
304
-13
302
110
-188
-428
148
-42
-148
-209
291
-251
289
-374
152
264
-23
213
-79
-57
26
109
128
115
-135
3
159
2
-2
-306
233
580
-154
53
97
-128
97
-43
112
194
44
134
174
418
-394
-97
-76
210
-75
-108
-88
-296
202
-37
-357
-210
-514
-67
-45
-81
-108
-172
61
-30
-45
-126
11
180
-207
-118
109
-6
273
-168
-376
197
50
-37
-72
109
62
-351
-81
169
-100
16
66
-174
154
-89
-66
63
0
-274
232
-31
66
-19
202
-258
-58
234
-166
-62
-291
-33
24
33
-300
-12
397
186
-3
306
0
65
126
-105
322
14
-203
-21
277
-14
-318
237
-94
-138
76
-134
-282
221
60
-40
-278
-366
148
-88
-246
29
-192
-144
112
271
8
-379
260
49
204
-352
93
11
355
-79
-178
-54
337
-95
-62
-79
-147
-105
-301
39
-101
-338
-36
-178
16
313
-173
-48
-100
142
178
259
242
24
47
-13
-391
157
57
148
59
190
120
173
47
-90
-123
352
133
-49
10
-164
565
-25
-284
-188
-382
162
66
-36
94
21
395
-273
65
-169
-46
-186
-214
202
164
-239
-115
5
38
-111
70
210
146
135
-152
210
138
88
-136
110
-420
-165
70
-134
-55
-18
-49
-503
-171
-198
244
225
-255
-231
-112
13
-483
-330
69
-268
-95
-51
-50
-278
60
110
241
51
-123
-173
32
45
-252
73
-127
495
79
-109
-125
-132
208
141
-67
281
159
-26
46
159
234
443
262
6
115
-114
-323
-193
473
244
-172
15
-271
-307
-90
-93
145
-242
130
166
-84
-205
-157
-228
-335
346
145
-153
-453
-214
-41
331
-48
-161
222
46
-141
-120
139
-197
-60
322
124
-95
381
321
-163
-163
-165
61
-266
290
188
-245
-6
235
-199
102
80
-307
10
126
-35
-40
-466
-538
-18
-501
21
-219
129
159
507
94
229
-4
172
452
33
-127
162
28
-84
13
35
-193
81
5
-49
301
-174
74
-69
-100
-14
-106
199
103
-364
-337
-44
251
77
-88
-189
64
270
59
-65
-98
-348
42
-234
-10
-9
210
59
-230
61
-120
113
64
-449
107
-394
80
23
-141
297
-45
-103
259
354
194
56
-35
-275
-105
14
250
271
22
145
-180
225
-344
-400
-248
55
88
-21
43
-48
55
-49
102
-127
10
-256
-217
-153
72
-9
-71
-176
57
294
311
170
-166
-18
318
-274
377
134
271
-30
276
-42
-186
81
-125
-250
-76
25
217
-101
-176
-76
-79
215
-82
-166
65
95
290
-86
44
-51
10
-5
61
-186
-31
92
-319
-81
-320
50
251
-23
-76
-8
157
169
15
-136
95
198
72
-245
-414
243
-16
-140
-170
239
-3
123
171
4
169
-241
-49
-356
63
493
-175
-120
-353
-38
-35
-273
166
15
-66
112
-163
113
330
-8
-120
-115
-161
370
-39
-141
-279
224
-23
283
-6
-357
-170
84
-208
351
-463
-244
-132
215
113
-283
143
109
-51
118
-124
-212
-196
-142
342
68
19
-173
-65
-332
80
193
-34
299
-42
143
-108
-276
256
-134
40
-166
278
-189
-235
4
-217
75
306
281
-181
-77
29
177
-56
-130
12
243
101
-69
162
-65
182
227
-306
-323
-435
-99
6
-273
342
-174
-124
-369
-363
-60
274
-134
-137
-111
118
-297
-183
41
-123
-244
88
149
72
42
-126
80
-3
6
192
222
-132
239
-335
-58
-206
70
-51
-50
67
-118
219
-54
-199
-154
40
123
-222
-321
264
150
-128
304
177
39
2
44
-271
-221
-119
-332
32
-106
-153
109
168
-281
-23
22
-181
3
-45
15
193
254
14
138
-134
-42
141
84
109
-81
159
153
-314
26
255
-346
114
-4
-339
-22
183
89
-211
85
-9
-83
259
-122
-229
-380
24
-229
193
-106
-173
306
159
-66
-17
-93
366
151
-469
479
-29
-157
69
170
274
6
140
43
97
22
-154
-154
-45
-289
-111
351
5
122
196
-128
-49
-374
-271
-54
206
-17
171
-18
-322
-267
61
10
5
314
26
-193
68
141
-73
16
265
-356
304
-89
61
85
99
-115
-19
235
48
-417
-502
133
178
40
300
-178
208
209
2
-351
-7
-67
-182
-136
104
-5
-73
36
-142
234
-8
88
97
-198
-316
97
-443
55
1
244
77
37
174
173
-51
345
335
-182
-214
239
80
152
-50
-462
211
2
-11
137
353
455
-9
-91
-221
314
98
26
-64
298
79
-202
86
138
170
205
-504
396
1
-31
-65
-37
-12
143
23
-148
144
232
-108
12
-312
-200
-119
187
110
83
18
357
-425
14
140
99
-181
-124
-98
-458
-418
34
-24
-86
98
468
129
-325
16
39
-6
-261
86
-20
48
-54
45
58
-76
-56
-395
-43
-11
346
285
78
-272
-13
280
-315
183
-51
-7
-50
-247
-62
285
170
112
-475
-300
241
-60
237
67
32
-75
-346
-16
-243
-325
-164
-116
116
-117
-178
-69
51
-12
-284
162
19
0
-322
128
341
82
10
35
183
9
449
-75
331
-442
-336
-60
-12
185
-142
-289
104
-118
368
-106
-164
394
-165
-114
1
94
-129
222
6
-266
-35
58
-53
192
318
245
-123
168
-120
19
200
-283
272
225
171
-260
-17
436
-85
-318
357
-44
-120
-37
-78
-228
196
-93
-281
-745
-205
-270
-5
-38
-155
232
-61
-98
66
-1
-397
214
-108
-13
104
259
-164
119
189
-342
-138
83
331
-309
-73
-157
-67
-271
483
43
18
55
-129
-298
-44
110
143
30
-113
-39
-152
-163
18
-95
167
-196
-353
131
271
-254
-93
-174
237
-161
332
-339
-260
129
-108
-39
69
-291
159
220
-76
82
50
-36
-230
58
-133
131
-119
-187
233
-116
-255
-156
217
-143
227
154
109
-339
4
-106
174
-107
-236
-237
-46
-208
-164
-153
-126
-221
93
-156
32
131
-47
81
126
366
10
-66
148
133
502
256
-495
162
109
223
81
-458
22
64
-171
-183
148
145
246
-35
-176
-313
164
315
127
-155
220
11
-114
167
418
-342
-52
261
-229
-5
-294
-106
183
247
-24
-260
-56
83
-72
375
39
222
143
-166
251
139
-387
-84
-472
120
-137
79
-47
529
-60
-210
86
-143
-261
-33
57
154
-1
103
112
-173
-126
69
35
108
-73
-27
-55
508
66
24
98
95
109
93
60
82
50
56
-367
-337
219
128
-355
81
262
-178
45
61
426
142
-10
59
-54
20
-97
-110
-381
-353
241
30
-83
342
-78
305
75
-138
168
-93
-98
-27
-144
191
-296
-39
-50
119
35
-380
168
-482
-20
-234
-227
-78
-94
83
38
-161
197
362
-14
-22
-20
142
-18
-177
302
-202
-460
291
-262
491
-15
-83
-283
-350
289
130
159
-315
71
59
166
-221
70
-52
411
139
67
165
-112
-138
-88
229
-173
180
-310
-391
325
281
-217
-32
93
221
-133
-7
-111
-132
-154
83
-281
-99
152
-29
-102
-164
-6
132
-83
149
193
40
179
-267
-128
96
-116
-246
-5
399
-75
374
-289
313
26
-165
-291
-59
6
69
-37
394
-205
-115
-135
-310
129
173
137
-189
-262
-73
-76
-163
81
108
84
-46
376
67
-151
-160
193
-193
-368
136
-47
185
-152
-106
-44
-195
57
-344
270
66
-90
99
148
-290
302
-270
-9
-266
332
-128
78
211
-304
-65
70
8
-433
168
45
-268
-205
-136
48
-336
70
-276
154
49
-100
305
659
328
-484
-278
238
68
24
-142
-51
-113
-174
34
160
-183
137
-77
137
82
138
-156
-38
-175
-132
-399
-7
-106
68
173
-242
-98
42
-2
-44
-91
303
29
220
-63
-44
-348
-28
-391
175
-414
-324
291
178
-329
-25
-190
-154
-26
-188
207
-255
25
-150
-56
-217
348
132
161
-45
-284
41
61
-64
39
69
-68
431
139
-243
138
-89
117
-18
-480
-74
-52
-182
-13
16
-362
316
417
69
-30
-44
-407
-263
-130
152
504
-196
174
-366
118
281
-61
-128
-113
-149
3
138
206
-129
-163
189
-161
-236
-32
104
42
49
210
-88
45
-167
-300
186
-257
-28
442
116
217
232
299
-2
75
376
73
-85
-261
6
-196
329
96
-322
-206
-41
-46
-27
-173
-137
-110
-54
-294
-298
136
106
26
-158
-151
-504
-84
-14
229
-21
-314
83
-144
158
130
206
671
180
-120
231
461
-108
62
-226
-29
44
-83
15
339
62
-144
-152
72
-157
154
257
-89
-57
-33
-392
-12
19
-104
204
-158
-124
222
42
438
-273
-177
299
407
-156
-71
40
-309
166
172
-318
-251
-186
-467
4
-35
41
72
-3
133
-22
73
-113
43
93
-284
-166
-33
-255
77
129
-136
116
171
-205
-228
-63
-68
-35
13
-212
109
0
2
-155
-179
228
296
-22
128
161
-78
179
-300
154
229
555
96
52
119
-446
-27
-107
-252
261
41
64
-164
-198
-238
162
-176
305
-162
208
154
67
141
183
-336
-70
-52
-200
-285
-114
111
124
140
-143
-181
142
-196
379
-144
107
-157
171
-58
-212
-93
75
-155
-60
-294
64
-170
99
-115
445
22
16
24
-160
-109
-145
149
-198
66
-110
-298
397
57
-171
-54
66
244
223
184
-251
-27
-48
-105
118
-79
276
211
-96
358
280
39
-188
-107
229
-84
-154
-199
-236
-137
222
-3
-434
-63
-78
-137
-176
-250
-146
127
-33
-35
-156
-131
32
-50
-294
-193
-259
246
-77
-3
40
317
1
99
-206
-190
-8
54
5
-298
-200
-45
21
-204
404
-113
155
-36
233
149
203
-19
177
-82
375
36
264
158
-200
451
104
-414
-152
-172
121
-38
-33
33
-200
106
-171
160
26
-10
226
84
-77
463
-203
-35
525
-165
131
-292
181
-310
28
347
207
-5
-4
28
221
-127
-63
179
-209
16
-138
221
-211
-44
232
1
-49
29
-246
-288
-9
-183
135
33
-25
-474
116
-55
-39
33
274
68
110
102
-53
-213
81
109
155
196
43
-35
-239
48
221
-122
-80
34
264
-546
50
328
-108
368
-148
-277
358
-27
-112
-44
-128
-138
18
-28
204
-61
-25
-416
78
-92
84
-226
72
-47
-219
-219
290
-28
23
-10
47
-120
125
-129
194
-309
-57
-57
71
-396
-142
217
-9
96
-143
-225
251
-269
-133
452
208
18
100
-249
138
-119
71
140
45
155
96
-137
31
-132
114
84
230
221
241
238
299
-100
-37
-239
-125
128
-69
24
79
217
-62
412
245
165
-150
-340
-370
-150
96
-387
-4
-38
343
65
128
64
92
45
154
-31
-350
-142
153
-380
-284
-43
-475
-180
204
-2
-123
-228
36
-4
43
-74
-444
-40
153
94
457
122
120
143
733
-463
362
342
45
-1
23
45
29
110
13
161
311
13
-101
298
-157
-4
175
292
84
369
-233
-250
261
-198
-259
365
-119
18
112
158
-175
77
87
-1
-110
-194
-172
9
573
223
221
-84
125
-303
48
-11
85
-272
159
-148
-226
-205
-171
-39
206
201
129
79
-43
-322
78
-46
-67
207
5
162
324
-346
91
88
216
22
-102
91
388
-249
-183
-277
45
110
-425
-147
10
-84
-63
-131
-93
-181
-99
-29
-9
-279
-406
-24
-243
-226
-37
-152
-170
-66
23
254
11
86
-18
-87
45
-49
39
-178
149
9
31
200
-121
94
23
-94
428
75
143
-35
-48
-414
88
350
-569
195
-358
-89
-171
339
-330
-51
9
196
-179
119
-42
-59
66
65
-103
-474
-30
-70
22
-43
201
101
-11
-135
51
-137
-102
-68
-345
-432
27
56
-270
48
141
389
-278
-125
156
-72
-133
216
-393
125
-155
-16
-106
426
139
246
-77
-138
67
108
-298
18
-253
-194
-67
-167
-151
276
-165
317
3
354
49
22
-197
-100
-114
63
-177
-448
-167
-151
-128
0
192
-35
-49
-367
27
-211
189
-100
-160
-73
-269
-374
555
-65
412
-226
-342
-55
214
377
90
-36
123
-69
-248
154
141
219
-112
101
83
-143
142
136
-226
30
-374
418
366
-242
-145
231
-208
-244
-133
-118
-193
6
178
-187
-211
248
140
8
35
84
-174
-636
173
-226
-2
127
137
97
321
176
39
167
55
415
59
-52
110
426
51
-8
-205
170
-367
-56
231
-17
-206
93
256
-20
91
131
-40
181
-290
-206
-62
-256
0
31
-158
-338
112
-52
160
-189
127
42
-26
-14
-15
128
-75
-273
-54
109
200
-400
-335
-36
123
259
29
-15
131
130
41
381
179
-12
119
-209
93
170
232
-86
289
138
-123
-93
-42
214
-109
-157
127
-181
-263
179
-50
42
-6
28
-39
5
-97
65
8
-92
-252
78
-145
100
-198
-262
-52
104
1
-51
-314
68
123
-96
41
-80
186
-297
-67
57
240
200
-204
-356
-171
-347
-83
190
140
186
-155
-233
-52
397
97
81
-28
-114
64
-183
38
159
344
354
25
-315
10
378
291
-134
-15
390
155
44
-256
-111
-34
35
-409
-49
-117
49
249
1
304
-139
299
-38
-104
-321
197
-85
145
365
-225
-21
-31
369
124
-134
-62
-71
56
482
95
13
6
182
124
-179
171
-255
64
-97
-287
-239
-182
-232
232
277
-106
-61
-76
127
111
85
-139
499
-263
353
145
218
-271
79
93
-101
42
10
-592
-170
14
-1
-204
10
-55
247
22
-319
-188
-86
-175
-105
-59
-60
-179
-16
39
957
-109
360
-193
-180
322
-89
227
-192
-182
-209
-45
-13
-132
275
174
106
219
-28
352
135
-227
260
-43
119
199
-41
-80
364
-349
-108
229
-122
-30
-327
270
-141
62
-18
-370
-33
-151
-35
149
228
-80
-24
340
-141
-173
190
-144
254
-14
-96
171
-80
59
32
-22
-430
129
198
-196
-167
-39
151
-79
-65
245
-135
-148
126
-155
183
37
26
106
-188
341
-252
-347
-64
-284
328
172
264
383
178
30
-197
-179
-127
235
152
-368
31
-387
-137
-243
-58
-86
-341
82
296
386
210
-18
-36
-59
-429
80
-196
207
-22
57
-102
-139
-133
1
392
34
82
-30
71
46
-107
-181
338
152
157
-443
-316
227
5
-212
-110
35
-266
-184
-250
173
-333
307
89
-93
154
127
-155
50
136
5
-54
237
-230
-115
-118
162
10
-37
121
-139
16
163
-255
-163
-193
117
-357
170
-68
36
-97
79
281
126
-2
-59
37
-154
-97
-42
50
134
-206
399
-137
-63
124
275
56
100
-146
58
0
262
-34
164
193
-17
98
0
123
-164
-5
-94
62
233
-195
-131
435
289
-93
-131
176
-67
582
23
340
-170
203
252
-375
-233
-253
206
765
70
157
105
88
286
204
112
-118
285
-56
22
18
-60
-218
-10
-208
36
254
131
-41
-418
-299
47
-56
287
-53
-42
-46
272
151
-13
6
-241
-245
105
294
8
-9
-68
-132
14
91
126
196
337
-29
-35
119
16
103
16
212
190
35
-77
241
122
-94
339
-274
-265
-117
-80
-122
-8
-31
112
195
-286
-7
90
0
-125
-54
216
-38
-254
-60
436
41
18
281
-218
-416
115
311
-313
-205
-98
-22
-216
-277
-155
-3
136
-23
94
319
323
-5
-69
176
-42
-192
424
185
-177
-72
-65
257
38
-125
-115
266
280
-23
-144
-211
285
82
-221
277
325
245
199
192
-35
-83
-274
33
377
-136
161
185
-304
-108
-158
73
221
-109
-87
214
-2
-147
190
-95
156
-17
87
15
-21
7
-126
240
-295
134
-58
-404
-14
-46
-107
-96
-199
173
140
-136
208
142
-129
138
-27
138
-54
-62
-195
139
-116
234
-356
121
85
0
-45
315
-69
69
-75
154
-73
-28
155
-341
-42
-6
79
137
-106
-18
-57
390
-120
-38
62
41
216
108
272
60
-362
239
-39
-156
-119
19
434
-485
-36
200
-244
142
-261
-65
-148
-222
-100
298
25
91
-135
133
-452
22
-20
103
17
137
-412
-71
-246
16
274
-597
-76
202
-119
184
-104
-12
282
198
-213
-59
261
-214
132
169
-236
142
-278
-75
-349
-364
14
95
157
-87
23
210
-65
-11
259
381
-295
358
-156
-314
-444
-141
25
278
90
-423
233
-282
-329
65
0
182
-180
50
-9
-351
155
-145
-17
348
-155
99
-124
5
185
-359
-60
-297
-280
-263
-8
13
-45
328
31
-382
194
-175
100
133
182
160
363
-196
182
-133
-325
17
-67
-186
-157
103
-181
-187
320
-244
22
391
53
-215
-298
116
268
-99
-39
48
11
277
180
-251
275
141
328
56
139
9
-371
339
-23
159
-85
-132
128
-239
40
-245
40
18
19
-65
-10
-136
-76
208
308
-282
191
307
30
148
-193
-41
215
77
-6
39
-143
86
211
-94
-331
282
-244
24
-80
87
21
75
284
-125
236
-383
99
-280
139
-212
-344
-217
217
-87
-44
236
46
12
10
-188
215
-190
311
35
-46
175
329
578
-96
-246
141
-81
-155
-202
448
70
108
122
21
7
215
173
-76
517
106
17
409
-322
98
205
22
76
10
-297
69
-260
218
-233
165
113
243
-443
-72
-29
63
-34
-200
256
49
-159
-231
115
191
101
-241
221
108
-105
209
45
-126
88
-213
-76
-43
-110
50
-137
119
74
46
17
371
-104
305
-211
24
-416
185
-480
-3
135
315
83
2
-341
44
-34
-141
-227
-219
-267
-149
-70
189
-167
-233
137
-76
225
414
-162
-45
259
-74
-99
40
237
128
-26
75
-6
234
-195
-121
-155
1
71
64
-103
-41
255
140
302
-173
89
240
122
-406
161
-59
-159
371
-91
-119
-89
311
-209
-15
184
129
-262
184
383
-41
-499
60
-270
122
-324
304
-79
52
71
283
288
-53
232
105
128
199
66
290
-191
16
248
138
-6
-110
-113
226
-156
-117
102
20
28
-232
-192
130
166
-68
343
20
-181
210
-202
46
6
209
59
-375
42
34
6
120
-278
185
-184
-350
450
-117
-244
-679
165
125
-97
74
-56
30
-148
-276
-111
-159
-321
-180
63
-213
-50
469
23
394
85
274
-13
95
-21
464
135
-277
-118
146
-219
-209
-132
-66
-56
25
-30
-49
339
-182
-131
16
-348
-176
-93
281
46
-186
-171
26
-121
-70
-152
-225
31
-248
343
-202
-80
-100
-417
33
-201
-223
152
102
231
-300
-81
357
-22
43
343
-231
-386
70
-62
-62
-25
99
-65
-82
206
20
58
266
66
24
-268
270
-85
56
140
461
223
47
73
-6
-2
-277
251
-25
192
69
-98
-190
-223
131
28
-167
269
121
-254
-143
115
-508
403
42
-214
75
-63
-161
-95
183
-248
-76
22
-4
-24
54
-291
-39
-195
-21
2
-294
-209
-99
-119
94
-115
-356
152
-72
7
-1
-70
-24
361
-191
402
14
-455
109
-136
217
24
23
-240
-178
-116
-105
-90
405
361
8
220
91
13
-5
-381
-65
-88
9
321
-44
262
-10
252
379
60
-18
65
-328
260
168
200
-444
211
-57
-125
145
44
-134
59
96
135
-53
353
398
-346
142
80
144
109
-73
-186
33
60
307
92
1
-161
-31
18
169
-13
342
-46
-132
-73
52
-225
-145
-5
-172
102
137
-340
-57
-202
24
200
158
-140
-86
-184
55
-162
285
70
174
-202
-48
-20
254
-29
111
119
-243
95
-214
28
-167
-80
35
211
-187
-244
277
15
178
155
-9
134
-222
18
506
-139
413
100
-423
41
272
83
6
172
90
166
-167
-260
117
257
-121
-70
125
-369
135
-72
-164
33
-60
43
-143
-3
41
236
-76
-126
-189
-77
67
70
95
-253
-144
320
32
353
324
60
238
-269
-74
138
247
122
373
47
166
44
-319
-3
112
-222
-275
-36
-322
70
343
41
78
-302
97
160
228
83
-80
112
-66
-262
72
183
-289
251
-108
2
-171
76
-255
158
