25 60 225
0 5
0 11
0 14
0 23
0 24
1 10
2 4
3 1
3 13
4 5
4 7
4 16
4 18
5 9
5 24
6 7
8 9
8 13
9 3
9 17
10 7
11 9
11 24
12 2
12 11
12 21
12 23
13 6
13 7
13 13
13 21
14 1
15 3
15 23
16 1
16 15
16 20
17 23
18 14
18 20
18 24
19 11
19 13
19 17
19 19
20 4
20 6
20 17
20 19
21 10
21 18
21 20
22 4
22 10
22 18
23 0
23 5
24 6
24 11
24 17
24
7
33
37
13
43
0
4
42
39
17
56
41
58
22
30
44
5
6
59
29
2
10
40
8
53
49
34
57
21
35
55
23
46
38
47
50
28
3
48
1
26
36
32
52
14
54
27
19
25
15
45
51
9
11
18
31
16
20
12
-362
618
-367
-265
-318
106
60
127
44
115
-99
320
201
302
-45
-310
86
67
-247
176
175
182
-158
60
125
-61
-246
135
47
-120
-251
-356
-120
-11
81
2
6
-62
125
-226
264
72
56
-110
-35
-492
-169
-58
13
314
-114
138
386
197
-105
420
-34
585
-574
-184
-34
-27
435
-155
-115
163
40
147
222
110
-367
-7
227
55
-64
-32
-141
-211
-390
355
-76
-25
264
-468
-17
-71
-33
-205
158
251
-377
-181
135
-274
32
91
60
-458
157
-8
132
163
145
413
-140
-194
198
-292
349
-272
58
-84
-402
-185
158
40
37
-116
-255
-110
232
171
131
12
531
38
-529
-243
55
207
379
90
67
-37
-96
-31
94
-62
-87
26
-331
146
-96
235
-318
9
-173
-20
327
-230
233
-100
56
-422
-103
-394
97
255
-28
-169
91
196
212
-176
-155
5
244
10
-20
-292
116
-105
-365
216
233
6
-189
146
55
-1
-2
-88
-64
-298
139
-331
221
94
-111
68
301
41
96
273
-64
-290
94
135
399
-192
372
-21
469
209
87
-225
6
-402
611
239
9
204
-189
162
-54
258
-171
28
154
59
-247
-172
-11
32
233
144
-76
199
-301
-261
60
-16
-232
201
152
116
-55
351
-160
-487
454
-85
232
86
-25
10
-350
-128
-231
117
278
372
-62
-119
-169
95
-78
-429
-156
134
-10
-666
-74
-569
455
209
-15
-153
-163
107
97
-231
-80
241
-300
-121
-37
358
136
325
90
22
267
-163
-188
-203
-288
-183
-94
56
47
-167
-90
-71
-160
-131
-76
-149
15
-166
91
13
-185
-294
34
-237
-152
266
338
-183
123
-31
371
20
-181
-109
59
50
-224
-146
193
388
-121
346
-271
110
-186
134
-713
-172
-135
7
-49
239
56
-492
-360
313
-167
145
-144
179
-153
170
-470
194
212
-223
-116
35
440
299
145
104
232
189
-492
150
-30
-228
-85
-3
285
8
-225
298
-146
-651
127
204
258
-15
-452
-149
310
182
-148
81
-38
160
49
-263
-407
-10
88
-362
-192
-106
33
-253
-144
-180
128
155
-146
67
139
-302
-83
-185
-313
132
-341
-166
356
-3
-14
174
137
100
398
32
149
3
197
136
216
-277
-30
-29
-26
82
382
379
9
-138
-157
229
-16
-338
-82
92
417
136
-421
-18
-149
43
238
105
-498
-219
322
41
-98
397
-24
385
-405
-177
-448
146
-173
223
-388
124
89
-221
114
348
49
47
-155
354
451
-54
574
165
-260
229
148
-170
128
-24
-383
-156
-277
112
-54
-57
366
86
66
96
-119
-44
454
-4
172
-291
278
-178
-586
-71
-64
16
147
-431
-288
158
-199
351
-81
-386
50
290
-153
-121
89
16
15
163
-170
144
498
214
-115
-352
-118
-158
265
203
-230
8
-200
193
165
295
-316
-122
83
154
90
-136
182
-213
-396
-78
-17
44
-56
339
-142
-137
355
-93
93
80
-97
461
555
-309
177
198
-29
46
234
-161
-277
9
-333
-53
156
229
-309
62
184
-126
62
17
-216
35
-129
-380
403
50
-8
318
317
62
-67
84
85
-151
111
130
-325
28
-1
101
294
77
86
76
166
-312
-108
-18
36
-409
113
69
-155
259
87
-495
282
14
-75
-135
-210
-463
70
81
-180
184
-19
61
-185
86
186
-14
108
55
166
429
307
47
275
299
78
-37
65
-149
-141
-146
-187
-37
169
43
7
-321
-105
-211
-314
-284
35
-280
-206
-23
-468
115
-29
417
-73
207
302
-31
127
-210
28
297
112
-132
-253
-41
-12
-120
364
345
310
-55
-37
-74
-68
176
-111
182
273
-279
168
294
119
211
-82
-419
93
-188
109
146
-309
-58
115
211
-97
27
-298
105
355
-64
169
-23
326
132
-115
-244
190
-56
-86
269
-131
317
-101
-170
383
-497
-262
-289
-247
-137
-120
-22
-67
-286
38
125
-290
561
-113
294
-256
71
26
-21
-147
-240
20
365
23
165
409
193
-62
331
264
250
-78
305
-95
534
-286
-51
-34
-193
-170
155
-41
133
37
-184
-67
-32
87
341
128
170
102
-273
-468
-62
-383
164
-291
110
81
-153
-17
-410
-138
-177
5
-186
-192
-337
-64
-368
345
-271
-223
-351
160
579
562
-94
-274
48
39
109
-178
14
106
-83
-387
353
-60
94
79
65
-248
-233
219
48
-47
74
-36
195
313
89
147
-193
45
59
-122
163
78
196
-207
-286
95
40
-117
31
10
-51
65
36
76
-103
61
204
-81
-61
-60
414
-254
248
-69
125
90
148
153
342
-50
1
-199
251
-343
-496
19
-91
218
335
122
-415
177
50
18
34
3
144
-69
17
120
0
-379
-116
310
232
-18
207
-160
-173
0
-434
267
-236
-313
-114
292
347
-255
241
-125
205
-312
82
53
-194
-110
250
-165
-414
120
-656
-38
326
-34
369
168
-328
219
-87
-217
306
186
-584
104
-1
-168
-100
-118
27
89
-145
-147
249
32
-52
-209
-343
123
478
-107
-239
351
0
189
187
-151
-43
254
444
-88
124
36
-372
83
185
-305
464
335
-257
-98
40
-42
318
263
-750
-19
-284
-6
-265
-102
-54
-355
-319
-36
-230
-8
187
356
-243
491
-276
-50
231
-87
-46
-538
284
-411
-253
-16
-293
1
-319
273
152
-433
-201
242
216
164
0
-80
596
-209
-84
-101
-11
-24
-37
-483
-28
386
-202
-298
-62
158
-94
-165
351
243
-252
157
-178
106
15
83
-44
-57
346
207
99
-241
-344
183
128
290
-129
365
-210
-368
-41
-61
148
-39
66
141
544
228
80
-70
-166
95
-276
-101
-44
241
78
-251
-24
236
-608
-97
162
565
110
94
290
372
-110
-344
85
153
-69
-371
-295
300
83
144
-97
-74
100
220
375
-227
715
-234
61
268
-168
97
-81
122
32
302
2
-210
184
362
201
104
28
309
-118
-588
-15
55
136
-47
-92
195
265
-228
-407
284
-122
-376
334
-152
34
-90
-280
249
10
-169
214
50
-42
273
-144
73
154
-7
117
-245
-17
-27
403
336
-306
-499
-53
223
-356
-119
227
373
248
-361
327
-147
-384
108
-88
161
-52
315
747
215
-279
-226
-186
-325
92
-24
415
-431
-96
27
68
-169
-88
-38
-49
2
-3
-268
-2
-29
-119
166
156
-182
274
67
-127
124
-257
619
30
-35
-328
240
74
417
384
328
72
-87
131
268
42
130
100
-76
158
460
156
-438
105
254
149
-139
-289
7
-58
-210
-126
441
561
242
-301
462
-216
2
314
-47
179
67
-72
-136
247
-193
-270
74
275
500
93
262
222
-74
463
76
436
-630
-73
-497
215
173
257
-250
88
-51
140
392
65
28
-383
-27
-296
53
0
-160
186
-226
343
313
-230
56
-102
-156
197
-306
-311
97
-6
93
-86
120
-420
-185
22
192
54
-74
-71
-85
317
234
132
31
-513
154
416
-318
-212
-334
89
-687
132
-220
-208
194
-389
247
274
-322
109
-43
-83
-5
-74
43
198
-259
-6
114
-101
-327
-303
170
-330
-101
142
235
24
36
63
-10
71
166
358
67
-263
-165
285
97
-387
-262
270
-146
227
224
265
11
-58
66
-149
274
-24
-38
336
90
20
330
-154
-280
250
-175
51
117
69
103
50
-58
63
-28
-117
-513
-274
-382
199
-61
42
204
60
40
-133
94
-387
-233
225
-233
245
240
-87
-92
-129
101
542
-18
-38
15
21
-160
293
-216
383
-82
-90
99
-437
-96
251
-34
-126
299
-86
-301
27
461
-75
-37
-206
-72
54
222
-64
-174
-81
89
0
-184
390
66
72
-144
189
474
-426
-321
562
-420
51
107
-84
124
-275
358
100
261
-306
-361
328
393
-159
263
187
-318
104
-67
-109
22
69
-235
371
-165
128
37
69
220
64
-30
-123
434
21
-166
-271
-29
59
75
178
-98
-396
203
278
49
-115
-236
-211
486
-147
5
-84
-95
92
-346
-556
35
-27
239
210
-469
-147
-62
-187
-114
-196
326
222
-79
-149
-388
239
-162
-265
272
37
-242
-91
-375
-170
-40
349
-1
-222
126
90
-43
-17
271
-352
-187
-2
-61
153
-31
47
217
356
265
-119
-142
3
-313
22
-197
336
89
-158
82
97
-84
7
151
-165
36
553
191
37
-29
169
-34
227
-293
-174
116
42
40
168
-295
-203
25
390
7
-43
207
123
-638
85
-121
258
-58
-394
8
62
36
17
266
287
-168
310
-289
-165
97
77
130
-350
10
-163
-75
293
226
96
69
349
98
139
-47
192
63
341
105
174
-486
-240
368
138
-55
-167
-177
3
280
-48
-13
-55
28
-3
-38
-138
307
-117
105
4
243
242
50
-122
-65
-196
655
103
61
-45
-191
2
267
431
-184
460
-69
-338
-356
79
57
-85
-33
22
135
-35
-50
173
24
-620
-277
371
-257
-15
43
620
38
-222
46
-236
-123
271
-237
190
15
-39
219
-79
188
-395
246
-60
176
-74
195
30
-39
387
17
-103
-147
78
-532
-285
24
90
170
10
-370
-147
-300
336
41
-227
-50
130
-419
-153
273
-423
-665
272
-228
-411
217
335
343
-159
64
-410
-20
176
-5
-83
-173
124
30
70
-34
17
204
51
-326
158
90
-197
152
382
-210
272
-125
-134
-94
-146
56
120
-554
159
65
38
94
-17
157
-215
88
150
-123
-18
433
261
97
165
268
-360
5
-286
-5
-67
157
130
98
-418
340
-224
-55
-186
-191
409
611
-250
113
-276
111
-94
-249
-293
232
-356
73
-111
393
440
27
109
96
130
243
22
-184
-51
217
-369
282
393
368
31
-5
390
494
288
-352
-128
-335
169
-100
-27
81
148
104
302
422
383
-243
-40
-74
-428
593
-344
-23
-147
120
-34
89
-177
75
-172
-101
-110
29
-83
-159
162
427
227
114
87
19
73
-43
-291
-62
-285
-33
-261
-5
-174
214
383
357
144
-294
275
-211
-345
-248
105
-114
80
-119
352
232
144
450
-202
239
-182
-110
248
426
2
-257
288
-354
-669
-313
-139
227
-35
307
-214
-86
248
-232
-179
180
8
-61
0
327
22
-259
-400
148
136
-457
-259
-17
-164
103
-247
-157
-198
568
-113
-18
-110
-41
23
-180
-82
-17
91
-502
-279
102
266
123
-204
2
-419
183
-80
-74
-145
-745
202
-125
221
-197
-19
147
-14
-212
446
-116
-35
6
-109
128
-64
-197
-238
16
316
340
-63
209
-473
8
39
88
-7
318
-116
231
13
361
72
-26
-336
6
-187
94
-309
3
104
-77
15
114
361
-148
147
95
-40
9
-300
-131
-90
-88
-143
298
605
-388
145
-100
203
36
189
-37
264
11
-234
-57
41
125
-46
-73
-68
74
-146
161
90
152
17
-39
-356
139
4
497
-338
235
-103
42
37
-118
-30
71
300
266
281
-33
-156
-363
408
15
21
228
-32
-502
263
-116
-337
156
-161
-508
212
-167
232
-171
125
-131
-190
-389
161
-645
-254
-399
34
566
-452
181
-121
58
-227
464
-104
-61
12
29
-3
30
311
-369
-177
-258
-88
-30
308
-164
-145
245
356
-207
25
-239
-227
-80
13
343
-150
-122
-100
-592
-288
21
182
-83
-103
-180
-163
-75
-36
-362
6
-264
-157
121
10
131
-79
403
438
138
239
-31
-187
24
74
-9
-106
-137
377
-243
438
-291
91
20
-39
146
219
-223
104
203
129
-129
281
-252
84
-107
68
403
-40
79
-91
-71
-113
434
-19
-311
171
-49
-224
263
-318
22
-178
-87
23
-224
153
274
-346
-379
-181
-87
122
-147
377
152
-221
-223
-136
86
-157
-143
-104
47
-106
253
19
64
20
43
235
169
-94
180
52
-312
110
-94
154
-105
-60
-34
-60
-154
160
-32
191
196
-61
353
233
341
-185
-18
50
-12
129
-79
-286
132
180
87
54
-122
-193
-50
-126
-247
61
-176
68
-161
247
405
-35
64
104
130
-216
-65
-71
-71
339
-154
237
-43
-259
-403
-210
-391
-154
115
38
-311
171
165
33
106
-71
99
-116
-257
340
-35
-77
-93
-248
31
-112
-207
-282
112
249
102
-171
-173
249
-406
-119
366
93
-71
-717
82
108
-302
25
51
-74
-66
84
80
492
-240
-357
-91
-183
-55
223
273
-192
0
219
-13
-21
-195
99
-71
-390
-87
327
-170
377
-63
-210
284
-374
223
294
-550
92
-95
533
315
25
240
617
-38
-169
172
21
-161
130
116
-373
-126
-179
-104
-208
-249
132
193
-387
41
416
58
266
-9
-192
102
17
-113
1
629
222
-68
-12
52
-49
83
484
-204
-306
-466
-61
-408
460
155
-20
93
250
15
-158
205
363
160
-93
-627
82
579
-67
245
-47
218
-139
-90
-326
65
358
-280
-213
70
-250
-179
-181
10
-141
302
-3
341
-109
98
434
-33
-394
307
-34
29
-92
102
-100
17
25
-9
159
108
376
-166
-65
1
-170
118
-223
-93
98
-203
309
31
27
238
220
-91
14
113
451
208
-251
119
51
28
1
145
-200
-154
137
368
-74
-500
-68
80
-254
374
-104
-182
-25
-189
-211
-189
86
-11
83
175
186
61
538
-152
-80
-31
-2
-1
252
-174
-91
37
47
452
-18
-24
56
106
-150
-107
-64
105
152
-371
263
93
345
47
-515
-100
710
37
-63
220
-29
-335
58
343
-26
193
104
-81
-435
-189
-296
-122
-56
-126
-55
-155
199
-158
102
-249
-84
92
-5
172
14
-13
68
242
-287
-324
340
115
-316
48
-243
388
133
67
191
-148
-154
-640
-225
294
-168
14
93
55
50
-160
-569
71
-32
-215
612
-278
170
8
-94
48
537
335
123
-193
153
463
412
450
180
-243
76
50
405
345
304
-44
-173
340
46
-418
-57
-410
45
250
-81
216
776
-11
159
-128
21
413
211
233
389
-114
-272
90
-225
173
26
-220
372
-60
-8
-156
-132
-74
-76
117
-235
-248
-364
278
-156
276
337
227
-5
-315
205
-142
49
136
112
-356
63
-408
111
-168
-14
287
-104
-148
-310
-43
109
235
83
281
-237
180
-201
-141
253
-103
-146
464
17
185
-227
-215
143
-162
-98
53
-111
304
189
116
770
-737
-2
-92
169
-20
0
-209
290
503
375
-2
214
179
73
-151
234
177
203
439
372
102
-153
172
190
329
530
-16
492
245
336
256
-359
91
180
-13
168
320
363
-310
-6
-425
248
-224
-154
71
454
261
-15
-245
237
108
40
-385
-131
-252
-105
-21
-125
-29
168
285
-324
-155
-345
130
384
-176
99
-170
177
10
241
85
158
30
14
-282
308
217
140
-168
-14
-273
-152
104
37
-74
-29
-86
-167
-194
-136
-115
-169
355
41
362
350
-270
-133
-110
117
-202
-19
13
-95
427
-140
-64
263
110
-664
64
-189
4
51
-253
129
120
248
-25
279
286
-50
61
205
-84
-255
92
-47
97
7
-260
-23
-197
58
187
-184
-3
-175
28
-362
35
103
229
49
-215
-93
196
93
260
133
-46
-27
-20
10
-91
-59
310
258
-283
347
-460
-10
42
-77
137
-244
-149
60
-181
77
-111
186
-212
-182
-139
327
58
177
409
105
-178
-162
19
-161
57
44
143
364
235
-172
-9
-365
160
-96
-146
-110
-49
-163
24
39
-84
122
413
94
-339
23
131
-188
-17
315
518
-106
-198
339
85
-192
411
-420
-228
-13
-137
-14
273
190
-510
-337
-445
-261
115
-472
-113
-137
31
-94
-281
583
-62
-140
174
-212
-37
-101
-383
-117
154
-185
192
-173
176
-252
127
175
-27
117
253
211
-78
-379
-129
-108
-142
143
167
131
260
-62
138
-62
-203
-15
254
562
-91
170
114
54
-77
327
-188
160
132
338
-87
-190
155
-37
-554
318
130
20
81
-79
183
384
-246
-195
-31
225
-86
-89
354
-584
615
401
-89
66
-98
57
160
-184
307
-118
-90
-133
-545
-131
-289
-8
191
-5
-206
117
170
-93
338
-14
523
-110
-10
-11
-160
-420
16
-154
-222
221
-178
-189
72
-453
-157
-122
-18
-268
179
-210
-8
111
192
35
-347
-15
394
103
172
-246
355
436
70
-38
-231
244
95
560
-141
462
213
-240
26
446
-348
67
235
-44
-428
114
195
65
-92
14
111
144
116
124
-50
158
744
248
-77
338
-175
-173
71
234
133
-143
0
335
160
-441
-163
-71
235
-58
-325
-146
-67
-144
105
-140
281
-43
200
360
91
-632
197
50
192
-325
-67
-175
-85
119
253
28
-9
-343
402
-347
152
94
230
34
-217
292
-213
209
264
35
258
161
213
-17
182
477
-208
-14
-213
67
123
-11
-28
95
-112
3
189
338
-284
500
-264
11
303
120
130
-170
259
-169
-233
-197
64
222
206
19
-175
169
139
-243
-147
-147
46
-417
368
112
-133
286
-226
116
242
-295
25
128
-48
419
134
634
52
1
73
-70
-127
-110
115
335
267
-316
-304
-134
-522
406
-230
108
233
225
-71
-130
273
-99
14
446
-23
-155
-245
62
-100
-402
33
-130
136
-29
-21
-279
228
-37
250
-39
-8
87
-55
343
65
105
-13
-67
244
-569
-84
-85
-187
-52
-551
428
-88
-98
-146
-458
-140
1
-39
-158
-113
-245
-282
191
-5
-473
215
115
-73
-139
-76
408
-4
-309
-196
-143
-386
122
275
-276
107
22
-27
48
-161
-128
207
-131
20
-184
-28
16
206
-289
-5
183
113
348
-63
227
171
-205
373
379
278
116
392
88
87
486
35
290
-139
-205
-36
470
31
360
210
80
61
-220
-527
162
161
119
139
-169
158
-299
-344
362
-78
21
-406
-202
191
-257
129
108
220
-402
-202
-258
-70
294
251
140
-119
176
-163
120
35
126
-200
12
347
-82
148
-89
137
-209
137
-337
394
95
-398
398
-81
-432
-387
-266
538
-36
-129
27
205
-296
112
-291
-205
239
-52
284
8
3
-87
-477
-315
-173
-111
-247
-60
225
92
131
187
-160
-52
53
-426
166
-36
6
-231
-32
116
-305
234
-171
-558
76
32
37
-174
-116
375
52
274
-53
-132
-300
279
105
-95
270
-361
28
-120
-69
263
-383
-259
-200
-109
154
-382
42
9
-74
-116
172
37
211
-148
191
93
-226
-81
44
93
-279
13
107
-422
249
446
397
16
-55
76
-36
53
-59
-368
29
-540
329
-203
16
160
398
-57
-147
142
-411
211
40
331
24
213
54
236
-13
-6
229
220
-54
311
-248
200
-42
62
336
-77
81
246
-169
-351
-183
-77
209
-359
-56
-337
-73
-63
-226
-196
231
11
-163
205
-351
-321
-143
185
302
-161
-1
-281
-81
169
128
-258
318
52
327
-58
-330
251
-218
-250
196
7
-191
144
52
-81
-60
-437
50
-202
91
335
-20
-22
154
281
-337
-484
-130
-35
97
-58
502
379
-192
-242
83
-6
-151
204
-339
54
-61
109
208
373
-153
76
-61
-240
11
-184
161
303
-594
-562
-77
-61
451
-286
342
-120
32
-240
167
390
27
454
213
88
243
79
20
210
-82
-300
150
112
133
-246
179
-136
5
268
91
-236
-52
-131
386
105
-299
-281
-101
349
104
-324
-100
68
-258
374
253
-27
-78
-226
-139
-292
-370
164
107
-250
29
-534
86
-497
-388
-204
-4
-94
30
-421
-92
413
76
-53
15
243
23
415
-34
108
224
-208
268
-170
-172
-14
51
113
-13
-18
128
33
-220
-111
-172
385
-9
653
221
-396
-93
127
439
120
141
-48
-35
-77
-167
100
-314
-308
-117
190
173
216
6
-357
-283
13
81
-307
135
154
112
83
-112
2
111
45
89
-99
-154
-42
-118
43
52
88
-577
224
-88
156
-61
93
-60
152
-64
305
39
208
413
-380
-209
-117
-156
38
321
-373
72
234
242
286
135
-141
59
-87
-413
26
378
89
-99
-454
147
45
-185
-294
-141
-307
-561
15
190
14
-72
-440
-58
-372
-183
-97
-72
-334
41
-142
112
60
330
-97
-110
-66
462
-303
-133
87
58
188
86
54
-492
-37
6
113
-209
74
136
-56
12
-64
4
305
-339
-364
-88
83
83
337
-73
149
278
52
-459
12
233
112
-142
-165
-329
130
-307
228
-7
180
-219
-148
-43
440
72
314
-172
221
56
-12
333
-218
166
-258
-181
83
-335
-275
112
-357
-122
215
-307
-246
-120
-114
-167
-137
-236
5
136
34
286
-13
-47
-28
27
390
-206
268
-155
171
-85
-106
292
3
110
-33
-396
146
-57
-234
333
-62
-35
-231
358
-219
38
333
-140
-177
-19
-66
-111
1
284
-63
320
163
-248
-135
185
31
-265
113
149
-210
103
-110
8
-83
0
-585
100
-218
168
272
-320
-24
26
90
73
58
-220
78
73
338
12
26
37
382
185
-50
-5
228
9
84
190
84
318
-297
-119
25
281
298
-60
243
394
-286
156
-266
-310
69
-248
253
93
-51
-9
-28
-195
126
-527
345
9
-98
53
-14
156
-135
115
-193
213
-295
-67
8
-133
-9
206
5
699
-345
166
-13
-206
152
-482
255
-47
-86
-283
-56
-30
339
-107
-401
-182
-280
108
28
-149
180
113
184
-159
14
344
-300
114
-255
302
91
-12
-326
-219
-496
-298
486
113
97
-102
-51
-323
94
105
382
27
-320
-133
-112
-92
40
276
-16
179
-210
-113
98
3
228
75
-249
-275
-385
374
-22
-605
458
-246
-176
-47
-34
-265
144
-141
-41
66
-237
-272
66
14
172
-159
-19
213
224
-30
43
-234
238
-240
172
213
-87
-161
74
-3
-15
320
90
-147
-434
325
-27
22
-18
265
-122
-308
-149
327
115
-77
-146
147
-60
273
-91
-366
-138
-26
-59
289
267
62
-63
-202
-325
184
-99
-256
72
378
-192
4
-121
232
-177
256
-37
112
-309
-73
-259
91
-22
-144
265
-45
39
148
89
13
-113
397
-470
160
83
-125
-348
52
-83
84
-18
-95
272
49
-157
80
234
-364
265
-313
-184
117
-109
31
-101
164
300
-303
158
36
8
298
-97
-64
-82
77
2
-175
-518
186
-236
-2
319
-275
0
-257
-41
-327
-206
147
-254
-395
4
-313
-153
-4
-35
-130
280
-71
-525
391
-257
558
387
-54
-241
-97
-106
39
-109
164
25
-63
87
149
-145
417
-58
95
286
146
46
-294
-46
-159
207
-367
-48
81
211
22
-241
87
32
102
329
-386
-370
-126
-111
-310
-383
-187
375
65
153
460
-11
419
-163
310
-135
-81
286
-103
-255
335
-381
-21
-109
99
19
-406
-95
46
-50
-64
-59
0
-200
-95
-383
-65
-283
-74
129
-115
277
-604
-161
-167
-58
-81
223
-60
-38
-307
240
102
-70
-150
390
124
-121
124
247
-266
50
-11
280
-6
28
335
-91
75
-155
-134
182
-152
77
242
-243
104
-187
-199
162
106
-313
133
163
-427
-194
5
297
-172
22
-12
-8
97
-164
-204
8
-19
294
430
37
71
357
239
-198
224
-9
161
-235
543
144
-23
125
-206
56
304
-309
85
181
188
-45
164
148
-191
-50
163
581
127
616
25
67
68
257
58
283
-289
342
109
-222
-198
-64
283
214
447
-664
75
38
85
170
15
-204
-80
-326
70
190
157
36
81
-259
-407
-20
-236
-290
45
129
-132
-25
87
9
100
70
142
-338
12
-3
72
-81
-304
-171
-420
202
159
297
-410
-110
344
-284
-3
-8
102
-18
289
63
-24
-42
-650
554
-94
-196
66
36
-104
236
71
-129
-638
58
132
-186
-106
-228
301
-353
-183
73
-368
-284
89
55
89
-166
307
183
-281
-255
-119
-76
83
-17
341
463
-197
198
90
465
-7
-347
157
18
-290
-73
46
-263
234
149
-53
21
-66
267
60
-218
99
117
-254
487
351
180
-76
72
268
-296
-122
36
113
142
-36
87
-175
93
134
-366
252
-638
-47
-136
68
98
-82
226
-190
375
228
-166
345
-60
120
341
224
60
-199
-318
-158
-327
-153
-335
269
268
-5
-294
330
-41
10
208
-268
-460
-59
42
-173
-66
-66
-150
-182
106
128
290
-101
-218
-144
163
73
429
48
103
372
-122
46
160
118
310
278
157
-389
-95
-349
221
173
13
-297
452
-409
-272
476
64
-286
550
72
150
-215
-327
224
422
380
-5
164
-108
99
687
212
88
69
-1
209
-116
104
198
293
-116
69
-626
-160
-88
583
297
-129
-216
50
349
32
-93
304
375
141
104
135
-194
-198
-16
-198
-13
-214
52
183
82
78
-72
113
107
316
132
187
85
363
176
333
-664
486
-30
161
44
-16
-62
-26
-90
-174
67
177
210
-164
-339
-220
-56
169
-337
-145
-201
-289
-11
336
358
75
-24
-155
-23
-1
37
-11
-24
98
-162
-182
-152
-162
-629
222
360
99
268
-152
84
209
129
154
187
40
-198
-160
15
-69
-53
-43
91
-132
108
41
0
-54
-274
-461
-436
-38
-25
230
116
0
-432
-224
-29
-51
-128
309
-510
-119
-521
183
31
296
-291
287
135
67
-73
339
-104
-206
-70
-144
192
-156
-191
-33
-80
455
503
-95
-162
213
113
-104
-3
-457
92
-36
68
121
-437
-51
-236
300
116
-8
-15
-225
-39
225
68
-54
468
248
-11
-228
368
317
-110
-47
55
-7
48
-249
-142
-162
12
233
-77
-29
-72
369
55
-170
-17
195
-73
32
94
-384
-149
-272
-258
38
217
-388
57
-68
11
-249
118
-166
91
-43
208
134
-119
535
300
-33
-121
78
172
255
-24
-83
351
-37
-6
-159
-27
204
140
394
97
-112
-474
118
335
-59
-5
-116
124
154
47
304
257
113
-107
106
-146
-84
12
-87
41
246
112
-126
-250
215
-174
-171
60
236
74
740
-283
-791
-511
-4
65
301
-270
-222
-254
-251
55
275
-80
-210
-207
185
298
-14
-200
204
7
361
-273
205
-298
-289
324
-460
51
564
-269
213
138
-131
79
174
231
236
575
16
181
-177
157
-266
47
-157
-45
69
-342
-337
-185
-63
-366
-130
2
-84
-98
-32
-308
-113
54
96
237
-23
-87
151
77
-117
134
36
11
-107
293
89
-40
-222
-84
-103
149
194
137
-130
-201
334
-49
218
-289
-151
216
276
-8
-78
3
-221
8
-134
-3
384
-106
73
-183
189
501
-195
148
-90
303
-142
168
286
114
345
-9
120
-196
-146
-422
-544
-9
-315
206
24
127
50
237
-48
-157
-126
55
-96
-355
119
-126
-512
198
32
155
244
-94
-186
588
33
-107
-3
-15
-350
143
-427
47
18
195
87
-91
-266
-73
358
65
181
333
-237
-108
297
120
-208
166
-230
60
-144
-132
81
185
-299
144
7
294
82
-227
-73
61
101
157
-143
-116
212
-344
-463
-27
-625
-83
69
-33
-112
-104
-225
54
-229
131
-193
504
-322
-10
240
-73
123
-147
-295
-266
-371
-281
35
-34
169
49
-69
102
127
278
-396
114
139
-46
-77
9
-124
-563
-154
38
202
-26
-120
217
144
-214
-335
-83
57
172
-28
-123
75
-183
82
-198
232
-108
-25
-213
202
-86
-123
-25
-174
157
-302
75
35
-8
-375
-351
15
-232
-266
95
-196
1
-13
-264
554
-298
-214
101
125
-245
-234
77
78
-128
251
-62
359
-120
128
-257
-39
-29
57
-9
511
-311
535
281
274
-202
-23
64
-45
-90
-9
-339
-194
269
-226
156
-124
357
-85
-128
-271
-383
-71
303
182
-63
-106
8
427
302
-292
-314
150
-194
26
28
541
170
518
-475
184
-291
-224
-215
-206
291
145
366
-9
-162
-169
-55
-33
-63
-170
-36
142
-251
105
-36
-140
410
23
-171
31
129
183
-97
-51
-435
-29
110
130
-101
-75
-242
-80
-26
423
92
-180
-316
157
-124
15
-52
-60
99
92
20
396
194
-149
215
50
128
-69
67
-413
182
20
-162
-161
23
-369
355
205
35
261
-74
-9
137
31
183
60
-2
-19
263
-222
176
212
61
-165
115
-181
-101
-130
157
-244
124
-557
276
238
7
-71
47
265
15
70
-185
70
-281
19
-351
-208
-341
-222
-346
265
367
-25
-197
-88
-60
-181
-2
-138
97
-238
63
297
120
7
-58
-467
505
-59
208
-410
-383
197
-62
105
-38
-46
29
167
286
-8
295
-33
-101
-10
-83
235
4
169
-142
409
35
-15
187
307
72
256
312
57
87
-53
-110
-206
-16
52
343
294
51
-147
443
-431
-194
30
-145
50
456
-133
-177
-70
-113
-177
160
45
-68
55
94
199
207
-390
-76
-206
275
-73
112
353
17
278
-131
44
-51
-217
-7
-238
68
251
493
-348
8
44
53
301
-17
-104
-132
26
245
102
-88
-216
-255
-212
170
6
16
-76
207
103
65
73
-52
-39
-64
-103
323
-103
36
455
50
211
134
-75
-126
-374
-5
51
182
-229
0
170
-12
555
385
171
169
-14
348
-46
-356
-18
218
-179
-393
-41
-236
-124
-211
138
-65
-472
-162
-53
94
108
-134
253
-140
196
285
114
286
323
-237
361
95
-293
6
-127
333
-230
-133
-208
78
-97
-142
283
-11
-142
210
-205
-209
65
202
-75
-186
-515
279
-55
-71
46
263
-363
-77
20
-139
-32
-176
-261
140
-171
-74
-324
-8
79
-13
178
-21
-66
-429
5
-288
126
-257
64
20
205
-20
-166
64
-198
-247
284
-154
-12
-206
51
-289
-104
29
76
-354
-22
60
136
-251
-29
-83
-152
-29
21
210
35
-88
34
-300
154
106
185
-233
93
280
-174
3
89
-31
-51
303
379
71
-273
-50
110
156
212
236
-165
-543
-169
-63
356
-123
-251
-155
337
-9
-315
69
-339
-277
372
95
162
-167
159
-135
-83
354
386
-155
215
-20
294
50
225
41
179
135
-49
-232
229
210
-11
46
-49
-85
-195
240
-119
304
-142
-203
68
199
-207
-174
247
185
164
5
31
83
-69
58
-220
42
-275
-167
-364
171
-209
-113
14
-110
422
444
31
342
47
102
-319
-246
2
-106
-52
-81
-251
333
164
-235
122
-427
-155
-39
-399
249
-407
-200
142
85
54
202
321
-227
-197
-87
70
-110
-266
289
189
-57
-428
-308
201
678
48
134
3
-153
-83
-430
295
-260
117
117
326
-45
-98
48
-291
213
28
14
58
-297
218
-82
-97
263
546
-121
-240
222
103
-23
-123
-302
-168
-28
-43
-125
530
100
-184
120
-266
-368
448
288
-100
271
-253
-168
-270
181
-265
-526
168
-559
-170
-243
-243
-80
-521
11
394
-64
-459
-65
89
110
-30
99
-34
318
-102
-56
138
-96
-60
-18
63
285
328
-12
653
-29
-434
-114
-267
389
119
334
-176
-38
155
-42
-76
255
36
160
302
124
-221
39
538
402
330
-473
41
-265
14
310
-382
204
64
-202
138
-123
415
-219
371
-94
126
206
84
29
122
-242
87
-119
-118
423
326
343
-52
-119
-9
77
278
-90
-43
-210
-346
-80
283
-124
-354
146
230
-179
105
166
41
-69
27
14
56
-278
-61
-72
-22
-226
21
206
-410
-213
76
227
253
-14
84
-306
-343
60
-184
-151
112
-104
271
389
219
-36
-17
219
-394
-115
-56
194
-264
-96
-245
-163
120
16
188
145
-27
354
122
-34
489
-253
8
-26
-234
-368
-509
-23
-103
274
212
-277
-183
74
65
46
-206
-232
210
-378
-167
66
-79
-421
242
-106
-413
-261
231
-112
-126
291
103
-17
19
19
30
-206
301
-36
-95
-218
-148
378
-162
-15
-9
26
231
-425
94
-133
-254
-25
-336
-95
58
-313
5
-64
50
108
90
-190
-160
-50
-335
-292
160
254
152
-307
7
106
-88
203
25
-371
-356
108
100
-182
-461
-172
106
513
-230
-446
-43
6
-250
-235
45
68
442
-274
292
-99
282
-210
52
175
119
45
99
-376
50
-41
11
66
-182
-86
212
-75
195
-28
-47
-122
-536
38
125
215
262
136
-142
-361
-493
-524
299
37
415
-13
154
-572
-477
72
90
-430
-19
-103
-15
-42
-192
84
-118
368
-84
310
-277
-235
-95
322
270
-153
-151
92
355
-292
21
21
91
-73
13
-289
72
-33
1
-197
190
95
-30
217
-176
81
351
-149
168
-1
215
-140
-76
103
-77
-87
149
30
372
-206
-563
-154
417
257
-161
248
134
-109
-184
377
-34
117
-293
175
-41
-288
462
88
-314
-214
-335
132
-529
-238
173
-85
-418
-86
127
-92
-28
57
-166
181
152
-450
310
715
329
-17
196
157
329
-98
-315
-220
-101
-129
200
-34
5
123
-32
14
-122
-357
353
-187
-272
67
108
3
51
35
-133
-315
116
-192
-137
16
-61
176
-370
-345
-203
-49
-31
90
66
144
66
42
178
-498
236
-304
24
-68
-188
236
12
-57
-117
-222
-33
222
252
73
44
482
54
-148
-144
-170
-66
353
-276
210
412
273
149
-124
-336
84
0
253
-79
58
142
211
285
-33
108
-283
-314
-180
117
521
-222
2
-86
55
259
48
-138
-446
57
196
69
127
-335
-71
-152
-176
-28
103
-494
9
-222
-229
197
89
-202
119
-68
118
486
91
286
13
610
100
140
128
106
-341
329
230
43
-173
-295
-424
192
46
-99
211
153
234
-297
65
306
265
60
-179
-19
-275
-208
179
96
298
101
137
387
-324
-127
276
202
220
158
-18
-2
292
108
-338
205
74
-58
-29
326
187
-276
188
-371
132
-170
366
49
131
405
-48
-98
-77
-157
-18
-14
-62
-73
-83
182
302
-253
105
142
248
-35
-49
-109
76
48
182
150
297
183
-133
325
69
-152
264
429
-127
259
-207
139
80
-512
556
261
-144
-308
-234
168
127
-86
-177
-73
52
-216
94
-271
43
303
99
-203
229
338
-382
-217
74
-296
114
-639
181
101
-129
177
-135
-71
-26
-27
424
-421
-68
31
-11
177
357
196
362
-182
-71
102
-125
-169
217
80
364
65
162
73
-62
-42
135
-205
-360
-69
-78
205
522
-4
30
-263
-18
47
49
-246
-136
15
323
405
-97
-199
-380
-176
108
-199
-6
-110
350
-50
-15
229
3
-270
286
-346
-258
181
-7
-72
344
81
295
-197
449
125
-284
-115
349
-15
346
127
-216
-491
169
-49
-170
-240
334
-289
331
-429
174
303
-26
245
-91
-65
30
125
146
132
-155
3
183
2
-2
-351
267
666
-176
61
111
-147
111
-49
129
223
50
154
199
480
-452
-111
-88
242
-86
-124
-101
-340
231
-42
-410
-241
-590
-77
-52
-92
-124
-197
70
-35
-51
-144
12
207
-238
-135
125
-7
314
-193
-432
226
58
-42
-82
125
71
-403
-92
195
-114
19
76
-200
177
-103
-76
73
0
-315
266
-36
75
-22
232
-297
-67
268
-191
-71
-335
-38
28
38
-344
-14
455
213
-4
351
0
74
145
-121
370
16
-233
-24
318
-16
-365
272
-108
-159
87
-154
-324
253
69
-46
-319
-420
170
-101
-282
33
-221
-165
128
311
10
-436
298
56
234
-405
107
13
407
-90
-205
-62
387
-109
-71
-91
-168
-121
-345
45
-116
-389
-41
-204
18
359
-198
-56
-114
163
204
298
278
28
54
-15
-449
180
65
170
67
219
138
199
54
-103
-141
404
153
-56
11
-188
649
-29
-326
-216
-438
186
76
-42
108
24
453
-313
74
-194
-52
-213
-245
232
188
-274
-132
6
44
-127
80
241
167
155
-175
241
159
101
-156
127
-482
-189
80
-154
-63
-21
-56
-578
-196
-227
280
258
-293
-265
-128
15
-555
-379
80
-307
-109
-59
-58
-319
68
126
277
59
-141
-199
36
51
-289
83
-146
568
90
-125
-143
-152
239
162
-77
323
183
-29
53
183
269
509
301
6
131
-131
-371
-222
543
280
-197
17
-311
-353
-104
-106
167
-278
150
190
-97
-235
-180
-262
-385
398
167
-175
-520
-245
-47
380
-56
-185
255
52
-162
-138
159
-226
-69
370
142
-109
437
369
-187
-187
-190
70
-306
333
215
-281
-7
270
-228
118
92
-352
11
144
-41
-46
-534
-617
-21
-575
25
-252
148
182
582
108
263
-4
197
518
38
-145
186
32
-97
14
40
-222
93
6
-56
345
-200
84
-80
-115
-16
-122
229
118
-418
-386
-51
288
89
-102
-217
73
310
67
-75
-113
-399
48
-269
-11
-10
241
67
-264
70
-138
130
74
-515
122
-452
92
27
-162
341
-52
-118
297
407
223
65
-41
-316
-120
17
287
311
25
166
-207
258
-395
-459
-285
63
101
-25
50
-55
64
-56
117
-146
11
-294
-249
-176
82
-10
-82
-202
65
337
357
195
-190
-20
365
-314
433
153
311
-35
317
-48
-213
93
-143
-286
-87
28
249
-116
-202
-88
-91
247
-94
-191
75
110
332
-98
50
-59
11
-6
70
-214
-36
106
-366
-93
-368
58
289
-26
-87
-9
180
194
17
-157
110
228
83
-281
-476
279
-18
-160
-195
274
-3
141
196
5
194
-277
-56
-408
73
566
-201
-138
-405
-43
-40
-314
191
18
-76
129
-187
129
379
-9
-138
-132
-185
425
-45
-162
-320
257
-27
325
-7
-410
-195
97
-239
403
-531
-281
-151
247
129
-325
164
125
-58
136
-142
-243
-225
-163
393
78
22
-198
-74
-382
92
221
-39
343
-48
164
-124
-317
294
-154
46
-190
320
-217
-270
5
-249
86
352
322
-208
-88
33
203
-64
-150
14
279
116
-79
186
-75
208
260
-352
-371
-500
-114
7
-313
393
-200
-142
-423
-417
-69
315
-154
-157
-127
136
-341
-210
47
-141
-280
101
170
83
49
-144
92
-3
6
220
254
-151
275
-385
-66
-237
80
-59
-57
77
-136
251
-62
-229
-177
46
141
-255
-369
304
173
-147
349
203
45
2
51
-311
-254
-137
-381
37
-122
-175
125
193
-322
-27
25
-208
4
-51
18
222
292
16
159
-154
-49
162
97
125
-93
182
176
-361
30
293
-397
130
-4
-389
-26
210
102
-243
97
-11
-96
298
-140
-263
-436
27
-263
221
-122
-199
351
183
-75
-19
-107
420
173
-538
550
-34
-180
80
195
315
7
160
50
111
25
-176
-177
-52
-332
-128
402
6
140
225
-147
-56
-429
-311
-62
237
-19
196
-20
-370
-306
70
12
6
360
30
-222
78
162
-84
18
304
-409
349
-102
70
98
114
-132
-22
270
55
-479
-576
152
204
46
344
-204
238
240
3
-403
-8
-77
-208
-156
120
-5
-84
41
-163
268
-9
101
111
-228
-362
111
-509
63
1
280
89
43
200
198
-59
396
384
-209
-245
274
91
174
-57
-530
242
2
-12
158
405
523
-10
-105
-254
360
112
30
-74
342
90
-232
99
158
195
235
-579
455
2
-36
-75
-43
-14
164
27
-170
165
266
-124
13
-359
-229
-137
214
126
96
21
410
-487
16
161
114
-208
-142
-113
-525
-480
40
-27
-99
112
537
148
-374
18
45
-6
-299
98
-23
55
-62
52
66
-87
-65
-453
-50
-12
397
328
90
-312
-15
321
-361
210
-58
-8
-58
-284
-71
327
195
129
-546
-345
277
-69
272
77
37
-86
-398
-19
-279
-373
-188
-133
133
-135
-205
-79
58
-14
-326
186
22
1
-369
147
392
94
11
40
210
10
515
-86
381
-507
-385
-69
-13
212
-163
-332
120
-135
422
-122
-188
453
-189
-131
2
107
-148
255
7
-305
-40
66
-61
221
365
281
-141
193
-138
22
229
-325
312
258
196
-298
-20
501
-98
-365
410
-50
-137
-43
-90
-262
224
-107
-323
-855
-235
-310
-6
-44
-178
267
-70
-113
76
-1
-456
246
-124
-14
119
297
-188
136
217
-393
-158
96
380
-355
-83
-181
-77
-311
554
49
20
63
-148
-342
-51
127
164
34
-129
-45
-174
-188
20
-110
192
-225
-405
150
312
-291
-107
-199
272
-185
381
-389
-298
148
-124
-45
79
-334
182
252
-87
94
57
-42
-264
67
-152
151
-137
-214
267
-133
-293
-180
249
-164
260
177
125
-389
4
-122
200
-122
-271
-272
-53
-239
-188
-176
-145
-254
107
-180
36
151
-54
93
144
420
11
-76
170
153
576
294
-569
186
125
256
93
-526
25
74
-196
-211
170
167
283
-40
-202
-359
189
362
146
-177
252
12
-131
191
480
-393
-59
300
-263
-5
-338
-122
210
284
-27
-299
-64
95
-82
430
44
255
164
-191
288
159
-445
-96
-542
137
-157
91
-54
608
-69
-241
99
-164
-300
-38
65
176
-1
118
128
-198
-145
79
40
124
-84
-31
-63
584
76
27
113
109
125
106
69
95
58
65
-422
-387
251
147
-407
93
301
-205
52
70
489
163
-11
68
-62
23
-112
-126
-438
-405
277
35
-96
392
-90
350
86
-158
193
-107
-113
-30
-166
220
-340
-45
-58
137
40
-436
193
-553
-23
-268
-261
-89
-108
96
43
-185
226
415
-16
-25
-23
163
-20
-203
347
-232
-528
335
-300
564
-17
-96
-325
-401
332
149
183
-361
82
68
190
-253
80
-59
472
160
77
189
-128
-158
-101
263
-198
207
-356
-449
373
322
-250
-36
106
254
-152
-8
-127
-152
-177
95
-323
-114
175
-33
-117
-188
-7
151
-95
171
221
45
205
-306
-147
110
-133
-282
-6
458
-86
429
-331
359
29
-189
-334
-67
7
80
-42
453
-236
-132
-155
-356
148
199
157
-217
-301
-83
-87
-188
93
124
96
-53
431
77
-173
-184
221
-221
-422
156
-54
213
-174
-122
-50
-224
65
-395
310
75
-104
113
170
-333
347
-310
-11
-305
381
-147
90
243
-349
-75
80
9
-497
193
51
-307
-235
-156
55
-386
80
-317
176
56
-115
350
756
376
-555
-319
274
78
27
-162
-59
-130
-199
39
184
-210
157
-89
158
94
159
-179
-43
-200
-151
-458
-8
-122
78
199
-278
-113
48
-3
-51
-104
348
34
253
-73
-50
-399
-32
-449
201
-475
-372
334
204
-378
-29
-218
-177
-30
-216
238
-292
28
-172
-65
-249
400
152
185
-51
-326
48
70
-74
45
79
-78
495
159
-279
158
-102
134
-21
-550
-85
-60
-209
-15
18
-415
363
479
79
-35
-50
-467
-302
-149
174
578
-225
200
-420
135
322
-69
-147
-130
-171
3
158
237
-148
-188
217
-184
-271
-36
120
49
56
241
-101
52
-192
-344
214
-295
-32
507
134
249
266
343
-2
86
431
84
-98
-300
7
-225
378
110
-369
-236
-48
-53
-31
-199
-157
-126
-62
-337
-342
156
122
30
-181
-174
-578
-96
-16
263
-24
-360
95
-165
182
149
236
770
207
-138
265
530
-124
71
-259
-33
50
-95
17
389
72
-166
-174
83
-181
177
295
-102
-66
-38
-450
-13
22
-120
234
-181
-142
255
48
503
-314
-204
343
468
-179
-82
45
-355
190
197
-365
-288
-213
-536
4
-40
48
82
-4
153
-25
83
-129
49
107
-327
-191
-38
-293
89
148
-156
133
197
-235
-261
-72
-78
-40
15
-243
126
0
2
-177
-206
262
340
-26
147
184
-90
205
-345
177
263
637
110
60
136
-511
-31
-123
-289
300
47
74
-188
-227
-274
186
-202
350
-186
239
176
77
162
211
-385
-81
-60
-230
-327
-131
127
142
160
-164
-208
163
-225
436
-166
122
-180
196
-66
-244
-107
87
-178
-69
-337
74
-195
113
-132
511
26
19
28
-183
-125
-166
171
-227
76
-126
-342
456
65
-196
-62
76
280
256
211
-288
-31
-55
-121
135
-90
316
243
-110
411
322
45
-216
-122
263
-97
-176
-228
-271
-158
255
-4
-499
-72
-90
-158
-202
-288
-168
146
-38
-40
-179
-151
37
-57
-338
-222
-298
283
-88
-3
46
364
1
113
-237
-218
-9
61
6
-342
-229
-52
24
-234
464
-130
178
-42
267
171
233
-21
203
-95
431
41
303
181
-230
518
119
-475
-174
-198
138
-43
-38
38
-230
122
-197
184
30
-11
260
96
-88
531
-233
-40
603
-190
151
-335
208
-356
33
399
238
-6
-4
33
254
-145
-72
206
-240
19
-158
253
-242
-50
266
1
-57
33
-282
-331
-10
-210
155
38
-29
-545
134
-63
-44
37
315
78
127
118
-60
-245
93
125
178
225
50
-40
-275
55
254
-140
-92
40
303
-627
58
377
-124
422
-169
-318
410
-31
-128
-51
-146
-158
21
-32
234
-70
-29
-478
89
-106
96
-259
83
-54
-252
-251
333
-32
27
-12
54
-138
144
-148
222
-355
-65
-66
82
-455
-163
249
-11
110
-164
-259
288
-309
-153
519
239
21
115
-286
158
-137
81
160
52
177
111
-158
36
-152
131
97
264
254
276
274
343
-114
-42
-274
-143
147
-79
27
90
249
-71
473
281
190
-173
-391
-424
-172
111
-444
-5
-43
393
75
147
73
106
52
177
-36
-402
-163
176
-436
-326
-50
-545
-207
235
-2
-142
-261
42
-4
50
-85
-510
-46
176
108
524
140
138
164
842
-531
416
392
52
-1
26
51
33
126
15
184
356
15
-116
342
-180
-4
201
336
96
423
-268
-287
300
-227
-297
419
-137
20
128
181
-201
89
100
-1
-127
-223
-197
10
658
256
254
-97
144
-348
56
-13
98
-312
183
-170
-259
-235
-196
-45
237
230
148
91
-49
-370
89
-53
-77
237
6
186
372
-397
104
101
248
25
-117
104
446
-286
-210
-318
51
126
-487
-169
11
-97
-72
-150
-107
-208
-114
-34
-10
-320
-466
-27
-279
-259
-42
-175
-195
-76
26
291
13
98
-21
-100
52
-57
45
-205
171
11
36
230
-139
108
26
-107
491
86
164
-40
-55
-475
101
402
-653
223
-411
-102
-196
389
-379
-59
10
225
-205
136
-49
-68
75
74
-118
-544
-35
-81
26
-49
231
115
-13
-155
59
-157
-118
-78
-396
-496
31
65
-311
55
161
446
-319
-144
179
-83
-153
248
-451
144
-178
-18
-122
489
160
282
-88
-158
77
124
-342
21
-290
-223
-77
-191
-173
317
-190
364
3
406
57
26
-226
-114
-131
72
-203
-514
-191
-173
-147
-1
220
-40
-56
-422
30
-243
217
-115
-184
-84
-309
-429
637
-74
473
-259
-393
-63
246
433
103
-41
141
-79
-285
177
162
251
-128
115
95
-165
163
156
-259
34
-430
480
421
-278
-166
266
-239
-281
-153
-135
-222
7
204
-215
-243
285
160
9
41
97
-200
-730
199
-259
-2
146
157
111
369
202
45
192
63
477
67
-60
126
489
59
-9
-235
195
-421
-64
265
-19
-237
107
294
-23
104
150
-46
208
-333
-236
-71
-294
0
36
-181
-388
128
-60
184
-217
146
48
-30
-17
-17
147
-86
-313
-62
125
230
-460
-384
-41
142
298
33
-18
150
149
47
437
205
-13
137
-240
107
195
267
-99
332
158
-141
-107
-48
246
-125
-180
146
-207
-302
205
-57
48
-7
32
-45
6
-112
75
9
-106
-289
90
-167
115
-227
-301
-60
119
1
-59
-360
78
141
-110
48
-92
213
-341
-77
66
275
229
-235
-409
-196
-398
-95
218
161
213
-177
-267
-60
456
112
93
-33
-131
74
-211
43
182
395
406
29
-361
11
434
335
-154
-17
448
178
51
-294
-128
-39
41
-470
-56
-134
56
286
1
349
-159
344
-44
-119
-369
227
-97
167
419
-258
-24
-36
424
143
-153
-71
-82
65
553
109
15
6
209
143
-206
197
-293
73
-112
-329
-274
-208
-266
266
318
-122
-70
-87
145
128
98
-160
573
-302
405
166
250
-311
90
106
-116
48
11
-679
-196
16
-2
-234
11
-63
283
25
-366
-216
-98
-201
-120
-68
-68
-206
-18
45
1098
-125
413
-222
-207
370
-102
260
-220
-209
-240
-51
-14
-151
315
199
122
252
-32
404
156
-261
298
-49
136
229
-47
-91
417
-401
-125
262
-140
-35
-375
310
-162
72
-20
-425
-38
-174
-40
171
262
-91
-27
390
-161
-198
218
-165
292
-16
-110
197
-91
68
37
-25
-494
148
227
-225
-192
-44
173
-91
-75
281
-155
-169
145
-178
210
42
30
122
-215
392
-290
-398
-74
-326
376
197
303
439
205
35
-226
-205
-146
270
174
-423
36
-444
-157
-279
-67
-98
-391
94
340
443
242
-21
-41
-68
-492
92
-225
237
-25
65
-117
-160
-153
1
450
38
94
-35
82
52
-122
-208
388
174
180
-509
-363
260
5
-244
-126
40
-305
-212
-287
199
-383
352
102
-107
177
146
-178
58
156
5
-62
272
-264
-133
-135
186
11
-42
139
-159
18
187
-292
-187
-222
134
-410
195
-78
42
-111
90
323
144
-3
-67
42
-177
-112
-48
57
154
-237
458
-158
-72
142
315
64
115
-167
67
0
301
-39
189
222
-20
112
0
141
-188
-6
-108
72
267
-224
-150
500
331
-106
-151
202
-76
668
26
390
-195
233
290
-430
-267
-291
236
878
80
180
121
101
328
234
129
-135
327
-64
26
21
-69
-250
-12
-239
41
291
150
-47
-479
-343
54
-65
329
-61
-49
-53
312
174
-15
7
-277
-281
120
337
9
-11
-77
-151
16
104
145
225
387
-33
-41
137
18
119
19
243
219
40
-89
277
140
-107
389
-314
-305
-135
-92
-141
-9
-36
128
224
-328
-8
103
0
-144
-62
248
-44
-292
-68
500
47
21
322
-250
-477
133
357
-360
-236
-113
-26
-248
-318
-178
-4
156
-27
108
367
371
-6
-80
202
-48
-221
487
213
-203
-83
-75
295
44
-144
-133
306
321
-27
-166
-242
327
94
-254
318
373
281
228
221
-41
-95
-315
38
433
-156
185
212
-349
-124
-181
83
254
-126
-100
246
-2
-169
218
-109
179
-20
99
18
-24
8
-145
276
-339
153
-66
-463
-16
-52
-123
-110
-228
198
160
-157
238
163
-148
159
-31
158
-62
-71
-224
159
-133
268
-409
139
98
-1
-52
361
-79
80
-86
177
-84
-33
178
-391
-49
-7
90
157
-122
-20
-66
448
-137
-44
72
47
248
124
313
69
-416
275
-45
-179
-136
21
499
-556
-42
230
-280
163
-299
-74
-170
-255
-114
343
29
104
-155
153
-518
25
-23
119
20
158
-473
-82
-282
18
314
-686
-87
231
-137
211
-119
-14
323
227
-245
-68
299
-246
151
194
-270
163
-319
-86
-400
-418
17
109
181
-100
27
241
-75
-12
297
438
-338
411
-179
-361
-510
-162
29
319
103
-486
267
-324
-377
75
0
209
-207
57
-11
-403
178
-166
-19
399
-177
114
-143
6
212
-413
-69
-341
-322
-302
-9
15
-52
376
35
-438
222
-201
114
153
209
184
416
-225
209
-152
-373
19
-77
-214
-181
118
-208
-214
367
-281
25
449
60
-246
-343
133
308
-114
-45
55
13
317
207
-289
316
161
377
65
160
10
-426
389
-27
183
-97
-151
147
-274
46
-281
46
21
22
-75
-12
-157
-87
239
353
-324
220
353
34
169
-221
-47
247
89
-7
44
-164
98
242
-108
-380
324
-280
27
-92
100
24
86
326
-143
271
-440
114
-322
160
-244
-395
-250
249
-100
-50
271
52
14
11
-215
247
-218
357
40
-53
201
377
663
-110
-282
162
-93
-178
-232
514
80
124
140
24
9
246
199
-87
594
121
19
469
-370
112
236
26
87
12
-341
79
-299
250
-268
189
130
279
-508
-83
-34
73
-39
-229
294
56
-183
-265
133
219
116
-276
254
124
-121
240
52
-144
101
-245
-88
-49
-127
58
-157
137
85
52
20
426
-120
350
-242
27
-478
213
-551
-3
155
361
96
3
-391
50
-39
-161
-260
-251
-306
-171
-80
217
-191
-268
157
-87
259
475
-186
-52
297
-85
-114
46
272
147
-29
86
-6
269
-224
-139
-178
1
81
73
-119
-47
293
161
347
-199
103
275
140
-466
185
-68
-182
426
-104
-136
-102
357
-240
-17
211
148
-301
211
440
-47
-573
69
-310
140
-372
349
-91
60
81
325
331
-61
267
120
147
229
75
333
-220
19
285
159
-7
-127
-129
259
-179
-135
118
23
33
-266
-221
150
190
-78
393
23
-208
241
-232
53
6
240
68
-431
48
39
7
138
-319
213
-212
-401
516
-134
-280
-779
190
144
-112
85
-64
35
-170
-317
-127
-182
-369
-206
73
-245
-58
538
27
452
98
315
-15
109
-24
533
155
-318
-136
167
-251
-240
-152
-76
-64
29
-35
-57
389
-209
-151
19
-400
-202
-107
322
53
-213
-196
30
-139
-80
-175
-258
35
-284
394
-232
-92
-115
-479
38
-230
-256
175
117
265
-344
-93
410
-25
49
393
-265
-444
81
-71
-71
-28
114
-75
-94
236
23
66
305
75
28
-308
309
-97
65
161
529
256
54
83
-7
-2
-318
288
-29
221
79
-113
-218
-256
151
33
-192
309
139
-292
-164
132
-584
463
48
-246
86
-73
-185
-109
210
-285
-87
25
-5
-28
62
-334
-45
-224
-24
3
-337
-239
-114
-137
108
-132
-408
175
-83
8
-1
-80
-28
414
-219
461
16
-523
125
-157
249
28
27
-275
-204
-133
-120
-104
465
415
9
253
104
15
-6
-437
-74
-101
10
368
-51
300
-12
290
435
69
-21
75
-377
298
193
230
-510
243
-66
-144
166
50
-154
68
110
155
-61
406
457
-397
163
92
166
125
-84
-213
37
69
352
106
1
-184
-35
20
193
-15
393
-53
-151
-84
60
-258
-166
-6
-198
117
157
-390
-65
-232
27
229
182
-161
-99
-211
64
-186
328
80
200
-232
-56
-23
292
-33
128
136
-279
109
-246
32
-191
-92
40
242
-215
-280
318
17
204
178
-11
153
-255
21
580
-159
474
115
-486
47
312
95
7
197
104
191
-192
-298
134
295
-139
-80
144
-424
155
-82
-189
38
-69
50
-165
-3
48
271
-87
-145
-217
-89
77
80
109
-290
-165
367
36
406
372
69
273
-308
-85
158
283
140
428
54
190
51
-366
-4
128
-255
-315
-42
-370
81
394
47
90
-346
112
184
261
96
-92
128
-75
-301
82
210
-332
288
-124
2
-197
87
-292
182
