25 60 289
0 5
0 11
0 14
0 23
0 24
1 10
2 4
3 1
3 13
4 5
4 7
4 16
4 18
5 9
5 24
6 7
8 9
8 13
9 3
9 17
10 7
11 9
11 24
12 2
12 11
12 21
12 23
13 6
13 7
13 13
13 21
14 1
15 3
15 23
16 1
16 15
16 20
17 23
18 14
18 20
18 24
19 11
19 13
19 17
19 19
20 4
20 6
20 17
20 19
21 10
21 18
21 20
22 4
22 10
22 18
23 0
23 5
24 6
24 11
24 17
24
7
33
37
13
43
0
4
42
39
17
56
41
58
22
30
44
5
6
59
29
2
10
40
8
53
49
34
57
21
35
55
23
46
38
47
50
28
3
48
1
26
36
32
52
14
54
27
19
25
15
45
51
9
11
18
31
16
20
12
-466
794
-471
-340
-409
136
77
163
57
147
-127
411
259
387
-57
-398
111
86
-317
227
224
234
-203
77
161
-78
-316
174
61
-154
-322
-458
-154
-14
103
3
8
-80
160
-290
339
93
72
-141
-45
-633
-217
-74
17
403
-146
177
496
253
-135
540
-44
752
-737
-237
-44
-35
559
-199
-148
209
51
189
285
141
-471
-8
291
71
-83
-42
-181
-271
-500
456
-98
-32
340
-601
-22
-92
-43
-264
203
323
-484
-232
173
-352
41
117
77
-588
202
-11
170
209
186
531
-180
-249
255
-376
449
-349
74
-108
-516
-237
203
51
48
-148
-328
-141
298
219
168
15
682
49
-680
-312
71
266
486
116
86
-48
-123
-40
121
-79
-112
34
-425
187
-123
302
-409
11
-223
-26
420
-295
299
-128
72
-542
-133
-505
125
328
-36
-217
116
252
272
-227
-199
6
314
13
-26
-376
149
-134
-468
277
299
7
-243
188
71
-1
-2
-113
-82
-383
178
-425
284
121
-142
88
387
52
123
350
-82
-372
121
173
512
-247
478
-26
602
269
111
-288
7
-516
784
307
12
262
-242
207
-69
331
-220
36
198
76
-318
-221
-14
41
300
185
-98
256
-387
-335
77
-21
-298
258
196
149
-71
450
-205
-625
583
-109
299
110
-32
13
-450
-164
-296
150
357
478
-79
-153
-217
122
-100
-551
-201
172
-13
-855
-95
-731
585
269
-19
-197
-210
137
125
-296
-103
309
-385
-155
-48
460
174
417
115
28
343
-209
-241
-261
-370
-235
-120
72
61
-214
-116
-91
-206
-168
-98
-191
19
-213
117
16
-237
-378
44
-304
-196
341
434
-235
158
-40
476
25
-232
-140
76
65
-288
-188
248
498
-156
444
-348
141
-239
173
-916
-221
-173
9
-63
307
72
-633
-462
402
-214
187
-184
229
-197
218
-603
249
272
-286
-149
44
566
385
187
133
297
243
-632
193
-38
-293
-110
-4
366
10
-290
383
-188
-836
164
262
332
-20
-581
-191
398
234
-190
104
-49
205
63
-338
-522
-13
113
-465
-247
-136
42
-325
-185
-231
164
199
-187
86
179
-388
-107
-237
-402
170
-439
-213
458
-4
-18
223
177
129
511
41
192
4
254
174
277
-356
-39
-37
-33
106
490
486
11
-177
-201
294
-20
-435
-105
118
535
175
-541
-23
-192
56
306
135
-640
-281
413
52
-126
510
-31
494
-521
-227
-576
188
-222
286
-498
159
114
-284
147
447
63
61
-200
454
579
-69
737
211
-334
294
190
-218
164
-30
-492
-200
-355
144
-70
-74
470
110
85
123
-153
-57
584
-5
221
-374
357
-229
-753
-92
-82
21
189
-553
-370
203
-256
450
-105
-496
64
373
-197
-155
114
20
19
209
-218
184
640
275
-148
-452
-152
-202
340
261
-295
10
-256
248
212
379
-405
-157
107
198
116
-175
234
-273
-508
-100
-22
57
-72
436
-182
-177
456
-119
119
102
-125
592
713
-397
227
255
-38
60
300
-206
-355
12
-428
-68
200
294
-396
79
237
-162
80
22
-278
44
-166
-488
517
65
-10
409
407
80
-86
108
110
-194
142
168
-417
36
-1
130
378
99
111
97
213
-401
-139
-23
47
-526
145
88
-199
333
112
-636
363
18
-96
-173
-270
-595
89
104
-232
237
-25
78
-238
110
238
-18
138
71
213
551
394
61
353
383
100
-48
84
-191
-181
-188
-240
-47
217
55
9
-413
-134
-270
-404
-364
44
-359
-265
-29
-601
148
-37
536
-94
266
388
-40
163
-269
37
382
144
-169
-325
-52
-15
-154
467
443
398
-70
-48
-95
-88
226
-143
234
350
-359
216
378
153
271
-105
-538
119
-242
140
188
-397
-74
147
271
-125
34
-382
135
455
-82
217
-30
419
169
-148
-313
244
-72
-110
345
-168
407
-130
-219
492
-638
-336
-371
-317
-177
-154
-28
-86
-368
48
160
-372
721
-145
378
-329
92
33
-28
-189
-308
25
468
30
211
526
248
-80
425
340
321
-100
392
-122
686
-368
-65
-44
-248
-219
200
-52
171
48
-237
-86
-41
111
438
165
219
131
-351
-601
-80
-491
211
-374
142
105
-196
-22
-527
-178
-227
6
-239
-246
-433
-82
-473
443
-348
-286
-451
205
743
722
-121
-352
62
50
140
-228
18
137
-107
-498
453
-78
121
102
84
-318
-299
281
62
-61
95
-46
251
403
115
189
-248
57
75
-157
210
100
251
-266
-367
122
52
-150
40
13
-66
83
46
98
-132
78
262
-104
-78
-77
532
-326
318
-89
161
116
190
196
439
-65
2
-255
322
-441
-637
24
-116
280
430
157
-533
227
64
23
44
3
185
-88
22
154
1
-487
-149
398
298
-23
266
-205
-222
1
-558
343
-303
-402
-146
375
446
-328
310
-161
264
-400
105
68
-249
-141
321
-212
-532
154
-842
-49
419
-43
474
216
-422
281
-112
-278
393
239
-750
133
-2
-216
-128
-152
35
114
-186
-189
320
42
-66
-268
-440
158
614
-137
-308
450
0
243
241
-194
-56
327
571
-113
159
47
-477
107
238
-392
596
430
-330
-126
51
-54
409
337
-963
-24
-365
-7
-340
-131
-69
-456
-410
-46
-295
-11
240
458
-312
631
-355
-65
296
-112
-59
-691
365
-528
-324
-20
-376
1
-410
350
195
-556
-259
311
277
211
0
-103
765
-269
-108
-130
-14
-31
-48
-621
-36
495
-260
-382
-80
203
-120
-212
451
312
-324
202
-229
137
19
107
-57
-73
445
265
127
-309
-442
235
164
372
-166
469
-270
-473
-53
-78
190
-50
85
181
699
293
103
-90
-213
122
-354
-130
-57
310
101
-322
-30
303
-781
-124
208
726
142
120
373
477
-142
-442
109
196
-88
-477
-379
385
107
185
-124
-94
129
283
482
-291
918
-300
79
344
-216
125
-104
157
42
387
2
-270
236
465
259
133
35
397
-152
-755
-19
71
174
-60
-118
250
340
-293
-523
364
-156
-483
429
-195
44
-116
-360
320
13
-217
275
64
-54
350
-185
94
198
-8
150
-314
-22
-35
517
431
-394
-641
-68
286
-457
-153
291
478
319
-464
420
-189
-493
139
-113
207
-66
404
959
276
-359
-290
-239
-417
118
-30
533
-553
-123
34
87
-217
-113
-49
-63
2
-3
-344
-2
-37
-152
213
200
-233
351
87
-163
159
-330
795
38
-45
-421
308
95
535
493
422
92
-112
168
344
53
167
129
-97
203
591
201
-563
134
326
191
-179
-371
9
-75
-269
-161
567
721
311
-387
594
-277
2
403
-60
230
86
-93
-175
318
-248
-347
95
353
642
120
337
286
-95
595
97
561
-809
-93
-639
276
222
330
-320
113
-66
180
503
84
37
-493
-34
-380
69
-1
-205
239
-290
441
402
-296
72
-131
-200
252
-392
-399
125
-8
120
-111
154
-540
-237
29
247
70
-95
-91
-109
407
301
170
39
-659
198
534
-408
-272
-429
114
-883
169
-282
-267
249
-500
318
352
-413
140
-55
-106
-7
-95
55
254
-333
-7
146
-129
-420
-389
218
-424
-129
183
302
31
46
82
-13
91
213
459
86
-338
-212
367
124
-497
-337
347
-187
291
288
341
14
-75
85
-192
352
-30
-49
432
115
26
424
-198
-360
321
-224
66
150
89
133
64
-75
81
-36
-150
-659
-352
-490
256
-79
54
261
77
52
-171
121
-498
-299
289
-299
315
308
-112
-118
-166
130
696
-23
-49
19
27
-206
377
-277
491
-105
-115
127
-561
-123
322
-43
-161
385
-111
-387
35
592
-96
-48
-264
-92
69
285
-82
-223
-104
114
0
-236
501
85
93
-185
243
609
-547
-412
722
-539
66
138
-108
159
-354
460
129
335
-393
-464
422
505
-204
338
240
-408
133
-86
-140
28
89
-302
477
-212
165
47
89
282
82
-39
-158
558
27
-213
-348
-37
75
96
229
-126
-509
261
357
63
-148
-303
-271
624
-188
7
-108
-122
118
-445
-715
45
-34
307
270
-603
-188
-80
-240
-147
-252
419
285
-101
-191
-498
307
-207
-340
350
48
-311
-117
-482
-218
-51
448
-1
-285
162
115
-55
-22
348
-452
-241
-3
-78
196
-40
61
279
457
340
-153
-182
4
-402
28
-253
432
114
-203
105
124
-108
9
194
-212
46
710
246
47
-37
217
-44
291
-376
-224
149
54
51
215
-378
-261
32
501
9
-55
266
158
-819
109
-156
331
-74
-507
10
79
46
22
342
369
-216
398
-371
-211
125
98
167
-450
13
-209
-96
376
290
124
88
448
126
179
-61
246
81
438
135
223
-624
-308
473
177
-70
-214
-227
4
359
-61
-17
-71
36
-4
-48
-177
394
-151
134
5
312
311
64
-157
-84
-252
841
133
78
-58
-245
3
343
554
-237
591
-88
-435
-457
102
73
-109
-42
28
174
-45
-64
223
31
-796
-356
477
-330
-19
56
797
49
-285
59
-303
-158
347
-304
243
19
-50
282
-101
242
-508
316
-77
226
-95
250
39
-49
498
22
-133
-189
100
-684
-366
31
116
219
13
-475
-189
-385
432
52
-291
-64
167
-538
-196
350
-543
-854
349
-292
-527
279
430
441
-205
82
-527
-26
226
-6
-106
-223
159
39
89
-44
22
262
65
-419
203
116
-252
196
490
-270
349
-160
-172
-121
-188
72
154
-712
205
84
49
121
-22
201
-276
113
192
-158
-23
556
335
125
212
344
-463
6
-368
-6
-86
202
168
126
-537
436
-288
-70
-239
-245
525
785
-321
146
-354
143
-121
-319
-376
298
-457
94
-142
505
566
35
140
124
167
312
29
-237
-66
278
-474
363
505
472
39
-7
501
635
369
-453
-164
-430
217
-128
-35
104
190
134
388
542
492
-312
-51
-96
-550
762
-442
-30
-189
154
-44
115
-227
97
-221
-129
-141
37
-106
-204
208
549
291
147
112
25
94
-55
-374
-79
-366
-43
-335
-6
-223
275
492
459
185
-378
353
-272
-444
-319
135
-147
103
-152
453
298
185
579
-259
306
-234
-142
319
547
3
-330
370
-454
-859
-402
-178
291
-44
394
-275
-111
318
-297
-230
231
10
-79
0
420
28
-333
-513
190
175
-587
-333
-22
-211
132
-317
-201
-255
729
-145
-24
-141
-53
30
-232
-105
-22
116
-645
-359
131
342
158
-262
2
-538
235
-103
-94
-186
-957
260
-161
283
-252
-24
189
-18
-272
573
-149
-45
7
-139
164
-82
-253
-305
20
406
437
-81
268
-607
11
50
114
-8
409
-149
296
16
464
93
-34
-432
7
-241
121
-396
4
134
-99
20
146
463
-191
189
122
-51
12
-385
-168
-115
-113
-184
382
778
-498
186
-129
261
46
243
-47
339
14
-300
-73
52
161
-59
-94
-88
95
-188
207
115
195
22
-50
-457
178
5
638
-434
302
-132
54
48
-151
-39
91
385
341
360
-43
-200
-467
524
19
27
293
-41
-645
338
-150
-433
201
-206
-652
272
-215
298
-219
160
-169
-244
-500
206
-829
-326
-513
43
727
-581
232
-156
75
-291
596
-133
-78
15
38
-4
38
399
-474
-227
-332
-113
-38
396
-211
-186
315
457
-266
32
-306
-291
-103
17
441
-192
-156
-129
-761
-370
27
233
-106
-132
-231
-210
-96
-46
-465
8
-339
-202
155
13
168
-102
517
562
178
307
-39
-240
31
95
-11
-136
-176
485
-312
562
-373
118
26
-50
187
282
-287
133
260
166
-166
361
-323
108
-137
87
517
-51
101
-117
-91
-145
558
-24
-400
220
-63
-287
338
-409
29
-229
-112
29
-288
197
351
-444
-486
-232
-111
156
-189
484
195
-284
-286
-175
110
-201
-183
-133
60
-136
325
24
82
26
56
302
217
-121
231
66
-401
141
-121
197
-134
-77
-44
-76
-198
206
-42
245
252
-79
453
299
438
-237
-23
65
-16
165
-102
-368
169
231
112
70
-157
-248
-64
-162
-317
78
-226
87
-207
317
520
-44
82
134
167
-278
-84
-91
-91
435
-197
304
-56
-333
-517
-270
-503
-197
148
49
-400
219
212
42
136
-92
127
-149
-330
436
-45
-99
-119
-318
40
-143
-265
-362
144
320
131
-220
-222
320
-521
-153
470
120
-91
-922
105
139
-388
32
66
-95
-85
108
103
632
-309
-458
-116
-235
-71
287
351
-246
0
281
-17
-27
-250
127
-91
-501
-112
419
-218
484
-81
-270
364
-480
286
378
-706
118
-122
685
404
32
308
792
-49
-218
221
26
-207
166
149
-479
-161
-230
-134
-267
-320
170
248
-496
53
534
74
342
-12
-247
130
22
-145
1
807
285
-87
-16
67
-63
106
622
-262
-393
-598
-78
-524
591
199
-26
120
321
19
-203
263
467
205
-119
-806
105
744
-87
314
-60
280
-178
-116
-419
84
459
-360
-274
90
-322
-230
-233
13
-181
387
-4
438
-141
125
557
-42
-506
394
-44
37
-118
131
-129
22
32
-12
204
138
483
-213
-83
1
-219
151
-286
-119
126
-260
397
40
34
306
283
-117
17
145
579
267
-322
152
65
37
2
186
-257
-198
176
473
-95
-642
-87
102
-327
481
-133
-234
-32
-242
-271
-243
110
-14
106
225
239
78
691
-195
-103
-39
-3
-1
324
-224
-117
47
61
580
-23
-30
72
136
-192
-137
-82
135
196
-477
337
120
444
60
-662
-129
912
47
-81
283
-37
-430
74
441
-33
248
134
-104
-559
-243
-380
-157
-72
-162
-71
-200
256
-203
131
-320
-108
118
-7
221
18
-17
88
311
-369
-416
437
148
-406
62
-312
498
171
85
246
-190
-198
-823
-289
377
-216
18
120
70
64
-206
-731
91
-41
-276
785
-357
219
10
-120
62
690
430
158
-248
197
595
530
578
231
-313
97
64
520
443
391
-57
-223
437
59
-537
-73
-527
57
321
-104
277
997
-14
205
-164
28
530
271
300
499
-146
-350
116
-289
222
34
-282
478
-77
-10
-200
-170
-96
-97
150
-301
-318
-467
357
-200
355
433
291
-6
-405
264
-183
63
174
143
-458
81
-524
142
-216
-18
369
-133
-190
-399
-56
140
302
107
361
-304
231
-259
-181
325
-133
-187
596
22
237
-292
-276
184
-208
-126
68
-142
390
243
149
990
-947
-2
-118
218
-26
0
-268
373
646
481
-3
274
230
94
-193
301
227
261
564
478
131
-196
222
245
422
681
-21
632
314
432
329
-462
117
231
-17
216
411
466
-398
-8
-546
318
-287
-197
91
583
335
-19
-315
305
138
51
-495
-169
-323
-134
-27
-161
-37
215
366
-416
-199
-444
167
493
-226
127
-219
227
13
310
109
203
39
18
-362
396
279
179
-215
-18
-350
-195
133
47
-96
-37
-111
-214
-249
-174
-148
-217
457
53
466
449
-347
-171
-141
150
-259
-25
17
-121
548
-179
-82
338
141
-853
83
-243
5
65
-326
165
154
318
-33
359
367
-65
79
263
-107
-328
118
-60
125
9
-334
-30
-254
75
240
-237
-4
-224
36
-465
45
133
294
63
-276
-120
252
120
334
171
-59
-35
-26
13
-117
-75
398
332
-364
445
-591
-12
54
-99
176
-313
-191
77
-233
99
-142
238
-273
-233
-178
420
74
228
525
135
-229
-208
24
-207
73
56
184
467
302
-222
-12
-469
206
-124
-187
-141
-64
-209
31
51
-108
157
531
121
-436
29
168
-241
-22
404
666
-136
-254
436
109
-246
528
-539
-292
-16
-176
-19
351
244
-656
-433
-572
-336
148
-606
-145
-176
39
-120
-361
749
-80
-180
223
-273
-47
-130
-492
-150
197
-238
247
-223
226
-323
163
224
-35
150
325
271
-100
-487
-166
-138
-183
184
214
168
333
-80
177
-79
-261
-19
326
721
-117
218
146
69
-100
420
-242
206
169
434
-111
-244
199
-48
-711
408
167
26
105
-101
235
494
-316
-250
-39
289
-110
-115
455
-750
790
515
-114
85
-125
73
206
-236
395
-151
-116
-171
-700
-168
-372
-11
246
-6
-265
151
219
-120
434
-17
671
-141
-13
-14
-206
-539
21
-197
-285
283
-228
-243
92
-582
-202
-157
-23
-345
230
-270
-10
142
247
44
-446
-19
506
132
221
-316
456
560
89
-48
-297
313
122
720
-182
593
273
-309
33
573
-447
86
302
-57
-550
147
250
83
-118
17
142
186
150
159
-65
203
956
318
-99
434
-225
-222
91
300
171
-184
0
430
206
-566
-209
-91
301
-74
-417
-187
-86
-185
135
-180
360
-55
256
462
116
-811
253
64
247
-417
-86
-224
-109
153
325
36
-11
-441
516
-446
195
121
295
44
-279
375
-273
268
339
45
332
207
274
-22
234
612
-267
-19
-274
86
158
-14
-37
121
-144
4
243
434
-365
642
-339
15
389
154
168
-219
333
-217
-299
-253
82
285
265
24
-225
218
178
-312
-189
-189
59
-535
473
144
-170
367
-290
149
311
-379
32
165
-62
538
172
814
67
1
94
-89
-163
-141
148
430
343
-406
-391
-173
-671
521
-295
139
299
289
-91
-167
350
-127
18
573
-30
-199
-315
80
-128
-517
42
-166
174
-37
-27
-358
293
-48
321
-50
-10
112
-71
441
84
135
-17
-86
313
-731
-108
-110
-240
-67
-707
550
-113
-125
-187
-588
-180
1
-50
-203
-145
-314
-362
245
-7
-608
276
148
-93
-179
-98
525
-5
-396
-252
-183
-496
157
353
-354
137
28
-35
61
-207
-164
266
-169
26
-237
-36
20
265
-371
-6
235
145
447
-81
292
220
-263
480
487
357
149
503
113
112
624
46
372
-179
-264
-47
603
40
463
270
102
79
-283
-677
209
207
153
178
-217
204
-385
-441
465
-100
28
-521
-260
245
-331
166
139
283
-516
-260
-331
-90
378
322
180
-153
226
-210
154
45
161
-258
15
446
-105
190
-114
176
-269
176
-432
506
122
-511
511
-105
-554
-498
-341
691
-46
-166
35
264
-380
144
-374
-264
307
-67
365
10
4
-111
-613
-405
-223
-143
-317
-76
289
118
168
240
-205
-67
68
-548
213
-46
7
-297
-42
148
-391
301
-220
-717
98
40
48
-224
-149
482
67
352
-68
-169
-386
358
134
-121
347
-464
35
-154
-88
338
-492
-332
-257
-140
198
-490
54
12
-95
-149
221
48
271
-190
245
120
-290
-105
57
119
-358
16
138
-542
320
573
510
20
-70
97
-46
68
-76
-472
37
-694
422
-261
21
205
511
-73
-189
182
-527
272
51
425
31
274
69
303
-17
-8
294
282
-69
400
-318
257
-54
79
431
-99
103
316
-217
-451
-235
-99
268
-461
-72
-433
-94
-81
-291
-251
296
13
-210
263
-450
-412
-184
237
388
-207
-1
-361
-104
217
165
-331
409
67
420
-74
-424
322
-280
-321
252
10
-245
185
67
-104
-77
-561
64
-259
116
430
-26
-29
198
361
-432
-622
-166
-45
124
-74
645
487
-246
-311
107
-7
-194
262
-435
69
-79
140
268
479
-196
97
-78
-308
14
-236
207
389
-763
-722
-98
-78
579
-367
439
-154
41
-308
215
501
35
584
274
113
312
102
26
269
-105
-385
192
143
171
-316
230
-175
6
344
117
-303
-67
-169
496
135
-384
-362
-130
449
133
-416
-129
88
-331
481
325
-34
-100
-290
-179
-375
-476
210
137
-320
38
-686
110
-639
-499
-261
-6
-120
38
-541
-119
530
98
-69
19
312
30
533
-43
139
288
-268
344
-218
-221
-17
66
145
-16
-23
164
42
-283
-143
-221
495
-11
838
283
-508
-119
163
564
154
181
-61
-45
-99
-215
128
-404
-396
-150
244
222
277
7
-458
-364
16
104
-394
173
198
144
107
-144
2
143
58
115
-127
-197
-54
-151
55
67
113
-741
287
-113
201
-78
119
-77
195
-83
392
49
267
530
-488
-269
-150
-200
49
412
-480
92
300
311
367
173
-182
76
-112
-531
34
485
114
-128
-584
189
58
-237
-378
-181
-394
-721
19
244
18
-93
-565
-75
-477
-235
-125
-93
-430
53
-182
144
77
424
-124
-142
-85
593
-389
-171
112
74
241
110
70
-631
-48
8
145
-269
95
175
-72
16
-83
6
391
-435
-468
-114
106
107
433
-94
191
356
66
-590
16
299
144
-182
-212
-422
167
-395
293
-9
231
-281
-190
-55
565
93
403
-221
284
72
-15
428
-280
213
-331
-232
107
-430
-354
144
-458
-157
276
-394
-316
-155
-146
-214
-176
-303
7
175
43
368
-17
-61
-35
35
500
-265
344
-199
220
-109
-136
375
4
141
-43
-508
187
-73
-301
427
-79
-45
-296
460
-281
49
428
-179
-227
-24
-84
-143
1
365
-81
412
210
-319
-174
237
39
-340
145
191
-270
133
-141
10
-107
0
-752
128
-280
216
349
-411
-31
33
115
94
74
-283
101
93
435
15
33
47
491
237
-64
-7
293
12
108
244
108
408
-382
-152
32
361
383
-77
312
506
-367
200
-342
-398
89
-319
325
119
-65
-11
-36
-250
162
-677
444
11
-125
68
-18
201
-173
148
-248
273
-379
-86
11
-171
-11
265
7
898
-443
213
-17
-264
195
-618
327
-60
-110
-363
-73
-39
436
-138
-514
-234
-359
139
36
-191
232
145
237
-204
17
442
-385
146
-327
387
116
-15
-418
-281
-637
-383
624
145
124
-131
-65
-415
120
135
491
35
-411
-171
-144
-118
51
354
-21
231
-270
-146
126
4
293
96
-320
-353
-494
481
-28
-777
588
-316
-226
-61
-44
-341
185
-181
-52
85
-305
-349
84
18
221
-204
-25
273
288
-38
56
-300
306
-309
221
273
-112
-207
95
-4
-20
411
116
-188
-557
417
-34
29
-23
340
-157
-396
-191
421
147
-99
-187
189
-77
351
-117
-471
-177
-34
-76
371
343
79
-81
-259
-417
236
-127
-329
92
486
-246
5
-155
298
-228
329
-47
144
-397
-93
-333
117
-29
-184
340
-57
50
189
114
16
-145
510
-603
206
106
-161
-447
67
-107
108
-23
-122
350
63
-202
102
301
-468
340
-402
-236
151
-140
40
-130
211
386
-389
203
47
11
382
-125
-82
-106
99
2
-225
-665
238
-303
-3
410
-353
0
-330
-52
-420
-265
188
-326
-507
6
-401
-196
-5
-45
-166
360
-91
-675
502
-330
717
497
-69
-309
-125
-136
50
-141
210
31
-81
112
191
-186
535
-75
123
368
188
59
-378
-59
-204
266
-471
-62
104
272
29
-309
111
41
131
422
-496
-476
-162
-143
-399
-492
-241
481
84
197
591
-15
539
-210
398
-173
-104
367
-132
-327
430
-489
-27
-140
128
24
-522
-122
59
-64
-82
-76
-1
-257
-122
-491
-83
-364
-95
166
-148
355
-776
-207
-214
-74
-105
286
-77
-49
-394
309
131
-89
-192
501
159
-155
159
318
-342
64
-14
360
-7
36
431
-117
97
-199
-172
234
-195
98
311
-312
134
-241
-256
208
136
-403
171
210
-548
-249
6
381
-221
28
-16
-10
124
-211
-262
11
-24
378
552
48
91
458
306
-254
287
-12
207
-302
698
185
-29
161
-265
72
390
-397
110
233
241
-58
210
189
-246
-65
209
747
163
792
32
86
88
329
74
363
-371
440
140
-285
-254
-82
363
275
574
-853
96
48
110
218
19
-262
-103
-418
89
244
201
47
104
-332
-523
-25
-304
-373
58
166
-169
-32
112
11
128
90
183
-434
15
-4
92
-103
-390
-219
-540
260
205
382
-526
-141
442
-365
-3
-10
131
-23
371
81
-30
-54
-835
712
-120
-251
85
46
-134
303
92
-165
-820
75
169
-238
-136
-293
387
-454
-234
93
-472
-365
115
71
114
-214
395
235
-361
-328
-153
-98
107
-21
438
595
-253
254
115
597
-9
-445
201
23
-372
-94
60
-338
300
191
-69
28
-85
343
76
-280
127
150
-327
626
451
232
-98
92
344
-380
-157
46
146
182
-46
112
-225
119
172
-470
324
-820
-61
-175
88
126
-105
290
-243
482
293
-213
443
-78
155
438
287
77
-256
-408
-203
-420
-197
-430
345
344
-6
-377
424
-52
13
267
-344
-591
-75
54
-223
-85
-85
-193
-234
136
165
372
-129
-280
-185
209
94
551
62
133
478
-157
59
205
152
398
357
201
-500
-121
-448
284
222
16
-381
580
-525
-350
612
83
-367
706
92
192
-276
-420
287
542
489
-7
210
-139
127
883
272
113
89
-1
268
-148
134
254
377
-149
88
-804
-206
-113
748
382
-166
-277
65
448
41
-119
390
482
181
133
174
-249
-254
-20
-254
-17
-275
67
235
106
100
-92
146
137
406
170
240
109
466
226
428
-853
624
-38
206
57
-20
-80
-33
-115
-223
87
227
270
-210
-435
-283
-72
217
-433
-187
-259
-371
-14
432
460
96
-30
-199
-30
-1
47
-14
-30
126
-209
-233
-196
-208
-807
285
463
127
344
-195
107
268
166
198
240
51
-254
-206
20
-88
-68
-55
117
-169
138
53
0
-69
-352
-592
-560
-49
-32
296
149
0
-555
-288
-37
-66
-164
397
-655
-153
-669
235
40
380
-374
369
174
86
-94
435
-133
-265
-90
-185
246
-200
-245
-42
-103
584
645
-122
-208
274
145
-133
-4
-587
118
-46
88
156
-561
-66
-303
385
149
-10
-19
-289
-50
289
88
-69
601
318
-14
-293
472
407
-141
-61
71
-8
62
-320
-182
-208
16
299
-99
-37
-93
474
70
-218
-22
250
-94
41
121
-493
-191
-350
-332
48
278
-499
73
-87
14
-320
152
-213
117
-56
267
172
-153
688
385
-43
-156
100
221
327
-31
-106
451
-47
-8
-204
-35
262
180
506
125
-143
-609
152
430
-76
-6
-149
159
198
60
390
330
145
-138
136
-188
-108
16
-111
53
316
144
-162
-322
277
-223
-220
77
303
95
951
-363
-1016
-656
-6
83
387
-347
-285
-326
-322
71
353
-102
-270
-266
238
383
-18
-257
262
9
463
-351
263
-383
-372
416
-591
66
724
-345
273
177
-168
102
223
297
303
739
21
232
-228
202
-342
60
-201
-57
88
-440
-433
-238
-80
-470
-167
2
-108
-126
-41
-395
-145
70
123
305
-30
-111
194
98
-150
172
46
14
-138
376
114
-52
-285
-108
-132
192
249
176
-167
-258
429
-63
280
-371
-194
278
355
-10
-100
3
-283
10
-172
-4
493
-136
94
-235
242
643
-250
190
-115
389
-183
216
368
146
443
-12
154
-251
-187
-542
-699
-11
-404
265
31
164
65
304
-62
-201
-161
70
-124
-456
153
-162
-658
255
41
199
313
-121
-239
756
42
-137
-4
-19
-450
184
-549
60
23
251
112
-117
-341
-94
460
83
233
427
-304
-138
381
154
-267
213
-295
77
-184
-169
104
238
-384
185
9
378
105
-292
-94
78
129
201
-184
-149
272
-442
-594
-34
-802
-106
89
-43
-144
-134
-290
70
-294
168
-248
647
-414
-13
308
-93
159
-188
-379
-342
-476
-360
45
-43
217
63
-88
131
163
357
-509
147
179
-59
-99
11
-160
-723
-198
48
260
-34
-154
279
184
-275
-430
-106
73
220
-36
-159
96
-235
106
-254
297
-138
-32
-274
260
-111
-158
-32
-224
201
-388
97
45
-10
-481
-451
19
-298
-342
121
-251
1
-17
-340
711
-383
-275
129
161
-315
-301
98
101
-164
323
-79
462
-154
164
-330
-50
-37
73
-12
656
-400
687
361
352
-260
-30
83
-58
-116
-12
-436
-249
345
-290
201
-159
458
-109
-164
-349
-492
-91
389
233
-81
-136
11
548
387
-375
-403
193
-250
33
36
694
218
666
-610
237
-374
-288
-277
-265
373
186
470
-11
-208
-217
-71
-42
-81
-218
-46
182
-323
135
-46
-180
527
30
-219
40
166
236
-125
-65
-559
-38
141
167
-129
-96
-311
-103
-33
543
119
-231
-406
202
-159
19
-67
-77
128
118
25
508
249
-191
276
65
164
-88
86
-531
234
26
-208
-207
29
-474
456
264
46
335
-95
-12
176
40
235
77
-2
-24
337
-285
227
272
78
-212
148
-233
-129
-167
202
-313
159
-715
354
306
9
-92
60
340
20
90
-238
90
-361
25
-451
-267
-438
-285
-445
341
471
-32
-253
-114
-77
-232
-2
-177
125
-306
81
381
155
9
-75
-599
648
-76
267
-527
-492
253
-79
135
-49
-60
37
214
368
-10
379
-43
-130
-13
-107
302
6
217
-182
525
46
-19
240
394
92
329
401
73
112
-68
-141
-264
-20
66
441
377
65
-189
569
-554
-249
39
-187
64
586
-171
-227
-90
-145
-227
205
58
-87
71
121
256
266
-501
-98
-264
354
-94
144
454
22
356
-168
57
-65
-279
-10
-306
88
322
633
-447
10
56
68
387
-22
-134
-170
33
314
131
-113
-278
-327
-272
218
7
20
-98
265
132
83
93
-67
-50
-83
-133
414
-132
47
584
64
271
172
-97
-162
-480
-7
65
234
-294
-1
218
-15
713
494
220
217
-17
447
-60
-457
-23
280
-229
-505
-52
-303
-159
-271
177
-83
-606
-208
-68
121
138
-172
325
-180
251
366
146
367
415
-304
464
122
-377
8
-163
428
-296
-170
-267
100
-124
-182
363
-15
-182
270
-263
-268
83
259
-97
-238
-661
359
-71
-91
59
338
-466
-98
26
-179
-42
-226
-335
180
-220
-95
-416
-11
102
-17
229
-27
-85
-551
6
-370
162
-331
82
26
264
-25
-214
82
-254
-317
365
-198
-15
-265
66
-372
-134
37
98
-454
-28
77
175
-322
-37
-107
-195
-37
27
270
46
-114
43
-385
198
136
237
-299
119
359
-224
3
114
-40
-65
389
486
92
-350
-64
142
200
272
303
-212
-698
-216
-80
458
-158
-322
-199
433
-11
-405
89
-435
-356
477
122
208
-214
204
-174
-107
455
496
-199
277
-26
378
64
289
53
230
173
-63
-298
294
269
-14
59
-63
-109
-251
308
-153
391
-182
-260
88
256
-266
-223
318
237
211
6
40
107
-88
74
-283
54
-354
-215
-468
219
-269
-145
18
-142
542
570
39
439
60
131
-410
-316
3
-136
-67
-104
-323
428
210
-302
157
-548
-198
-50
-512
320
-523
-256
183
109
69
259
412
-292
-253
-112
90
-142
-342
372
243
-73
-550
-396
258
871
61
173
4
-197
-107
-552
378
-334
151
150
418
-58
-125
62
-374
274
36
17
75
-381
279
-105
-125
337
702
-156
-308
285
132
-29
-158
-387
-215
-35
-55
-161
680
129
-236
154
-342
-473
576
370
-128
348
-325
-216
-347
233
-340
-676
216
-718
-218
-312
-312
-103
-669
14
506
-82
-590
-84
114
142
-39
127
-44
409
-131
-72
177
-124
-77
-23
81
366
421
-16
838
-37
-558
-146
-343
500
153
428
-226
-49
199
-55
-98
327
46
206
387
159
-283
50
692
516
424
-608
52
-340
18
398
-490
262
82
-259
178
-157
533
-281
477
-120
162
264
108
37
156
-311
112
-153
-152
543
419
441
-67
-152
-12
99
357
-116
-55
-270
-444
-103
364
-160
-455
187
296
-230
135
213
52
-89
34
18
72
-357
-78
-93
-29
-290
27
265
-527
-274
98
292
325
-19
108
-393
-441
78
-237
-194
144
-133
348
499
281
-46
-22
281
-506
-147
-72
249
-339
-123
-315
-210
154
21
242
186
-34
454
156
-44
628
-324
10
-34
-301
-473
-654
-30
-133
352
272
-356
-234
95
83
60
-264
-298
270
-485
-215
84
-101
-541
310
-136
-531
-336
297
-144
-162
373
132
-22
24
24
38
-265
386
-46
-122
-280
-190
486
-208
-20
-11
33
296
-546
121
-171
-326
-32
-432
-122
74
-402
7
-82
65
139
115
-244
-205
-64
-431
-374
206
326
195
-394
8
137
-113
261
33
-476
-458
139
129
-233
-593
-221
136
659
-295
-573
-55
8
-321
-302
58
87
567
-352
375
-127
363
-270
67
225
153
58
128
-483
64
-53
15
85
-234
-111
273
-97
250
-36
-60
-157
-689
48
160
277
337
174
-182
-464
-634
-673
384
48
532
-16
198
-735
-612
93
115
-552
-25
-132
-19
-54
-247
108
-151
472
-108
398
-355
-302
-122
414
347
-196
-194
119
456
-376
26
27
117
-94
17
-371
92
-43
1
-253
244
122
-39
279
-226
104
451
-191
216
-1
276
-180
-98
133
-99
-112
192
38
478
-265
-723
-198
536
330
-207
319
172
-140
-236
485
-43
150
-377
225
-52
-370
594
113
-403
-275
-430
169
-679
-306
222
-109
-537
-110
163
-119
-36
73
-213
232
196
-578
398
918
423
-21
252
201
422
-126
-405
-283
-129
-165
256
-43
6
158
-41
18
-157
-458
454
-241
-349
86
139
4
66
45
-171
-404
149
-246
-177
20
-78
226
-475
-443
-261
-63
-40
115
85
185
85
53
229
-640
303
-391
31
-88
-242
303
15
-74
-150
-286
-43
285
323
94
57
619
70
-191
-185
-218
-85
454
-354
269
529
351
191
-159
-432
108
0
325
-101
74
182
272
366
-43
139
-363
-403
-232
151
669
-285
2
-110
71
332
62
-177
-573
74
252
88
163
-431
-91
-195
-226
-35
132
-634
11
-285
-295
253
114
-260
153
-88
152
624
116
367
17
784
128
180
164
136
-438
422
296
56
-222
-379
-544
246
59
-127
271
197
300
-382
83
393
340
77
-231
-24
-353
-267
231
124
383
130
175
497
-417
-164
354
260
282
203
-24
-2
375
139
-434
263
94
-75
-38
419
240
-354
241
-476
169
-218
470
63
169
521
-61
-126
-99
-202
-23
-18
-80
-94
-107
233
388
-325
135
182
319
-45
-63
-140
97
62
234
193
382
235
-170
417
88
-195
339
551
-163
333
-266
179
103
-657
714
335
-185
-396
-300
216
163
-110
-227
-94
66
-277
121
-349
56
390
127
-261
294
434
-491
-278
95
-380
146
-821
233
130
-166
227
-173
-91
-34
-35
544
-541
-87
40
-15
228
458
251
464
-233
-92
131
-161
-217
279
102
468
83
208
94
-80
-54
173
-264
-462
-88
-100
263
671
-5
38
-338
-24
60
63
-315
-175
19
414
520
-125
-256
-488
-225
139
-255
-8
-142
450
-65
-20
294
4
-347
367
-445
-331
233
-9
-93
442
104
379
-253
577
161
-365
-147
449
-19
445
163
-278
-630
218
-63
-218
-308
429
-371
426
-551
224
390
-34
315
-116
-84
39
160
188
170
-199
4
235
3
-3
-451
343
855
-227
78
143
-189
143
-63
165
287
64
198
256
617
-581
-143
-113
310
-111
-159
-130
-437
297
-54
-527
-309
-758
-99
-67
-119
-159
-253
90
-45
-66
-185
16
265
-305
-173
161
-9
403
-248
-554
290
74
-54
-106
161
91
-518
-119
250
-147
24
98
-256
227
-132
-98
93
0
-404
342
-46
97
-28
297
-381
-86
344
-245
-92
-430
-48
36
48
-442
-18
585
274
-5
451
0
95
186
-155
475
21
-299
-31
408
-20
-469
350
-139
-204
112
-197
-416
326
89
-59
-409
-540
218
-130
-362
42
-284
-212
164
400
12
-560
383
72
301
-520
137
16
523
-116
-263
-79
498
-140
-91
-117
-216
-155
-443
58
-150
-499
-52
-262
23
461
-255
-71
-147
209
262
382
357
36
70
-19
-576
231
84
218
87
281
177
255
70
-133
-182
519
196
-72
15
-241
833
-37
-418
-277
-563
238
98
-54
139
31
582
-402
96
-249
-67
-274
-315
298
242
-352
-169
7
56
-164
103
309
215
200
-224
310
204
129
-200
163
-620
-243
103
-198
-81
-26
-72
-742
-252
-292
359
332
-376
-341
-165
19
-713
-486
102
-395
-140
-76
-74
-410
88
161
356
75
-182
-256
47
66
-372
107
-187
730
116
-161
-184
-195
307
207
-99
415
235
-38
68
235
345
653
387
8
169
-169
-476
-285
697
360
-254
22
-400
-453
-133
-137
214
-357
192
245
-124
-302
-231
-337
-494
511
214
-225
-668
-315
-60
488
-71
-237
328
67
-208
-177
204
-290
-89
475
182
-140
561
474
-241
-240
-244
90
-393
428
277
-361
-9
346
-293
151
118
-452
14
185
-52
-59
-686
-793
-26
-738
32
-323
190
234
747
139
338
-6
253
666
48
-187
240
41
-124
19
52
-285
120
7
-72
444
-257
108
-102
-148
-21
-156
294
152
-537
-496
-65
370
114
-130
-278
94
398
86
-96
-145
-512
61
-346
-14
-13
309
86
-339
90
-178
167
94
-662
157
-581
118
35
-208
438
-66
-151
382
522
287
83
-52
-405
-154
21
369
400
33
213
-265
331
-507
-589
-366
81
129
-32
64
-71
82
-72
150
-187
14
-378
-320
-226
106
-13
-105
-259
84
433
459
251
-244
-26
469
-403
556
197
399
-44
407
-62
-274
120
-184
-368
-112
36
320
-149
-259
-113
-116
318
-120
-246
96
141
427
-126
65
-76
14
-8
90
-275
-46
136
-470
-120
-472
74
371
-33
-112
-12
231
249
22
-201
141
293
106
-361
-611
358
-23
-206
-251
353
-4
181
252
6
250
-356
-72
-525
93
727
-258
-178
-520
-56
-51
-403
245
23
-97
165
-240
166
487
-12
-177
-169
-238
546
-57
-208
-411
331
-34
418
-9
-526
-250
124
-307
518
-682
-360
-194
317
166
-417
211
161
-75
174
-182
-312
-289
-209
505
100
28
-255
-96
-490
118
284
-50
441
-61
210
-159
-408
377
-197
59
-244
411
-279
-347
6
-320
110
452
414
-267
-113
43
260
-83
-192
18
358
149
-102
239
-96
268
334
-452
-476
-642
-146
9
-402
504
-256
-183
-543
-536
-89
404
-198
-201
-164
174
-437
-269
61
-181
-360
130
219
106
62
-186
118
-4
8
283
327
-194
353
-494
-85
-304
103
-76
-74
99
-174
323
-80
-294
-227
59
181
-327
-474
390
222
-189
449
261
57
2
65
-400
-327
-176
-489
47
-156
-225
160
247
-414
-34
33
-267
5
-66
23
285
375
21
204
-197
-63
207
124
160
-120
234
225
-463
38
376
-510
168
-6
-500
-33
270
131
-312
125
-14
-123
382
-180
-338
-560
35
-337
284
-156
-255
451
235
-97
-24
-138
540
222
-691
706
-43
-231
102
251
404
9
206
64
143
33
-226
-227
-67
-427
-164
517
8
179
290
-189
-72
-551
-400
-79
304
-25
252
-26
-475
-393
91
15
8
462
38
-285
100
208
-107
24
391
-525
448
-131
90
126
146
-170
-28
347
70
-615
-740
196
262
60
442
-262
306
308
4
-517
-10
-99
-268
-201
154
-7
-108
53
-210
344
-12
129
143
-292
-466
143
-653
81
2
360
114
55
257
254
-76
508
493
-268
-315
352
117
223
-74
-681
310
3
-16
202
520
671
-13
-135
-326
462
144
38
-95
439
116
-298
127
203
250
302
-744
584
2
-46
-96
-55
-18
210
35
-218
212
341
-159
17
-460
-295
-175
275
162
123
27
527
-626
21
207
146
-267
-183
-145
-675
-617
51
-35
-127
144
690
190
-480
23
57
-8
-384
126
-30
70
-80
67
85
-111
-83
-582
-64
-16
509
421
115
-401
-19
413
-464
270
-75
-11
-74
-364
-92
420
251
165
-701
-443
356
-89
349
98
47
-110
-511
-24
-358
-480
-242
-170
171
-173
-263
-102
75
-18
-419
239
28
1
-474
189
503
121
15
51
269
13
662
-111
489
-652
-495
-88
-17
272
-209
-426
154
-174
542
-157
-242
581
-243
-168
2
138
-191
328
9
-392
-51
85
-78
284
469
361
-181
248
-177
28
294
-418
401
331
252
-383
-25
644
-126
-469
526
-64
-176
-55
-115
-336
288
-137
-415
-1099
-302
-399
-8
-56
-229
342
-90
-145
98
-2
-586
316
-159
-18
153
382
-242
175
279
-505
-203
123
488
-456
-107
-232
-99
-399
712
63
26
81
-191
-439
-65
163
211
44
-166
-58
-224
-241
26
-141
246
-288
-521
192
400
-374
-137
-256
349
-237
490
-499
-383
190
-160
-57
102
-429
234
324
-111
120
73
-54
-339
86
-196
194
-176
-275
343
-171
-376
-231
320
-211
334
228
161
-500
5
-157
256
-157
-349
-349
-68
-307
-241
-226
-186
-326
137
-231
47
193
-69
120
186
539
14
-98
219
196
740
378
-730
239
161
329
120
-675
32
95
-252
-270
218
214
363
-51
-259
-461
243
465
187
-228
324
16
-168
246
616
-505
-76
385
-338
-7
-434
-156
270
365
-35
-383
-82
122
-106
552
57
327
211
-245
370
204
-571
-124
-697
176
-201
116
-69
781
-88
-310
127
-210
-385
-49
83
226
-1
152
165
-255
-186
102
51
160
-108
-40
-82
750
97
35
145
141
161
136
88
121
74
83
-542
-498
322
189
-523
120
386
-263
67
90
628
210
-14
87
-79
30
-144
-162
-562
-520
355
44
-123
504
-116
449
111
-203
248
-137
-145
-39
-213
282
-436
-58
-74
176
51
-560
248
-710
-29
-344
-335
-115
-139
123
56
-238
291
533
-20
-32
-29
210
-26
-260
446
-298
-678
430
-386
724
-22
-123
-418
-516
427
191
235
-464
105
88
244
-325
103
-76
606
205
99
243
-165
-203
-130
337
-255
266
-457
-577
480
414
-321
-47
137
326
-196
-10
-164
-195
-228
123
-415
-147
225
-43
-150
-242
-9
194
-122
219
284
58
263
-393
-188
142
-171
-362
-8
589
-111
551
-426
461
38
-243
-429
-87
9
102
-54
581
-303
-170
-199
-457
191
255
202
-279
-386
-107
-111
-241
119
159
124
-68
554
99
-222
-236
284
-284
-542
200
-69
273
-224
-156
-64
-287
83
-508
398
97
-133
146
218
-428
445
-399
-14
-392
489
-189
115
312
-448
-96
103
12
-639
248
66
-395
-302
-201
71
-496
103
-407
227
73
-147
450
971
483
-713
-410
351
100
35
-209
-75
-167
-256
50
237
-270
202
-114
203
121
204
-229
-56
-257
-194
-588
-10
-157
101
255
-357
-145
62
-4
-66
-134
447
43
325
-93
-65
-513
-42
-576
258
-611
-478
429
262
-486
-37
-280
-228
-38
-277
305
-375
37
-221
-83
-319
513
195
238
-66
-418
61
90
-95
58
102
-100
636
204
-358
203
-131
172
-27
-707
-109
-77
-268
-19
23
-533
466
615
101
-44
-65
-599
-388
-192
224
743
-288
257
-539
173
414
-89
-188
-167
-220
4
203
304
-190
-241
278
-237
-349
-47
154
62
72
310
-130
67
-247
-442
275
-379
-42
652
172
319
342
441
-2
110
554
108
-126
-386
9
-289
486
141
-474
-304
-61
-68
-39
-255
-202
-162
-79
-433
-439
200
156
39
-232
-223
-742
-123
-20
338
-31
-463
122
-212
234
192
304
989
266
-177
341
680
-159
91
-333
-43
64
-123
22
500
92
-213
-224
107
-232
227
379
-132
-84
-49
-577
-17
28
-154
301
-233
-183
327
62
646
-403
-261
441
601
-230
-105
58
-455
244
253
-469
-370
-274
-689
5
-52
61
106
-5
196
-32
107
-166
63
137
-419
-245
-49
-376
114
190
-200
171
253
-302
-336
-92
-101
-51
19
-312
161
0
3
-228
-265
337
436
-33
189
237
-115
264
-443
228
338
819
141
77
175
-657
-40
-158
-371
385
61
95
-242
-291
-352
239
-259
449
-239
307
227
98
208
270
-495
-103
-77
-295
-420
-168
163
183
206
-211
-267
209
-289
560
-213
157
-231
252
-85
-313
-137
111
-229
-88
-433
95
-250
145
-170
657
33
24
36
-236
-161
-214
220
-292
97
-162
-439
585
84
-251
-79
98
360
328
271
-370
-39
-70
-155
174
-116
406
312
-141
528
413
57
-277
-157
337
-124
-226
-293
-348
-202
328
-5
-641
-93
-115
-203
-259
-369
-215
187
-48
-52
-229
-193
47
-74
-434
-285
-382
363
-113
-4
59
468
1
145
-304
-281
-11
79
7
-440
-294
-66
31
-301
596
-167
228
-54
343
220
300
-28
261
-122
553
53
389
233
-295
665
153
-610
-224
-254
178
-56
-49
49
-295
157
-253
236
39
-14
334
123
-113
683
-299
-52
775
-244
194
-430
267
-457
42
512
305
-7
-5
42
326
-187
-93
264
-308
24
-203
325
-310
-65
342
1
-73
43
-362
-425
-13
-270
199
49
-38
-699
172
-81
-57
48
404
100
163
151
-78
-315
120
161
228
289
64
-52
-353
70
326
-180
-118
51
390
-806
74
484
-160
542
-218
-409
527
-40
-165
-65
-188
-203
27
-41
300
-90
-37
-614
115
-136
123
-333
106
-70
-323
-323
428
-42
34
-15
70
-177
185
-190
285
-456
-84
-85
105
-584
-210
320
-14
141
-210
-332
370
-397
-197
667
307
26
147
-367
203
-176
104
206
66
228
142
-202
46
-195
169
124
339
326
355
351
440
-147
-54
-352
-184
189
-102
35
116
320
-92
607
361
244
-222
-502
-545
-221
142
-571
-7
-56
505
96
189
94
136
67
228
-46
-517
-209
226
-560
-418
-64
-700
-265
301
-3
-182
-336
54
-6
64
-110
-654
-60
225
138
673
179
177
211
1081
-682
534
504
66
-2
34
66
42
162
20
237
458
19
-149
439
-231
-6
258
431
124
543
-344
-369
385
-292
-382
539
-176
26
165
233
-258
114
129
-1
-163
-287
-253
13
845
329
326
-124
185
-447
71
-17
126
-401
235
-219
-333
-302
-252
-58
304
296
190
117
-63
-475
115
-68
-99
305
8
239
477
-510
134
129
319
33
-150
134
573
-367
-269
-409
66
162
-626
-217
14
-124
-93
-193
-137
-267
-146
-43
-13
-412
-598
-35
-358
-333
-54
-224
-251
-98
34
374
16
126
-27
-128
67
-73
58
-263
220
14
46
295
-178
139
33
-138
631
110
210
-51
-71
-610
130
516
-839
287
-527
-131
-252
499
-487
-75
13
289
-263
175
-62
-87
97
95
-152
-698
-45
-104
33
-64
296
148
-17
-200
76
-202
-151
-100
-509
-637
40
83
-399
71
207
573
-410
-184
230
-107
-197
319
-579
185
-229
-24
-156
629
205
362
-113
-203
99
159
-440
26
-372
-286
-99
-246
-223
408
-244
467
4
522
73
33
-290
-147
-168
93
-261
-661
-246
-222
-188
-1
283
-52
-72
-541
39
-312
279
-147
-236
-108
-397
-551
819
-95
608
-333
-505
-81
316
556
132
-53
181
-101
-366
228
208
323
-164
148
122
-212
209
200
-333
44
-552
617
540
-357
-213
341
-307
-360
-196
-173
-285
9
262
-276
-312
366
206
12
52
125
-257
-938
255
-333
-3
188
202
142
474
260
58
246
81
612
86
-77
162
628
75
-12
-302
251
-541
-82
340
-25
-304
138
377
-29
134
193
-59
267
-428
-304
-92
-378
0
46
-233
-499
165
-77
236
-278
187
61
-39
-21
-22
189
-110
-402
-80
160
296
-590
-493
-53
182
382
43
-23
193
192
60
562
264
-17
176
-308
138
251
342
-127
426
203
-181
-137
-61
316
-160
-231
187
-266
-388
263
-74
62
-9
41
-57
8
-143
96
12
-136
-371
115
-214
147
-291
-386
-77
153
1
-76
-463
100
181
-141
61
-118
274
-438
-99
85
353
294
-301
-525
-252
-511
-123
280
207
274
-228
-343
-76
585
144
120
-42
-168
95
-270
55
234
508
522
37
-464
15
557
430
-197
-22
575
229
65
-377
-164
-50
52
-603
-72
-172
72
367
1
448
-205
441
-56
-153
-474
291
-125
214
538
-332
-31
-46
545
183
-197
-92
-105
83
710
140
19
8
268
184
-264
253
-376
94
-144
-423
-352
-268
-342
342
408
-156
-90
-112
187
164
126
-205
736
-388
520
213
322
-399
116
137
-149
61
14
-873
-251
20
-2
-301
14
-81
364
32
-470
-277
-126
-258
-155
-87
-88
-264
-24
58
1410
-161
530
-285
-266
475
-132
334
-283
-269
-308
-66
-18
-194
405
256
157
323
-42
520
200
-335
383
-63
175
294
-61
-117
536
-515
-160
337
-179
-45
-482
398
-208
92
-26
-546
-49
-223
-51
220
337
-117
-35
501
-207
-255
280
-212
375
-20
-141
253
-117
87
48
-33
-634
190
292
-289
-246
-57
222
-116
-96
361
-200
-218
186
-228
269
54
39
156
-277
503
-372
-512
-95
-418
483
253
389
564
263
44
-290
-263
-187
346
224
-543
46
-571
-202
-359
-86
-126
-503
121
437
569
310
-27
-53
-87
-632
118
-289
305
-33
84
-151
-205
-196
2
578
49
120
-45
105
67
-157
-267
498
224
232
-654
-466
334
7
-313
-162
51
-392
-272
-369
255
-491
453
131
-138
227
188
-228
74
201
7
-79
349
-339
-170
-174
239
15
-55
178
-205
24
240
-376
-241
-285
172
-527
251
-100
53
-142
116
414
185
-3
-86
54
-227
-143
-62
74
197
-304
588
-203
-93
183
405
83
148
-215
86
0
386
-50
242
285
-26
144
0
182
-242
-7
-138
92
343
-287
-192
642
426
-136
-194
259
-98
858
34
501
-250
299
372
-553
-343
-373
304
1127
103
231
155
130
421
300
165
-173
420
-83
33
26
-89
-321
-15
-307
52
374
193
-60
-616
-440
70
-83
422
-78
-62
-68
401
223
-19
9
-356
-361
155
433
12
-14
-100
-194
20
134
186
289
497
-42
-52
176
23
152
24
312
281
52
-114
356
179
-138
500
-404
-391
-173
-118
-181
-11
-46
165
288
-421
-11
132
0
-184
-80
319
-56
-375
-88
643
60
27
414
-321
-613
170
458
-462
-303
-145
-33
-318
-408
-228
-5
200
-35
139
471
476
-7
-102
260
-62
-284
626
273
-261
-107
-96
379
57
-184
-170
393
413
-35
-213
-311
419
121
-326
408
480
361
293
283
-52
-123
-404
49
556
-200
238
272
-448
-159
-232
107
326
-161
-128
315
-3
-217
280
-140
229
-25
128
23
-30
10
-187
354
-435
197
-85
-595
-20
-67
-158
-141
-293
255
206
-201
306
210
-190
204
-39
203
-79
-91
-288
205
-171
344
-526
179
126
-1
-66
464
-101
102
-111
228
-108
-42
229
-502
-62
-9
116
202
-156
-26
-85
575
-176
-56
92
61
319
160
402
88
-534
353
-58
-229
-175
27
640
-715
-54
295
-360
210
-385
-95
-218
-328
-147
440
37
134
-199
196
-666
32
-30
152
25
203
-608
-105
-363
23
404
-881
-112
297
-176
271
-153
-18
415
292
-315
-87
385
-316
194
250
-347
210
-409
-110
-514
-537
21
140
232
-129
35
309
-96
-16
381
562
-435
527
-230
-464
-655
-208
37
410
132
-624
343
-416
-484
96
1
268
-266
73
-14
-518
228
-213
-24
513
-228
146
-184
8
273
-530
-88
-438
-413
-388
-12
19
-66
483
45
-563
286
-258
147
197
269
236
535
-289
268
-196
-479
25
-99
-275
-232
152
-267
-275
472
-360
32
577
78
-316
-440
170
395
-146
-57
71
17
408
266
-371
406
207
484
83
205
13
-547
500
-34
235
-125
-194
188
-352
59
-361
59
26
28
-96
-15
-201
-111
307
454
-416
282
453
44
218
-284
-61
317
114
-9
57
-211
127
311
-139
-488
416
-360
35
-118
128
31
111
418
-184
349
-565
146
-413
205
-313
-508
-320
320
-128
-65
348
67
18
15
-277
317
-280
459
51
-68
258
485
852
-142
-362
208
-120
-228
-298
660
103
159
180
31
11
316
255
-112
762
156
25
603
-475
144
303
33
112
15
-439
102
-384
321
-344
243
167
358
-653
-106
-43
93
-51
-295
377
72
-235
-340
170
281
149
-355
326
160
-155
309
67
-186
129
-315
-112
-64
-163
74
-201
176
109
67
26
547
-154
449
-310
35
-613
273
-708
-4
199
464
123
3
-502
65
-51
-207
-334
-322
-394
-220
-103
278
-246
-344
201
-111
332
611
-239
-67
382
-109
-146
60
349
189
-38
110
-8
345
-288
-179
-228
2
104
94
-153
-60
376
206
446
-255
132
353
180
-599
238
-87
-234
547
-134
-175
-131
458
-309
-22
271
190
-387
272
565
-61
-736
88
-398
180
-478
448
-116
77
104
418
425
-78
343
154
188
294
97
428
-282
24
366
204
-9
-163
-166
333
-229
-173
151
30
42
-342
-283
192
245
-100
505
29
-267
309
-298
68
8
308
87
-553
61
50
9
177
-409
273
-272
-516
663
-173
-359
-1001
243
185
-143
110
-83
45
-219
-407
-164
-234
-474
-265
94
-314
-74
691
34
581
126
404
-20
139
-30
684
200
-409
-174
215
-322
-308
-195
-98
-83
38
-44
-73
499
-269
-194
24
-513
-259
-137
414
67
-274
-252
38
-178
-103
-224
-332
45
-365
506
-298
-118
-148
-615
49
-296
-329
225
151
340
-442
-120
526
-32
63
505
-341
-570
104
-91
-92
-36
146
-96
-121
303
30
85
392
97
35
-395
397
-125
83
206
680
329
69
107
-8
-3
-408
370
-37
283
102
-145
-280
-329
194
42
-247
397
178
-375
-211
170
-750
595
62
-315
111
-94
-238
-140
270
-366
-111
32
-7
-36
80
-429
-58
-288
-31
3
-433
-307
-146
-176
139
-169
-525
225
-107
10
-2
-103
-36
532
-281
592
21
-671
161
-201
320
35
34
-354
-263
-171
-155
-133
598
533
12
324
134
20
-7
-562
-95
-130
13
473
-66
386
-15
372
559
89
-27
96
-484
383
248
295
-655
312
-85
-185
214
64
-197
87
141
199
-78
521
587
-510
209
119
213
160
-108
-274
48
89
453
136
2
-237
-45
26
248
-19
505
-68
-194
-108
77
-332
-214
-8
-254
151
202
-502
-84
-298
35
295
233
-206
-128
-271
82
-239
421
103
257
-298
-71
-29
375
-42
164
175
-359
140
-316
42
-246
-118
51
311
-276
-360
408
22
262
229
-14
197
-327
27
745
-205
609
148
-624
61
400
122
9
254
133
245
-246
-383
173
379
-179
-103
185
-544
199
-106
-243
48
-89
64
-211
-4
61
348
-112
-186
-279
-114
99
103
139
-373
-213
471
47
521
478
89
350
-396
-109
203
364
180
550
69
245
65
-471
-5
165
-327
-405
-54
-475
104
506
60
115
-445
143
236
336
123
-118
164
-97
-386
106
269
-427
370
-159
2
-252
112
-376
233
