25 60 324
0 5
0 11
0 14
0 23
0 24
1 10
2 4
3 1
3 13
4 5
4 7
4 16
4 18
5 9
5 24
6 7
8 9
8 13
9 3
9 17
10 7
11 9
11 24
12 2
12 11
12 21
12 23
13 6
13 7
13 13
13 21
14 1
15 3
15 23
16 1
16 15
16 20
17 23
18 14
18 20
18 24
19 11
19 13
19 17
19 19
20 4
20 6
20 17
20 19
21 10
21 18
21 20
22 4
22 10
22 18
23 0
23 5
24 6
24 11
24 17
24
7
33
37
13
43
0
4
42
39
17
56
41
58
22
30
44
5
6
59
29
2
10
40
8
53
49
34
57
21
35
55
23
46
38
47
50
28
3
48
1
26
36
32
52
14
54
27
19
25
15
45
51
9
11
18
31
16
20
12
-522
890
-528
-382
-458
153
86
182
64
165
-143
461
290
434
-64
-446
124
96
-355
254
252
263
-227
86
180
-88
-354
195
68
-172
-361
-513
-173
-16
116
3
9
-90
180
-325
380
104
81
-158
-50
-709
-243
-83
19
452
-164
199
556
283
-152
605
-49
843
-826
-265
-49
-39
627
-223
-166
235
57
212
320
158
-528
-9
326
79
-93
-47
-203
-304
-561
512
-109
-36
381
-674
-25
-103
-48
-296
228
362
-543
-260
194
-395
46
132
87
-659
226
-12
191
234
209
595
-202
-279
286
-421
503
-391
83
-121
-578
-266
227
57
54
-166
-367
-158
334
246
189
17
764
55
-762
-349
80
298
545
130
97
-53
-138
-45
136
-89
-126
38
-476
210
-138
339
-459
13
-250
-29
471
-331
336
-144
81
-607
-149
-567
140
368
-41
-243
131
283
305
-254
-224
7
352
14
-29
-421
167
-151
-525
311
335
8
-273
211
79
-1
-2
-127
-92
-429
199
-477
319
135
-159
99
433
59
138
393
-92
-417
135
194
574
-277
536
-30
675
302
125
-323
8
-578
879
344
13
294
-272
233
-78
372
-246
41
222
86
-356
-248
-16
46
336
208
-110
287
-434
-375
86
-23
-334
290
220
167
-80
505
-230
-701
654
-122
335
123
-36
15
-505
-184
-332
169
400
536
-89
-171
-243
137
-112
-618
-225
193
-15
-959
-107
-820
656
301
-21
-221
-235
154
140
-332
-115
347
-432
-174
-53
515
195
467
129
31
385
-234
-270
-292
-415
-263
-135
81
68
-240
-130
-102
-231
-188
-109
-214
21
-239
132
18
-266
-424
49
-341
-219
382
487
-263
178
-45
534
28
-260
-157
85
73
-323
-210
278
559
-174
498
-390
158
-268
193
-1027
-247
-194
11
-71
344
81
-709
-518
451
-240
209
-207
257
-221
244
-676
279
305
-321
-167
50
634
431
209
149
333
273
-709
217
-43
-328
-123
-5
410
11
-325
429
-210
-937
183
294
372
-22
-651
-215
446
263
-213
117
-55
230
70
-379
-586
-15
127
-521
-277
-153
47
-364
-208
-259
184
223
-210
96
200
-435
-120
-266
-451
191
-492
-239
513
-4
-21
250
198
144
573
46
215
5
284
195
310
-399
-43
-41
-37
118
549
545
12
-198
-226
330
-22
-487
-118
132
600
196
-606
-26
-215
62
343
152
-718
-315
463
59
-142
571
-35
554
-584
-254
-645
211
-249
320
-559
178
128
-319
165
501
71
68
-224
509
650
-77
826
237
-374
329
213
-245
184
-34
-552
-224
-398
162
-78
-83
527
123
95
138
-171
-64
654
-5
248
-419
400
-257
-844
-103
-92
24
212
-620
-415
227
-287
505
-117
-556
72
418
-220
-174
128
22
21
235
-244
207
717
308
-166
-507
-171
-227
381
292
-331
11
-287
278
238
424
-454
-176
120
222
130
-196
262
-306
-570
-112
-25
63
-80
489
-204
-198
512
-133
133
115
-140
663
799
-445
255
285
-42
67
337
-231
-398
13
-479
-77
225
329
-444
89
265
-181
89
24
-311
50
-186
-547
580
72
-11
458
456
89
-96
121
123
-218
159
188
-467
41
-1
146
424
111
124
109
238
-450
-156
-26
53
-590
162
99
-223
373
125
-713
407
20
-108
-194
-303
-667
100
116
-260
266
-28
88
-267
124
267
-21
155
79
238
618
442
68
396
430
113
-54
94
-214
-202
-210
-269
-53
243
62
10
-463
-151
-303
-452
-409
50
-403
-297
-33
-674
166
-41
600
-105
298
435
-45
182
-302
41
428
162
-189
-364
-58
-17
-173
524
497
447
-79
-54
-107
-99
254
-160
262
393
-402
242
423
171
303
-118
-603
134
-271
157
211
-445
-84
165
303
-140
39
-429
152
511
-92
244
-33
469
190
-165
-351
273
-80
-124
387
-189
457
-146
-245
552
-716
-377
-416
-355
-198
-173
-31
-97
-412
54
179
-417
808
-162
424
-369
103
38
-31
-212
-345
28
525
34
237
589
279
-89
477
381
360
-112
439
-137
770
-412
-73
-49
-278
-245
224
-59
192
54
-266
-96
-46
125
491
185
245
147
-393
-674
-89
-551
237
-420
159
117
-220
-25
-590
-199
-255
7
-268
-276
-486
-92
-530
497
-390
-321
-505
230
833
810
-136
-394
69
56
156
-256
20
153
-120
-558
508
-87
136
114
94
-357
-335
316
69
-68
106
-52
281
451
129
212
-279
64
85
-176
235
112
282
-298
-412
137
58
-168
45
14
-74
93
52
110
-148
88
293
-116
-87
-86
597
-365
356
-100
180
130
213
220
493
-72
2
-286
361
-494
-714
27
-131
314
482
176
-597
255
71
25
49
4
207
-99
25
173
1
-546
-167
446
334
-25
298
-230
-249
1
-625
384
-339
-450
-164
420
500
-368
347
-180
295
-449
118
76
-279
-158
360
-238
-597
173
-944
-55
470
-49
531
242
-473
315
-126
-312
441
268
-841
149
-2
-242
-143
-170
39
128
-208
-212
359
47
-74
-301
-494
177
689
-154
-345
505
1
273
270
-217
-62
366
640
-126
178
53
-535
120
267
-439
668
483
-370
-141
57
-60
458
378
-1080
-27
-409
-8
-381
-147
-77
-512
-459
-51
-331
-12
269
513
-350
708
-398
-72
332
-126
-67
-775
409
-592
-364
-23
-422
1
-459
393
219
-623
-290
348
311
236
0
-116
858
-301
-121
-146
-16
-35
-54
-696
-40
555
-291
-429
-90
228
-135
-237
506
350
-363
227
-257
153
21
120
-64
-81
498
297
142
-347
-496
264
184
418
-186
526
-303
-530
-59
-88
212
-56
95
203
784
328
116
-101
-238
137
-397
-146
-64
347
113
-361
-34
339
-876
-139
233
814
159
135
418
535
-159
-496
122
220
-99
-535
-425
432
120
208
-139
-106
144
317
540
-327
1029
-337
88
385
-242
140
-117
176
47
434
2
-303
264
521
290
149
40
445
-170
-847
-21
79
195
-67
-133
280
382
-328
-586
408
-175
-541
481
-219
49
-130
-403
359
15
-243
308
72
-60
393
-207
105
222
-10
168
-352
-24
-39
580
484
-441
-718
-77
321
-512
-172
326
536
358
-520
471
-212
-553
156
-126
233
-74
453
1075
309
-402
-325
-267
-467
133
-34
598
-620
-138
38
98
-244
-127
-54
-71
3
-4
-386
-2
-41
-171
238
225
-261
394
97
-183
178
-370
891
43
-51
-472
346
106
600
553
473
104
-126
189
386
60
187
144
-109
228
662
225
-631
151
366
215
-201
-416
10
-84
-302
-181
636
808
349
-433
666
-311
3
452
-67
258
97
-104
-196
356
-278
-389
107
396
720
134
377
320
-107
667
109
628
-907
-105
-716
310
249
370
-359
127
-74
201
564
94
41
-552
-38
-426
77
-1
-230
268
-325
494
450
-332
81
-147
-225
283
-440
-447
140
-9
135
-125
172
-605
-266
32
276
78
-106
-102
-122
457
337
191
44
-739
222
598
-457
-305
-481
128
-989
190
-316
-299
280
-560
356
395
-463
157
-61
-119
-7
-107
61
285
-373
-8
164
-145
-471
-436
244
-476
-145
205
338
35
51
91
-15
102
238
515
96
-379
-238
411
139
-558
-378
389
-210
326
323
382
15
-84
96
-215
395
-34
-55
484
129
29
475
-222
-403
360
-251
74
168
100
149
72
-84
91
-40
-168
-739
-395
-550
286
-89
60
293
87
58
-192
135
-558
-335
324
-335
353
345
-126
-132
-186
146
781
-26
-54
22
31
-231
422
-311
551
-117
-129
143
-629
-138
361
-48
-181
431
-124
-434
39
664
-108
-54
-296
-103
77
319
-92
-250
-117
128
0
-265
562
95
104
-207
273
682
-613
-462
809
-604
74
154
-121
179
-396
516
144
375
-441
-520
473
566
-229
379
270
-458
149
-97
-157
32
100
-339
534
-238
185
53
100
316
92
-44
-177
626
31
-239
-390
-42
85
108
256
-142
-571
292
400
71
-166
-340
-303
700
-211
8
-121
-136
132
-499
-801
51
-39
345
303
-676
-211
-89
-269
-164
-282
469
319
-113
-214
-559
344
-233
-381
392
54
-348
-131
-540
-245
-58
502
-1
-319
182
129
-61
-25
390
-507
-270
-3
-88
220
-45
68
313
513
382
-172
-204
5
-451
31
-283
484
128
-227
118
139
-121
10
218
-237
52
796
276
53
-42
243
-50
326
-422
-251
168
61
58
241
-424
-292
36
562
10
-61
298
177
-918
123
-175
371
-83
-568
12
89
51
25
383
413
-242
446
-416
-237
140
110
187
-505
14
-235
-107
422
325
139
99
502
141
200
-68
276
91
491
152
250
-699
-346
530
199
-78
-240
-255
4
403
-69
-19
-79
41
-5
-54
-198
442
-169
151
5
350
348
72
-176
-94
-282
943
149
88
-65
-275
3
385
621
-266
662
-99
-487
-512
114
82
-122
-47
32
195
-51
-72
250
35
-892
-399
535
-370
-21
63
893
54
-319
66
-340
-177
390
-341
273
21
-56
316
-114
271
-569
354
-86
254
-107
280
43
-55
558
25
-149
-212
112
-767
-410
34
130
245
14
-533
-212
-432
484
59
-326
-72
188
-604
-220
393
-609
-958
391
-328
-591
312
482
494
-230
92
-591
-29
254
-7
-119
-250
179
43
100
-50
24
293
73
-470
227
130
-283
219
549
-303
391
-180
-193
-136
-210
81
172
-798
229
94
55
136
-25
226
-309
127
215
-177
-26
624
375
140
237
386
-519
7
-412
-7
-97
226
188
141
-602
489
-323
-79
-268
-275
589
880
-359
163
-397
161
-136
-358
-421
334
-513
106
-160
566
634
39
156
139
187
350
32
-266
-74
312
-531
407
566
529
44
-8
561
712
414
-507
-184
-482
244
-144
-39
116
213
150
435
608
551
-349
-58
-107
-617
855
-495
-34
-211
172
-49
129
-254
109
-248
-145
-159
42
-119
-228
233
615
327
164
125
28
105
-61
-419
-89
-411
-48
-375
-7
-250
308
551
515
207
-424
396
-304
-497
-357
151
-164
115
-171
508
334
208
649
-291
343
-262
-159
357
613
3
-370
415
-509
-963
-451
-200
326
-50
442
-308
-124
357
-334
-258
259
12
-88
0
470
31
-373
-576
213
196
-658
-374
-24
-237
148
-356
-226
-286
818
-162
-26
-158
-60
34
-260
-118
-24
131
-723
-402
147
383
177
-293
3
-603
263
-115
-106
-208
-1073
291
-180
318
-283
-27
212
-20
-305
643
-168
-51
8
-156
184
-92
-284
-342
22
455
490
-91
301
-681
12
56
127
-9
458
-167
332
18
520
104
-38
-485
8
-270
136
-444
5
150
-111
22
163
519
-214
212
137
-57
14
-432
-188
-129
-126
-206
429
872
-558
208
-144
292
52
272
-53
380
16
-336
-82
59
180
-66
-105
-98
107
-211
232
129
219
24
-56
-512
200
6
716
-486
338
-148
60
53
-169
-43
102
432
382
404
-48
-224
-523
588
21
30
329
-46
-723
379
-168
-485
225
-231
-731
305
-241
334
-246
180
-189
-274
-561
231
-929
-366
-575
48
815
-651
260
-174
84
-326
668
-150
-88
17
42
-5
43
448
-532
-255
-372
-127
-43
443
-236
-209
353
513
-298
36
-344
-326
-115
19
494
-215
-175
-144
-853
-415
30
261
-119
-148
-259
-235
-108
-52
-521
9
-380
-226
174
14
188
-114
580
631
199
344
-44
-269
35
106
-13
-153
-197
543
-350
630
-418
132
29
-56
210
316
-321
149
292
186
-186
405
-362
121
-154
97
580
-57
113
-131
-102
-162
626
-27
-448
246
-70
-322
379
-458
32
-257
-126
33
-323
220
394
-498
-545
-260
-125
175
-212
543
219
-318
-320
-196
124
-225
-206
-149
68
-153
365
27
92
29
62
339
243
-136
259
74
-450
158
-136
221
-151
-86
-49
-86
-222
231
-47
275
283
-88
508
336
491
-266
-26
72
-18
185
-114
-412
190
259
125
78
-176
-278
-72
-181
-355
88
-253
97
-232
356
583
-50
92
150
188
-311
-94
-102
-102
488
-221
341
-62
-373
-580
-303
-563
-221
166
55
-449
246
237
47
153
-103
142
-167
-370
489
-50
-111
-134
-357
45
-161
-297
-406
162
359
146
-247
-249
359
-584
-171
527
134
-102
-1033
118
156
-435
36
74
-107
-95
121
115
709
-346
-514
-130
-264
-79
321
394
-276
0
315
-19
-30
-280
143
-102
-561
-126
470
-245
543
-91
-302
409
-538
321
424
-791
132
-136
768
453
36
345
888
-55
-244
247
30
-232
187
167
-537
-181
-258
-150
-299
-359
191
278
-557
59
599
83
383
-13
-276
146
25
-162
1
905
319
-98
-18
75
-71
119
698
-294
-440
-671
-87
-588
662
224
-29
135
360
21
-227
295
523
230
-133
-903
117
834
-97
352
-68
314
-200
-130
-470
94
515
-404
-307
100
-361
-258
-261
14
-203
434
-4
490
-158
140
625
-47
-567
441
-49
42
-133
146
-144
25
35
-13
229
155
542
-239
-93
1
-245
169
-321
-133
141
-292
445
45
38
343
317
-131
19
162
650
300
-361
171
73
41
2
208
-288
-222
197
530
-107
-720
-98
115
-366
539
-150
-262
-36
-272
-304
-273
124
-16
119
252
268
87
774
-219
-115
-44
-4
-1
363
-251
-131
53
68
651
-26
-34
80
152
-216
-154
-92
151
219
-535
378
134
497
68
-742
-145
1023
53
-91
317
-41
-482
83
495
-37
278
150
-116
-626
-272
-427
-176
-81
-181
-80
-224
287
-228
147
-359
-121
132
-7
248
21
-19
98
349
-414
-466
490
166
-456
70
-350
558
192
96
275
-213
-222
-922
-323
423
-243
21
134
79
72
-231
-820
103
-46
-309
881
-400
245
11
-135
69
773
483
178
-278
221
667
594
648
259
-350
109
72
583
497
438
-64
-250
490
66
-603
-82
-590
64
360
-117
311
1118
-16
229
-184
31
594
303
336
560
-164
-392
130
-324
249
38
-316
535
-86
-11
-224
-190
-107
-109
168
-338
-357
-524
400
-224
398
486
327
-6
-454
295
-205
71
195
161
-513
91
-587
159
-243
-20
413
-150
-213
-447
-62
157
338
120
404
-341
259
-290
-202
365
-149
-210
669
25
266
-327
-309
206
-234
-141
77
-159
438
272
167
1110
-1062
-3
-132
244
-29
0
-300
418
725
540
-3
307
258
105
-217
337
255
292
632
536
147
-220
248
274
474
763
-23
709
352
484
369
-517
131
259
-19
242
461
522
-446
-9
-612
357
-322
-221
102
654
376
-21
-353
342
155
58
-555
-189
-363
-151
-30
-181
-42
241
410
-466
-223
-497
187
553
-254
142
-245
254
15
348
122
227
43
20
-406
444
313
201
-241
-20
-393
-219
149
53
-107
-41
-124
-240
-279
-195
-166
-243
512
60
522
503
-389
-192
-158
168
-290
-28
19
-136
614
-201
-92
379
158
-956
93
-272
6
73
-365
185
173
357
-37
402
411
-72
88
295
-120
-368
132
-68
140
10
-374
-33
-284
84
269
-265
-4
-252
40
-521
50
149
329
71
-309
-134
282
135
375
192
-66
-39
-29
15
-131
-84
446
372
-408
499
-663
-14
60
-111
197
-351
-214
86
-261
111
-160
267
-306
-261
-200
471
83
255
589
151
-257
-234
27
-232
81
63
206
524
339
-248
-13
-526
231
-139
-210
-158
-71
-234
35
57
-121
176
595
136
-488
33
188
-271
-25
453
746
-153
-285
489
122
-276
592
-604
-328
-18
-197
-21
394
274
-735
-485
-641
-377
166
-679
-163
-197
44
-135
-405
840
-90
-202
250
-306
-53
-146
-552
-169
221
-267
277
-250
254
-362
182
252
-39
169
364
304
-112
-546
-186
-155
-205
206
240
188
374
-89
199
-89
-292
-21
366
809
-132
245
164
77
-112
471
-271
231
190
486
-125
-274
223
-53
-798
458
187
29
117
-114
263
554
-354
-281
-44
324
-124
-128
510
-841
886
578
-128
95
-140
82
230
-264
443
-169
-130
-192
-784
-189
-417
-12
275
-7
-297
169
245
-135
487
-19
753
-158
-15
-16
-231
-605
23
-221
-319
318
-256
-272
103
-652
-226
-176
-26
-387
258
-303
-12
160
277
50
-500
-22
567
148
248
-354
511
627
100
-54
-333
351
137
807
-204
665
306
-346
37
643
-501
97
339
-64
-617
165
281
94
-133
20
159
208
168
179
-72
227
1072
357
-111
487
-252
-249
102
336
191
-206
0
482
231
-635
-234
-102
338
-83
-468
-210
-96
-208
151
-201
404
-62
287
518
130
-910
284
72
277
-467
-97
-252
-122
172
364
41
-12
-495
578
-500
218
136
331
49
-313
421
-306
301
381
51
372
232
307
-25
263
686
-299
-21
-307
97
177
-16
-41
136
-161
4
273
487
-409
720
-380
16
436
173
188
-245
373
-244
-335
-283
92
320
297
27
-253
244
200
-350
-212
-212
66
-600
530
162
-191
412
-325
167
348
-424
36
185
-70
604
193
913
75
1
106
-100
-183
-158
165
482
385
-455
-438
-194
-752
585
-331
156
336
324
-102
-187
393
-143
20
642
-34
-223
-353
89
-143
-579
47
-187
195
-42
-30
-402
328
-54
360
-57
-12
126
-80
494
94
151
-19
-97
351
-819
-121
-123
-269
-75
-793
616
-126
-140
-210
-659
-202
1
-56
-228
-163
-352
-406
275
-8
-681
309
166
-105
-200
-110
588
-6
-444
-282
-205
-556
176
396
-397
154
31
-39
69
-232
-184
298
-189
29
-265
-40
22
297
-416
-7
263
162
501
-91
328
247
-295
538
546
400
167
564
127
126
700
51
418
-200
-296
-52
676
45
519
303
115
88
-317
-759
234
232
171
200
-243
228
-431
-495
522
-112
31
-584
-291
275
-371
186
156
317
-578
-291
-371
-101
424
361
202
-172
254
-235
173
50
181
-289
17
500
-118
213
-128
197
-301
197
-485
568
137
-572
573
-117
-621
-558
-382
774
-51
-186
39
296
-426
161
-419
-296
344
-75
409
11
4
-125
-687
-454
-250
-160
-356
-86
324
132
189
269
-230
-75
77
-614
239
-52
8
-333
-47
166
-439
337
-247
-804
110
45
53
-251
-167
540
75
394
-77
-190
-432
401
151
-136
389
-520
40
-173
-99
379
-551
-373
-288
-157
222
-550
60
13
-107
-167
247
54
304
-213
275
134
-325
-117
64
133
-401
18
155
-608
359
643
572
23
-79
109
-52
76
-85
-529
41
-778
474
-293
23
230
573
-82
-211
204
-591
305
57
476
35
307
77
340
-19
-9
330
316
-78
449
-357
288
-61
89
483
-111
116
354
-244
-506
-264
-111
301
-517
-81
-485
-106
-90
-326
-282
332
15
-235
295
-505
-462
-206
266
434
-232
-1
-405
-116
244
185
-371
458
75
471
-83
-475
361
-314
-360
283
11
-274
208
75
-117
-87
-629
71
-291
130
482
-29
-32
222
404
-485
-697
-187
-50
140
-83
723
546
-276
-349
120
-8
-217
294
-488
77
-88
157
300
537
-220
109
-87
-346
16
-265
232
436
-855
-809
-110
-88
649
-412
492
-172
46
-345
241
561
39
654
307
127
350
114
29
302
-118
-432
216
161
192
-355
258
-196
7
386
132
-340
-76
-189
556
151
-431
-405
-146
503
149
-467
-144
98
-371
539
365
-39
-112
-325
-201
-421
-533
235
154
-359
42
-769
124
-716
-559
-293
-6
-135
43
-607
-133
595
110
-77
21
350
33
597
-49
156
323
-300
386
-244
-248
-19
74
163
-18
-26
184
47
-317
-160
-248
555
-13
940
318
-570
-133
183
632
173
203
-69
-51
-111
-241
144
-452
-444
-168
274
249
310
8
-513
-408
18
117
-442
194
222
161
120
-161
3
160
65
129
-142
-221
-60
-169
62
75
127
-830
322
-126
225
-87
133
-87
219
-93
440
55
300
594
-547
-301
-168
-224
55
462
-538
103
336
348
411
194
-204
85
-126
-595
38
544
128
-143
-654
212
65
-266
-424
-203
-442
-808
22
274
20
-104
-633
-84
-535
-263
-140
-104
-482
59
-204
161
87
475
-140
-159
-96
665
-436
-192
126
83
271
123
78
-708
-54
9
162
-301
106
196
-81
18
-93
6
439
-488
-524
-127
119
120
485
-106
214
400
75
-662
17
335
161
-204
-237
-474
187
-442
328
-10
259
-315
-213
-61
633
104
452
-248
318
81
-17
480
-314
239
-371
-261
120
-482
-396
161
-514
-176
309
-442
-354
-173
-164
-240
-198
-340
7
197
48
412
-19
-68
-40
39
561
-297
386
-223
246
-122
-153
420
4
158
-48
-570
210
-82
-338
479
-89
-51
-332
515
-316
55
479
-201
-255
-27
-95
-160
1
409
-91
461
235
-357
-195
266
44
-382
162
215
-303
149
-158
11
-120
0
-843
143
-314
242
391
-461
-35
37
129
106
83
-317
113
104
487
17
37
53
550
266
-72
-7
328
13
122
273
121
457
-428
-171
36
405
429
-86
350
567
-411
224
-383
-446
100
-357
364
133
-73
-13
-40
-280
182
-759
497
12
-140
77
-20
225
-194
165
-278
306
-425
-96
12
-192
-13
297
8
1006
-497
239
-19
-296
218
-693
367
-68
-124
-407
-81
-44
489
-155
-577
-263
-403
156
41
-214
260
163
266
-228
20
495
-432
164
-367
434
130
-17
-469
-315
-714
-429
699
163
139
-147
-73
-465
135
151
550
39
-461
-191
-161
-132
58
397
-24
258
-303
-163
141
5
328
108
-359
-396
-554
539
-31
-871
659
-355
-254
-68
-49
-382
208
-203
-59
95
-342
-392
94
20
247
-228
-28
306
323
-43
62
-336
343
-346
247
307
-126
-232
106
-4
-22
461
130
-211
-625
468
-38
32
-26
381
-176
-444
-215
471
165
-111
-210
212
-86
393
-131
-528
-199
-38
-85
416
384
89
-91
-290
-468
265
-143
-369
103
545
-276
6
-174
334
-255
369
-53
162
-445
-105
-373
132
-32
-207
381
-64
56
212
128
18
-163
572
-676
231
119
-181
-502
75
-120
121
-26
-137
392
71
-226
115
338
-524
381
-450
-265
169
-156
45
-146
236
433
-436
227
52
12
429
-140
-92
-118
111
3
-252
-746
267
-340
-3
459
-396
0
-370
-59
-471
-297
211
-366
-568
6
-450
-220
-6
-51
-187
404
-102
-757
563
-370
804
557
-77
-346
-140
-153
56
-158
235
35
-90
125
214
-209
600
-84
137
412
211
66
-423
-66
-228
298
-528
-69
116
305
32
-347
125
46
147
473
-557
-533
-181
-160
-447
-552
-270
540
94
221
662
-16
604
-235
446
-194
-117
412
-148
-367
483
-548
-31
-157
143
27
-585
-137
67
-72
-92
-85
-1
-288
-136
-551
-93
-408
-106
186
-165
398
-870
-232
-240
-83
-117
321
-86
-55
-442
346
147
-100
-215
562
179
-174
178
356
-383
71
-16
403
-8
41
483
-131
108
-223
-193
262
-219
110
349
-350
150
-270
-287
233
153
-451
192
235
-615
-279
7
428
-248
31
-18
-12
140
-236
-294
12
-27
424
619
54
102
513
344
-285
322
-13
232
-339
782
207
-32
180
-297
81
437
-445
123
261
270
-65
235
212
-275
-73
234
837
183
888
36
96
98
369
84
407
-416
493
157
-319
-285
-92
407
309
644
-956
108
54
123
245
21
-294
-116
-469
100
273
226
52
117
-373
-587
-28
-340
-418
65
186
-189
-36
126
12
144
101
205
-486
17
-5
103
-116
-437
-246
-605
292
230
428
-590
-158
495
-409
-4
-11
147
-26
416
91
-34
-61
-937
798
-135
-282
95
51
-150
340
103
-185
-919
84
190
-267
-153
-328
433
-509
-263
105
-530
-409
129
80
128
-240
442
263
-405
-367
-171
-109
120
-24
491
667
-284
284
129
669
-10
-499
226
25
-417
-106
67
-379
336
214
-77
31
-95
385
86
-314
143
168
-366
702
506
260
-109
104
386
-426
-176
52
163
205
-52
126
-253
134
193
-527
363
-919
-68
-196
98
141
-118
326
-273
541
328
-239
497
-87
173
491
322
86
-287
-458
-228
-470
-221
-482
387
386
-7
-423
475
-58
14
300
-386
-663
-84
61
-250
-95
-95
-216
-262
152
185
418
-145
-314
-208
235
105
617
69
149
536
-176
66
230
171
446
400
226
-561
-136
-502
319
249
18
-427
650
-589
-392
686
93
-412
792
103
216
-309
-471
322
608
548
-8
236
-156
143
990
305
126
100
-1
300
-166
150
284
423
-167
99
-901
-231
-127
839
428
-186
-310
72
503
46
-134
438
540
203
149
195
-279
-284
-23
-285
-19
-309
75
264
119
112
-104
163
154
456
191
269
123
522
254
480
-956
699
-43
231
64
-23
-89
-37
-129
-250
97
255
302
-236
-488
-317
-81
243
-486
-209
-290
-416
-15
485
516
108
-34
-223
-33
-1
53
-15
-34
141
-234
-262
-219
-233
-905
319
519
142
386
-219
120
301
186
221
269
57
-285
-230
22
-99
-77
-62
131
-190
155
59
0
-77
-395
-663
-628
-55
-36
332
167
0
-623
-322
-41
-74
-184
445
-734
-172
-750
263
45
426
-420
414
195
97
-105
488
-149
-297
-100
-207
276
-225
-275
-47
-115
655
724
-137
-233
307
162
-149
-4
-658
132
-52
98
174
-629
-74
-340
432
168
-11
-21
-324
-57
324
98
-77
673
357
-16
-328
529
457
-158
-68
79
-9
69
-359
-204
-233
18
335
-111
-42
-104
532
79
-244
-25
280
-106
46
135
-552
-215
-392
-372
54
312
-559
82
-97
16
-359
170
-239
132
-62
300
193
-172
771
431
-48
-174
113
247
367
-34
-119
506
-53
-9
-229
-39
294
202
568
140
-161
-683
170
482
-85
-7
-167
178
222
67
437
370
162
-155
153
-211
-121
17
-125
59
354
162
-182
-361
310
-250
-247
87
340
107
1066
-407
-1139
-736
-6
94
434
-389
-319
-366
-361
80
396
-115
-302
-298
267
430
-20
-288
294
10
519
-393
295
-429
-417
466
-663
74
812
-387
306
198
-188
114
250
333
340
828
23
260
-256
227
-383
67
-226
-64
99
-493
-486
-267
-90
-527
-188
3
-122
-141
-45
-443
-163
78
138
341
-33
-125
218
110
-169
193
52
16
-154
422
128
-58
-320
-121
-148
215
279
197
-188
-289
481
-71
314
-416
-217
311
398
-11
-112
4
-318
11
-193
-5
553
-153
105
-263
272
721
-281
214
-129
436
-205
242
412
164
497
-13
172
-282
-210
-607
-784
-12
-453
297
35
184
73
341
-70
-225
-181
79
-139
-511
172
-182
-737
286
45
223
351
-135
-268
847
48
-154
-5
-22
-505
207
-615
67
26
281
126
-131
-383
-106
515
93
261
479
-341
-155
428
173
-299
239
-331
87
-207
-190
116
266
-430
208
10
423
118
-327
-106
88
145
226
-207
-167
305
-496
-666
-38
-899
-119
100
-48
-161
-150
-325
78
-330
189
-278
725
-464
-14
346
-104
178
-211
-425
-383
-534
-404
51
-49
243
71
-99
147
182
401
-571
164
201
-66
-111
13
-179
-811
-222
54
291
-38
-172
313
207
-309
-482
-119
82
247
-40
-178
108
-263
119
-285
334
-155
-36
-307
291
-124
-177
-36
-251
225
-435
108
50
-12
-540
-506
21
-334
-383
136
-282
1
-19
-381
797
-430
-308
145
181
-353
-338
110
113
-184
362
-89
518
-172
184
-370
-56
-42
82
-13
736
-448
770
405
395
-291
-33
93
-65
-130
-14
-488
-279
387
-325
225
-178
514
-122
-184
-391
-551
-102
436
262
-91
-153
12
615
434
-421
-452
216
-280
37
40
779
245
746
-684
265
-419
-323
-310
-297
419
209
527
-13
-233
-243
-79
-47
-91
-245
-51
204
-362
151
-52
-202
591
33
-246
45
186
264
-140
-73
-626
-42
158
188
-145
-108
-348
-115
-37
609
133
-259
-455
227
-178
21
-75
-86
143
132
28
570
279
-215
310
73
184
-99
96
-595
262
29
-233
-232
32
-531
511
296
51
376
-107
-13
197
45
263
87
-3
-27
378
-320
254
305
87
-237
166
-261
-145
-187
226
-351
178
-801
397
343
10
-103
68
381
22
101
-267
100
-405
28
-506
-299
-491
-319
-498
382
528
-36
-283
-127
-86
-260
-2
-199
140
-343
90
427
173
10
-84
-672
727
-85
299
-590
-551
284
-89
151
-55
-67
42
240
412
-12
425
-48
-146
-15
-120
338
6
243
-204
589
51
-22
270
442
103
369
449
81
126
-76
-159
-296
-23
74
494
423
73
-211
638
-621
-280
44
-210
72
657
-192
-254
-100
-163
-254
230
66
-98
80
136
287
298
-561
-110
-297
397
-106
161
509
24
400
-188
64
-73
-313
-11
-343
99
361
710
-501
11
63
76
434
-24
-150
-191
37
352
147
-127
-311
-367
-305
244
8
23
-109
298
148
94
105
-75
-56
-93
-149
465
-148
52
655
71
304
193
-109
-182
-539
-8
73
263
-330
-1
244
-17
799
554
247
243
-20
501
-67
-512
-26
314
-257
-566
-59
-340
-178
-304
198
-93
-680
-233
-77
135
155
-193
365
-202
282
410
164
412
465
-341
520
137
-422
9
-183
479
-331
-191
-300
113
-139
-204
407
-16
-204
303
-295
-301
93
291
-108
-267
-741
402
-80
-102
66
379
-522
-110
29
-200
-47
-253
-375
202
-246
-106
-466
-12
114
-19
257
-30
-95
-618
7
-414
182
-371
92
29
296
-28
-239
92
-285
-356
410
-222
-17
-297
74
-417
-150
42
110
-509
-31
87
196
-361
-41
-120
-219
-41
30
303
51
-127
49
-432
222
152
266
-335
134
403
-251
4
128
-45
-73
436
545
103
-392
-72
159
224
305
339
-238
-782
-243
-90
513
-177
-361
-223
486
-13
-454
100
-488
-400
535
136
233
-240
229
-195
-120
510
556
-223
310
-29
424
72
324
59
257
194
-71
-335
330
302
-16
67
-70
-122
-281
345
-171
438
-204
-292
99
287
-298
-250
356
266
237
7
45
120
-99
83
-317
60
-396
-241
-524
246
-302
-162
20
-159
608
639
44
492
67
147
-460
-354
3
-153
-75
-117
-362
480
236
-339
176
-615
-223
-56
-574
358
-586
-287
205
123
78
291
462
-327
-284
-126
101
-159
-384
417
272
-82
-617
-443
290
976
69
193
4
-220
-120
-619
424
-375
169
168
469
-65
-140
70
-419
307
41
20
84
-428
313
-118
-140
378
787
-175
-345
319
148
-32
-177
-434
-241
-40
-62
-180
763
144
-265
172
-383
-530
645
415
-144
390
-365
-243
-389
261
-381
-758
242
-805
-244
-349
-350
-115
-750
16
567
-92
-661
-94
128
159
-44
143
-49
458
-147
-81
199
-139
-86
-26
91
410
472
-18
940
-41
-625
-164
-384
560
172
480
-253
-55
223
-61
-110
367
52
231
434
178
-318
56
775
579
475
-681
58
-381
21
447
-549
293
92
-291
199
-176
597
-315
535
-135
182
296
121
42
175
-349
126
-172
-170
609
470
494
-75
-171
-13
111
400
-130
-62
-302
-498
-116
408
-179
-510
210
332
-258
151
239
58
-100
38
20
81
-401
-87
-104
-32
-325
30
297
-591
-307
110
327
364
-21
121
-440
-494
87
-265
-217
161
-150
390
560
315
-52
-25
315
-568
-165
-81
279
-380
-138
-353
-235
172
23
271
209
-38
509
175
-50
704
-364
11
-38
-337
-530
-733
-33
-149
395
305
-399
-263
106
93
67
-296
-334
302
-544
-241
94
-114
-606
348
-152
-595
-376
333
-162
-182
418
148
-25
27
27
43
-297
433
-51
-136
-314
-212
545
-233
-22
-12
37
332
-613
136
-192
-366
-36
-484
-136
83
-450
8
-92
72
156
129
-274
-230
-71
-483
-420
231
366
218
-442
9
153
-127
292
37
-534
-513
156
145
-262
-664
-247
152
739
-331
-643
-62
9
-360
-339
65
98
636
-395
420
-142
407
-302
75
252
171
65
143
-542
71
-60
17
95
-262
-124
306
-109
281
-41
-67
-176
-772
54
180
310
378
196
-204
-520
-710
-755
430
54
597
-18
222
-824
-686
104
129
-619
-27
-148
-22
-61
-276
121
-170
529
-121
446
-398
-339
-136
464
389
-220
-217
133
511
-421
30
30
131
-105
19
-416
103
-48
1
-283
274
137
-43
313
-254
116
506
-215
242
-1
309
-201
-110
149
-111
-125
215
42
536
-297
-810
-222
601
370
-232
358
193
-157
-265
543
-48
169
-422
252
-59
-415
666
126
-452
-308
-482
190
-761
-343
249
-122
-602
-123
182
-133
-41
82
-239
260
219
-647
446
1030
474
-24
282
226
474
-141
-454
-317
-145
-185
287
-49
7
177
-46
21
-176
-514
509
-270
-391
97
156
4
74
50
-192
-453
167
-276
-198
23
-88
253
-533
-497
-293
-70
-45
129
95
207
95
60
257
-718
339
-438
35
-98
-271
339
17
-83
-169
-320
-48
320
363
105
64
693
78
-214
-208
-245
-95
509
-397
302
594
393
214
-178
-484
121
0
365
-113
83
204
305
410
-48
155
-407
-452
-260
169
750
-320
3
-124
79
372
69
-199
-643
83
283
99
182
-483
-102
-219
-254
-40
148
-711
12
-320
-330
284
128
-291
172
-98
170
700
130
411
19
879
144
201
184
153
-491
473
332
62
-249
-425
-610
276
66
-142
304
221
336
-428
93
441
382
86
-258
-27
-395
-299
258
138
429
146
197
557
-467
-183
397
291
316
227
-26
-3
420
155
-487
295
106
-84
-42
470
269
-397
270
-534
190
-245
527
71
189
584
-69
-141
-111
-226
-26
-20
-89
-105
-120
262
435
-365
151
204
357
-51
-71
-157
109
70
262
216
428
264
-191
468
99
-219
380
618
-183
374
-298
200
115
-737
801
375
-207
-444
-336
242
183
-123
-254
-105
75
-311
136
-391
62
437
142
-292
330
486
-551
-312
106
-426
164
-920
261
146
-186
254
-194
-102
-38
-39
610
-606
-97
45
-16
255
514
282
521
-262
-103
146
-180
-243
313
115
525
94
234
106
-90
-61
194
-296
-518
-99
-112
295
752
-6
43
-379
-27
68
71
-354
-196
21
465
583
-140
-287
-547
-253
156
-286
-9
-159
505
-72
-22
330
4
-389
412
-499
-371
261
-10
-104
495
116
425
-284
647
180
-409
-165
503
-22
499
182
-311
-707
244
-70
-244
-346
481
-416
477
-618
251
437
-38
353
-130
-94
43
180
211
190
-223
5
263
4
-3
-506
385
959
-254
87
160
-212
160
-71
185
321
72
222
287
692
-651
-160
-126
348
-124
-179
-146
-490
333
-61
-591
-346
-850
-111
-75
-133
-178
-284
101
-50
-74
-208
17
297
-342
-194
180
-10
452
-278
-622
325
83
-61
-118
180
103
-581
-133
280
-165
27
110
-287
254
-148
-110
105
0
-453
383
-52
109
-32
333
-427
-96
386
-275
-103
-482
-54
40
54
-496
-20
656
307
-5
505
0
107
208
-174
532
24
-335
-35
458
-23
-526
392
-155
-228
125
-221
-466
365
100
-66
-459
-605
244
-146
-406
47
-318
-238
184
448
14
-627
429
81
337
-583
153
18
586
-130
-295
-89
558
-157
-102
-131
-243
-174
-497
65
-168
-560
-59
-293
26
517
-285
-80
-165
235
294
429
401
40
78
-21
-646
259
94
244
97
315
198
286
78
-149
-204
582
220
-81
16
-271
934
-42
-469
-310
-631
267
110
-60
156
34
653
-451
107
-279
-75
-307
-353
334
271
-395
-189
8
63
-184
116
346
241
224
-252
347
229
145
-224
182
-695
-272
116
-222
-91
-30
-80
-832
-283
-327
403
372
-422
-382
-185
22
-799
-545
114
-442
-157
-85
-83
-460
98
181
399
85
-204
-286
53
74
-417
120
-210
819
130
-181
-206
-218
344
233
-111
465
263
-42
77
263
387
733
434
9
189
-189
-534
-319
781
403
-284
25
-448
-508
-149
-153
240
-400
215
274
-139
-338
-259
-378
-554
573
240
-253
-749
-353
-67
547
-80
-266
367
75
-233
-198
229
-325
-99
533
205
-157
629
531
-270
-269
-273
101
-441
480
310
-405
-10
388
-328
169
133
-507
16
208
-58
-66
-770
-889
-30
-828
35
-363
213
262
838
156
379
-6
284
747
54
-209
269
46
-139
21
58
-320
134
8
-80
497
-288
122
-115
-166
-24
-175
330
170
-602
-556
-73
415
128
-146
-312
106
447
97
-108
-163
-575
69
-387
-16
-15
347
97
-380
100
-199
187
106
-742
176
-651
132
39
-234
491
-74
-170
428
586
321
93
-59
-454
-173
24
413
448
37
239
-298
371
-569
-661
-411
91
145
-35
71
-80
92
-80
168
-210
16
-424
-359
-253
119
-15
-118
-291
94
486
515
281
-274
-29
526
-452
624
221
448
-50
457
-70
-307
134
-206
-412
-126
41
359
-167
-290
-126
-130
356
-135
-275
108
158
479
-142
73
-85
16
-9
101
-308
-52
152
-527
-134
-529
83
416
-37
-125
-13
259
279
24
-226
158
328
119
-404
-685
401
-26
-231
-281
395
-5
203
282
7
280
-399
-81
-588
104
815
-290
-199
-583
-63
-57
-452
274
25
-109
185
-270
186
546
-14
-199
-190
-266
612
-64
-234
-461
371
-39
468
-10
-590
-281
139
-344
580
-765
-404
-218
356
186
-468
236
181
-84
196
-205
-350
-324
-234
566
112
32
-286
-107
-550
132
318
-56
494
-69
236
-179
-457
423
-221
66
-274
460
-313
-389
7
-358
123
506
464
-300
-127
48
292
-93
-216
20
401
167
-114
268
-108
300
375
-506
-534
-720
-164
10
-451
565
-287
-205
-609
-601
-100
453
-222
-226
-184
195
-490
-302
68
-203
-403
146
245
119
70
-208
132
-4
9
317
366
-218
396
-554
-95
-341
116
-85
-82
111
-195
362
-90
-330
-254
66
203
-367
-531
437
249
-212
503
293
64
3
73
-449
-366
-197
-548
53
-175
-252
179
277
-464
-38
37
-300
6
-74
25
320
421
23
229
-221
-70
233
139
180
-134
262
253
-519
43
421
-571
188
-6
-560
-37
303
147
-349
140
-15
-138
429
-202
-379
-627
40
-378
318
-175
-286
506
263
-108
-27
-154
605
249
-775
792
-48
-259
115
281
453
10
231
72
160
37
-254
-254
-75
-478
-184
579
9
201
325
-212
-81
-618
-448
-89
341
-27
282
-29
-532
-441
102
17
8
518
43
-319
112
234
-120
27
438
-589
502
-147
101
141
164
-190
-31
389
79
-689
-830
220
294
67
496
-294
343
345
4
-580
-12
-111
-300
-225
172
-8
-121
59
-235
386
-14
145
160
-328
-522
160
-733
91
2
404
128
62
288
285
-85
570
553
-300
-353
395
132
250
-82
-763
348
3
-18
227
583
752
-15
-151
-366
518
162
43
-107
492
130
-334
143
228
280
339
-834
655
2
-52
-107
-61
-20
236
39
-245
237
383
-178
19
-516
-330
-197
309
181
138
30
591
-702
23
232
164
-300
-205
-162
-756
-692
57
-39
-142
162
774
213
-538
26
64
-9
-431
142
-33
79
-89
75
95
-125
-93
-652
-72
-17
571
472
129
-449
-22
463
-520
302
-84
-12
-83
-409
-103
471
281
185
-786
-496
399
-99
391
110
53
-124
-572
-27
-401
-538
-271
-191
192
-194
-295
-114
84
-20
-470
268
31
1
-532
211
564
136
16
57
302
14
742
-124
548
-731
-555
-99
-19
305
-235
-478
173
-195
608
-176
-271
652
-273
-188
2
155
-214
367
10
-440
-57
95
-87
318
526
405
-203
279
-198
31
330
-468
450
372
282
-430
-28
722
-141
-526
590
-72
-198
-61
-129
-377
323
-154
-465
-1232
-339
-447
-9
-63
-257
384
-101
-162
110
-2
-657
354
-178
-21
172
428
-271
196
313
-566
-228
138
547
-511
-120
-260
-111
-447
798
71
29
91
-214
-492
-73
182
236
49
-186
-65
-251
-270
29
-158
276
-323
-584
216
449
-419
-154
-287
391
-266
549
-560
-429
214
-179
-64
114
-481
262
363
-125
135
82
-60
-380
96
-219
217
-197
-309
385
-192
-422
-258
359
-236
375
255
180
-561
6
-176
287
-176
-391
-391
-77
-344
-270
-253
-209
-366
154
-259
52
217
-78
134
208
604
16
-110
245
220
830
423
-819
267
180
368
134
-757
36
107
-282
-303
245
240
407
-57
-291
-517
272
521
210
-256
363
17
-189
275
691
-566
-86
432
-378
-8
-486
-175
302
409
-39
-430
-92
137
-119
619
64
367
236
-275
415
229
-640
-139
-781
198
-226
130
-78
875
-99
-347
143
-236
-432
-54
93
254
-1
170
185
-285
-209
114
58
179
-121
-45
-91
840
109
40
162
158
180
153
99
136
83
93
-607
-558
361
212
-586
134
433
-295
75
101
704
235
-16
98
-89
33
-161
-181
-631
-583
398
50
-138
565
-130
503
124
-228
278
-154
-163
-44
-239
316
-489
-65
-83
197
58
-628
278
-796
-33
-386
-376
-129
-156
138
62
-267
326
598
-22
-36
-33
235
-29
-292
500
-335
-760
482
-432
812
-25
-138
-468
-578
478
215
263
-520
118
98
274
-365
115
-85
679
230
111
273
-185
-227
-146
378
-286
298
-512
-647
538
464
-359
-52
153
365
-219
-11
-183
-219
-255
137
-465
-164
252
-48
-168
-271
-10
218
-137
246
319
65
295
-441
-211
159
-192
-406
-9
660
-124
618
-477
517
42
-272
-481
-97
10
115
-61
652
-339
-191
-223
-513
214
286
226
-313
-433
-120
-125
-270
134
178
139
-76
621
111
-249
-265
319
-319
-608
224
-78
306
-251
-175
-72
-322
94
-569
446
109
-150
163
245
-480
499
-447
-15
-440
549
-212
129
350
-503
-108
115
14
-716
278
74
-443
-338
-225
80
-556
116
-457
254
81
-165
505
1089
542
-799
-460
394
112
39
-234
-84
-187
-287
56
265
-303
226
-128
227
136
229
-257
-62
-289
-218
-659
-11
-175
113
286
-400
-163
69
-4
-74
-150
501
48
364
-105
-73
-575
-47
-646
289
-685
-536
481
294
-544
-42
-314
-255
-43
-311
342
-421
41
-248
-93
-358
576
218
267
-74
-469
68
101
-106
65
114
-112
713
229
-401
228
-147
193
-30
-793
-122
-86
-301
-22
26
-598
522
690
114
-50
-72
-672
-435
-215
251
833
-323
288
-605
194
464
-100
-211
-188
-246
5
228
341
-213
-270
312
-266
-391
-52
172
70
81
348
-146
75
-277
-496
308
-425
-47
731
192
358
383
494
-3
124
621
121
-141
-432
10
-324
544
158
-531
-341
-68
-76
-44
-286
-226
-182
-89
-486
-492
225
175
43
-261
-250
-832
-138
-23
379
-35
-519
137
-238
262
215
340
1109
298
-198
382
763
-179
102
-373
-48
72
-137
25
561
103
-239
-251
120
-260
255
424
-148
-94
-54
-647
-19
32
-172
338
-261
-205
367
69
724
-452
-293
494
673
-257
-117
65
-511
274
284
-526
-415
-307
-772
6
-58
68
119
-5
220
-36
120
-186
70
154
-470
-275
-55
-422
128
213
-224
192
283
-338
-376
-104
-113
-58
22
-350
181
0
3
-256
-297
377
489
-37
211
266
-129
296
-497
255
379
918
158
86
196
-736
-45
-177
-416
432
68
106
-271
-327
-394
268
-291
504
-268
344
254
110
234
303
-555
-116
-86
-331
-470
-188
183
205
231
-236
-299
234
-325
627
-239
176
-259
282
-95
-351
-154
125
-257
-99
-486
106
-280
163
-191
736
37
27
40
-264
-180
-240
246
-327
109
-181
-493
656
94
-282
-89
110
404
368
304
-414
-44
-79
-174
195
-130
456
349
-158
592
463
64
-310
-176
378
-139
-254
-328
-390
-227
368
-5
-718
-104
-129
-227
-291
-414
-242
210
-54
-58
-257
-217
53
-83
-486
-320
-429
407
-127
-5
66
525
1
163
-341
-315
-13
88
8
-493
-330
-74
35
-337
668
-187
256
-60
384
247
336
-31
292
-136
620
59
436
261
-331
746
172
-684
-251
-285
199
-63
-54
55
-331
176
-283
265
43
-16
374
138
-127
765
-336
-58
869
-273
217
-482
300
-513
47
574
342
-8
-6
47
365
-209
-104
296
-345
27
-227
365
-348
-73
383
1
-82
48
-406
-476
-14
-302
223
55
-42
-784
192
-90
-64
54
453
112
183
169
-87
-353
134
180
256
324
72
-58
-395
79
366
-201
-133
57
437
-903
83
543
-179
608
-244
-458
591
-45
-185
-73
-211
-228
30
-46
337
-101
-42
-688
129
-153
138
-373
119
-78
-363
-362
480
-47
38
-17
78
-199
207
-213
320
-511
-94
-95
118
-655
-235
359
-15
158
-236
-372
414
-445
-220
747
344
30
165
-411
228
-197
117
231
75
255
159
-227
51
-218
189
139
380
366
398
394
494
-165
-61
-394
-206
212
-114
39
130
359
-103
680
404
273
-249
-562
-611
-248
159
-640
-7
-63
566
107
212
105
152
75
255
-52
-579
-234
254
-628
-469
-72
-785
-297
338
-3
-204
-376
60
-6
71
-123
-734
-67
253
155
755
201
198
236
1212
-765
598
565
74
-2
38
74
48
181
22
266
513
21
-167
492
-259
-6
289
483
139
609
-386
-413
432
-327
-428
604
-197
29
184
261
-290
128
144
-1
-182
-321
-284
14
948
369
366
-139
207
-501
80
-19
141
-450
263
-245
-373
-339
-282
-64
341
332
213
131
-71
-532
129
-76
-111
342
9
268
535
-572
150
145
357
36
-168
150
642
-411
-302
-458
74
182
-702
-243
16
-139
-104
-216
-154
-299
-164
-48
-15
-461
-671
-39
-402
-373
-60
-252
-281
-110
38
420
18
142
-30
-144
75
-81
65
-295
246
15
52
331
-200
156
38
-155
707
123
236
-57
-79
-684
145
579
-940
322
-591
-147
-282
560
-546
-84
14
324
-295
196
-70
-97
108
107
-170
-783
-50
-117
37
-71
332
166
-19
-224
85
-226
-169
-112
-571
-714
45
93
-447
79
232
642
-459
-207
258
-120
-221
358
-649
207
-257
-26
-175
705
230
406
-127
-228
111
179
-493
30
-418
-321
-110
-276
-249
457
-273
524
5
585
81
37
-325
-165
-189
104
-292
-741
-276
-249
-211
-1
317
-58
-80
-607
44
-349
313
-165
-265
-121
-445
-618
918
-107
681
-373
-566
-91
354
623
148
-59
203
-113
-410
255
234
362
-184
166
136
-237
234
224
-374
49
-619
691
606
-401
-239
382
-344
-404
-220
-194
-319
10
294
-310
-349
410
231
13
58
140
-288
-1051
286
-374
-3
211
227
160
531
291
65
276
90
687
97
-86
182
704
85
-13
-339
281
-606
-92
382
-28
-341
154
423
-33
150
217
-67
299
-480
-340
-103
-424
0
52
-261
-559
185
-87
265
-312
210
69
-44
-24
-25
211
-123
-451
-89
180
331
-662
-553
-59
204
429
48
-25
216
215
68
630
296
-19
197
-346
154
282
384
-142
478
228
-203
-154
-69
354
-180
-259
210
-298
-435
295
-83
70
-10
46
-64
9
-161
107
13
-152
-416
129
-240
165
-327
-433
-86
172
1
-85
-519
113
203
-158
68
-133
307
-491
-111
95
396
330
-338
-589
-282
-573
-137
313
232
307
-256
-385
-86
656
161
135
-47
-188
106
-303
62
262
569
585
42
-520
16
624
482
-221
-24
645
257
73
-423
-184
-56
58
-677
-81
-193
81
412
2
503
-229
495
-63
-171
-531
326
-140
240
603
-372
-35
-52
611
205
-221
-103
-118
93
796
157
21
9
301
206
-296
283
-422
106
-161
-474
-395
-300
-384
383
458
-175
-101
-126
209
184
141
-230
825
-435
583
239
361
-448
130
153
-167
69
16
-978
-282
23
-2
-337
16
-91
408
36
-527
-311
-141
-289
-173
-98
-98
-296
-27
65
1581
-180
595
-319
-298
533
-147
374
-317
-302
-346
-74
-21
-218
454
287
176
362
-47
582
224
-375
429
-71
196
330
-68
-132
601
-577
-179
378
-201
-50
-540
446
-233
103
-29
-612
-55
-250
-58
247
378
-132
-39
562
-232
-286
314
-237
420
-22
-158
283
-132
98
53
-36
-711
212
327
-324
-276
-64
249
-131
-108
405
-224
-244
208
-256
302
61
44
175
-310
564
-417
-574
-107
-469
542
284
436
633
295
50
-325
-295
-210
388
251
-609
51
-640
-226
-402
-97
-142
-563
136
490
638
348
-31
-59
-98
-709
133
-324
341
-37
94
-169
-230
-220
2
648
55
135
-50
118
75
-176
-299
559
251
260
-733
-523
375
8
-351
-181
58
-439
-305
-414
286
-551
508
147
-155
254
210
-256
83
225
7
-89
391
-380
-191
-195
268
16
-61
200
-229
26
270
-421
-270
-319
193
-591
281
-112
60
-160
130
465
208
-4
-97
61
-255
-161
-70
82
221
-341
659
-227
-104
205
454
93
166
-241
96
0
433
-56
272
320
-29
162
0
204
-271
-8
-155
103
385
-322
-216
720
477
-153
-217
291
-110
962
38
562
-281
336
417
-620
-385
-418
340
1264
115
260
174
146
472
337
185
-194
471
-93
37
30
-99
-360
-17
-344
59
419
216
-67
-690
-493
78
-93
474
-87
-70
-76
449
250
-21
11
-399
-404
173
485
14
-15
-112
-218
23
150
209
324
557
-47
-59
197
26
171
27
350
315
58
-128
399
201
-155
561
-453
-439
-194
-133
-202
-13
-51
185
323
-472
-12
148
-1
-207
-89
358
-63
-420
-99
720
67
30
464
-360
-687
191
514
-518
-340
-162
-37
-357
-458
-256
-5
224
-39
156
528
534
-8
-115
291
-69
-318
701
306
-293
-120
-108
425
63
-207
-191
440
463
-39
-239
-349
470
135
-365
457
538
404
329
318
-58
-137
-453
55
624
-225
267
305
-502
-178
-260
120
366
-181
-144
354
-3
-244
314
-157
257
-28
143
26
-34
12
-209
397
-488
221
-95
-667
-22
-75
-177
-158
-329
286
231
-225
343
235
-214
229
-44
228
-89
-102
-323
229
-192
386
-589
201
141
-1
-74
520
-114
115
-124
255
-121
-47
257
-563
-70
-10
130
227
-175
-29
-95
644
-198
-63
103
68
357
179
450
99
-599
395
-65
-257
-196
31
718
-801
-60
331
-404
235
-431
-107
-245
-367
-165
493
42
150
-224
220
-747
36
-34
171
28
227
-682
-118
-407
26
452
-987
-126
333
-197
304
-171
-20
466
327
-353
-98
431
-354
218
280
-389
235
-459
-123
-577
-602
24
157
260
-145
39
347
-107
-18
428
630
-487
591
-258
-520
-734
-233
41
459
148
-700
384
-467
-543
108
1
301
-298
82
-15
-581
256
-239
-27
575
-255
164
-206
9
306
-594
-99
-491
-463
-435
-13
21
-74
542
51
-631
320
-289
165
220
302
265
600
-324
301
-219
-537
28
-111
-308
-260
170
-299
-308
529
-404
36
647
87
-355
-493
191
443
-164
-64
80
19
457
298
-415
455
232
543
93
230
15
-614
560
-38
263
-140
-218
211
-395
66
-404
67
30
31
-108
-17
-225
-125
344
509
-466
317
508
49
244
-318
-68
355
128
-10
64
-237
142
348
-156
-547
466
-403
39
-132
144
35
124
469
-206
391
-633
164
-463
230
-351
-569
-359
359
-144
-72
390
75
20
16
-310
356
-313
514
57
-76
289
543
955
-159
-406
233
-134
-256
-334
740
116
178
202
34
12
355
286
-126
855
175
28
676
-533
162
339
37
125
17
-492
114
-431
360
-385
272
187
401
-732
-119
-49
105
-57
-330
423
81
-263
-381
191
315
167
-398
366
179
-174
346
75
-208
145
-353
-126
-71
-183
83
-226
197
122
75
29
613
-172
504
-348
39
-688
306
-793
-5
223
520
138
4
-563
73
-57
-232
-375
-361
-441
-247
-116
312
-275
-386
226
-125
372
684
-268
-75
428
-122
-164
67
391
212
-42
123
-9
387
-323
-201
-256
2
117
106
-171
-67
422
231
500
-286
148
396
202
-671
266
-98
-262
613
-150
-196
-146
514
-346
-24
304
213
-434
305
634
-68
-825
99
-446
201
-536
503
-131
87
117
468
476
-87
384
173
211
329
108
480
-316
27
410
229
-10
-183
-186
373
-257
-194
169
33
47
-383
-318
216
274
-112
567
33
-299
347
-334
77
9
345
97
-620
69
56
10
199
-459
307
-305
-578
744
-194
-403
-1122
273
207
-161
123
-93
50
-245
-456
-183
-262
-531
-297
105
-352
-83
775
38
651
141
453
-22
156
-34
767
224
-458
-195
241
-361
-346
-218
-110
-93
42
-50
-81
560
-301
-217
27
-575
-290
-154
464
76
-307
-282
43
-200
-116
-251
-372
50
-409
567
-334
-132
-165
-689
55
-332
-369
252
169
382
-496
-135
590
-36
71
566
-382
-639
116
-102
-103
-41
164
-108
-136
340
33
95
439
109
40
-443
446
-140
93
231
762
369
78
120
-9
-3
-458
415
-41
318
114
-162
-314
-369
217
47
-277
445
200
-420
-237
190
-840
667
69
-354
124
-105
-266
-157
303
-411
-125
36
-7
-40
90
-481
-65
-323
-35
4
-485
-345
-164
-197
156
-190
-588
252
-120
11
-2
-116
-40
596
-315
664
23
-752
180
-226
359
40
38
-397
-294
-192
-173
-149
670
598
13
364
150
22
-8
-630
-107
-146
14
530
-74
432
-17
417
627
99
-30
107
-543
430
278
331
-734
350
-95
-207
239
72
-221
97
158
223
-87
584
658
-572
235
133
239
180
-121
-307
54
100
507
152
2
-266
-50
29
279
-21
566
-76
-217
-121
86
-372
-240
-9
-285
169
226
-562
-94
-334
39
330
262
-231
-143
-304
92
-268
472
115
288
-334
-80
-33
421
-47
184
196
-402
156
-354
47
-276
-133
57
349
-310
-403
458
25
294
257
-15
221
-367
30
836
-230
683
166
-700
68
449
137
10
284
149
274
-276
-429
193
425
-201
-116
207
-610
223
-118
-272
54
-100
72
-237
-5
68
390
-126
-209
-313
-128
111
115
156
-418
-238
529
52
584
536
99
393
-444
-122
228
408
202
617
77
274
73
-528
-5
185
-367
-454
-60
-533
116
567
67
129
-498
161
265
376
138
-132
184
-108
-433
118
302
-478
415
-178
2
-283
126
-421
262
