25 60 361
0 5
0 11
0 14
0 23
0 24
1 10
2 4
3 1
3 13
4 5
4 7
4 16
4 18
5 9
5 24
6 7
8 9
8 13
9 3
9 17
10 7
11 9
11 24
12 2
12 11
12 21
12 23
13 6
13 7
13 13
13 21
14 1
15 3
15 23
16 1
16 15
16 20
17 23
18 14
18 20
18 24
19 11
19 13
19 17
19 19
20 4
20 6
20 17
20 19
21 10
21 18
21 20
22 4
22 10
22 18
23 0
23 5
24 6
24 11
24 17
24
7
33
37
13
43
0
4
42
39
17
56
41
58
22
30
44
5
6
59
29
2
10
40
8
53
49
34
57
21
35
55
23
46
38
47
50
28
3
48
1
26
36
32
52
14
54
27
19
25
15
45
51
9
11
18
31
16
20
12
-582
991
-588
-425
-510
170
96
203
71
184
-159
514
323
484
-72
-497
138
107
-396
283
280
293
-253
96
201
-98
-394
217
76
-192
-402
-572
-192
-18
129
3
10
-100
200
-362
423
116
90
-176
-56
-790
-271
-93
22
504
-182
222
620
316
-169
674
-55
939
-920
-296
-55
-43
698
-248
-185
262
64
237
357
176
-589
-10
364
88
-103
-52
-226
-338
-625
570
-122
-40
424
-751
-28
-115
-53
-330
254
403
-605
-290
216
-440
52
147
97
-734
252
-13
212
261
233
663
-225
-311
318
-469
561
-436
93
-135
-645
-296
253
64
60
-185
-409
-176
372
274
210
19
852
62
-849
-389
89
332
608
144
108
-60
-154
-51
151
-99
-140
42
-530
234
-154
378
-511
14
-278
-32
525
-368
374
-160
90
-676
-166
-631
156
410
-46
-271
146
315
340
-283
-249
8
392
16
-32
-469
186
-168
-585
346
374
9
-304
235
88
-1
-2
-142
-103
-479
222
-531
355
151
-178
110
483
65
154
438
-103
-465
151
216
640
-308
597
-33
752
336
139
-360
9
-644
980
384
15
327
-303
259
-87
414
-275
45
247
95
-397
-276
-17
52
375
232
-122
320
-484
-418
96
-26
-372
323
245
186
-89
562
-256
-781
728
-136
373
138
-40
16
-562
-205
-370
188
446
597
-99
-191
-271
152
-125
-688
-251
215
-17
-1068
-119
-913
731
336
-24
-246
-262
172
156
-370
-128
386
-481
-194
-59
574
217
521
144
35
429
-261
-301
-326
-462
-293
-150
90
76
-268
-145
-114
-257
-210
-122
-239
24
-266
147
21
-297
-472
55
-380
-245
426
542
-293
198
-50
595
31
-290
-174
95
81
-360
-234
309
622
-194
555
-435
176
-299
216
-1144
-276
-216
12
-79
383
91
-790
-578
502
-268
233
-230
287
-246
272
-754
311
340
-358
-186
55
707
480
233
166
372
304
-790
241
-47
-366
-137
-5
457
12
-362
478
-234
-1045
204
328
414
-25
-726
-239
497
293
-237
130
-61
257
78
-422
-652
-17
141
-581
-308
-170
53
-406
-231
-288
205
249
-234
107
223
-485
-134
-296
-502
212
-548
-267
572
-5
-23
278
220
161
639
51
240
6
317
218
346
-445
-48
-46
-41
132
612
608
14
-221
-251
368
-25
-543
-132
148
669
218
-675
-29
-240
70
382
169
-800
-351
516
65
-158
637
-39
617
-650
-283
-719
235
-277
357
-623
199
142
-355
184
558
79
76
-249
567
724
-86
921
264
-417
367
237
-272
205
-38
-614
-250
-444
180
-87
-92
587
137
106
154
-191
-71
729
-6
276
-467
446
-286
-941
-115
-103
26
236
-691
-462
253
-320
563
-131
-620
80
466
-246
-194
142
25
24
261
-272
230
799
343
-185
-564
-190
-253
425
325
-369
13
-320
310
265
473
-506
-196
133
247
145
-218
292
-341
-635
-125
-27
71
-90
545
-228
-221
570
-149
148
128
-156
739
890
-496
284
318
-47
74
375
-258
-444
15
-534
-85
250
367
-495
99
295
-202
99
27
-347
55
-208
-609
646
81
-12
511
508
99
-107
135
137
-243
178
209
-521
45
-1
162
472
124
138
122
266
-501
-174
-29
59
-657
181
110
-248
416
139
-794
453
22
-120
-216
-337
-744
112
130
-289
296
-31
98
-297
138
298
-23
173
88
266
688
493
76
441
479
125
-60
105
-238
-226
-234
-300
-59
271
69
11
-515
-168
-338
-504
-455
55
-449
-331
-36
-751
185
-46
669
-117
332
485
-50
203
-336
46
477
180
-211
-406
-65
-18
-193
584
554
498
-88
-60
-119
-110
283
-178
292
437
-448
269
472
191
338
-131
-672
149
-302
175
235
-496
-93
184
338
-156
43
-478
169
569
-103
272
-37
523
211
-184
-391
304
-90
-138
431
-210
509
-163
-273
615
-797
-420
-463
-396
-220
-193
-35
-108
-460
61
200
-465
901
-181
472
-411
115
42
-34
-236
-385
31
585
38
264
657
310
-99
531
424
401
-125
489
-153
857
-459
-81
-55
-310
-273
249
-65
214
60
-296
-107
-52
139
547
206
273
164
-438
-751
-99
-614
264
-467
177
131
-245
-28
-658
-222
-284
8
-299
-308
-541
-102
-591
554
-435
-357
-563
256
928
902
-151
-439
77
62
174
-285
23
171
-133
-622
566
-97
151
127
105
-398
-373
352
77
-76
118
-58
314
503
143
236
-310
72
94
-196
262
125
314
-332
-459
152
65
-187
50
16
-82
104
57
122
-165
98
327
-129
-97
-96
665
-407
397
-111
201
145
238
245
549
-81
2
-319
402
-550
-796
30
-145
349
537
196
-665
284
79
28
55
4
231
-111
28
193
1
-609
-186
497
372
-28
333
-256
-277
1
-697
428
-378
-502
-182
468
557
-410
387
-201
329
-500
131
85
-311
-176
401
-265
-665
193
-1052
-61
523
-54
592
270
-527
351
-140
-347
491
299
-937
166
-2
-270
-160
-190
44
143
-232
-236
400
52
-83
-335
-550
198
767
-171
-384
563
1
304
300
-242
-70
408
713
-141
199
59
-596
134
297
-490
744
538
-412
-157
64
-67
510
421
-1203
-30
-456
-9
-425
-163
-86
-570
-512
-57
-369
-13
299
572
-390
788
-443
-81
370
-140
-74
-863
455
-660
-405
-25
-470
1
-512
437
244
-695
-323
388
346
263
-1
-129
956
-336
-135
-162
-18
-39
-60
-775
-45
619
-324
-478
-100
254
-150
-264
563
390
-404
253
-286
171
23
133
-71
-91
555
331
159
-386
-553
294
205
465
-207
586
-337
-590
-66
-98
237
-63
106
227
873
365
129
-112
-266
152
-442
-162
-71
387
126
-402
-38
378
-976
-155
260
907
177
150
465
596
-177
-553
136
245
-110
-596
-473
481
134
232
-155
-118
161
354
602
-364
1147
-375
98
429
-270
156
-130
196
52
484
3
-338
295
581
323
166
44
496
-190
-943
-24
88
218
-75
-148
312
425
-366
-653
455
-195
-603
536
-244
54
-145
-449
400
17
-271
344
80
-67
438
-231
117
248
-11
188
-393
-27
-43
646
539
-492
-800
-86
357
-571
-191
364
598
399
-579
525
-237
-616
174
-141
259
-83
505
1198
344
-448
-362
-298
-521
148
-38
666
-691
-154
43
109
-272
-142
-61
-79
3
-4
-430
-3
-46
-190
266
250
-291
439
108
-204
199
-412
993
48
-57
-526
385
118
669
616
527
115
-140
210
430
67
208
161
-121
254
738
251
-703
168
408
239
-224
-464
11
-93
-337
-202
708
901
389
-483
742
-346
3
504
-75
288
108
-116
-218
397
-310
-434
119
441
802
149
420
357
-119
743
122
700
-1011
-116
-798
345
277
412
-400
141
-82
224
628
105
46
-615
-43
-475
86
-1
-256
299
-362
551
502
-369
90
-164
-250
315
-490
-498
156
-10
150
-139
192
-675
-296
36
308
87
-118
-114
-136
509
376
212
49
-824
247
667
-510
-340
-536
142
-1102
211
-353
-333
311
-624
397
440
-516
175
-68
-133
-8
-119
68
318
-416
-9
183
-161
-524
-486
272
-530
-162
228
377
39
57
102
-17
113
266
574
107
-423
-265
458
155
-621
-421
434
-234
364
360
425
17
-94
106
-239
440
-38
-61
539
144
33
529
-248
-449
401
-280
82
187
111
166
80
-93
101
-45
-188
-824
-440
-612
319
-99
67
327
96
65
-214
151
-622
-374
361
-373
393
385
-140
-147
-207
162
870
-29
-61
24
34
-257
470
-346
614
-131
-144
159
-701
-154
402
-54
-202
481
-139
-483
43
740
-120
-60
-330
-115
86
356
-102
-279
-130
143
0
-295
626
106
116
-231
304
760
-683
-514
902
-673
82
172
-135
199
-442
575
161
418
-491
-579
527
631
-255
422
300
-510
166
-108
-175
35
111
-378
595
-265
206
59
111
353
102
-49
-198
697
34
-266
-435
-46
94
120
285
-158
-636
326
446
79
-185
-379
-338
780
-235
8
-134
-152
148
-556
-893
56
-43
384
337
-753
-235
-100
-300
-183
-315
523
356
-126
-239
-623
383
-259
-425
437
60
-388
-146
-602
-273
-64
560
-1
-356
202
144
-68
-28
434
-565
-301
-3
-98
245
-50
76
349
571
425
-191
-228
5
-502
35
-316
540
143
-253
131
155
-135
12
243
-264
58
887
307
59
-46
271
-55
364
-470
-279
187
67
64
269
-473
-325
40
626
12
-68
332
197
-1023
137
-195
414
-93
-633
13
99
57
27
427
460
-270
497
-464
-264
156
123
208
-562
16
-261
-120
470
362
154
110
560
157
223
-76
307
101
548
169
279
-779
-385
591
221
-87
-268
-284
5
449
-77
-21
-88
45
-5
-61
-221
493
-188
168
6
390
388
80
-197
-104
-314
1051
166
98
-73
-307
3
429
692
-296
738
-110
-543
-570
127
91
-136
-53
35
217
-57
-80
278
39
-994
-445
596
-413
-24
70
995
61
-356
74
-379
-197
434
-380
304
24
-62
352
-127
302
-634
394
-96
283
-119
312
48
-62
621
28
-166
-236
124
-854
-457
38
145
273
16
-594
-237
-481
540
65
-364
-80
209
-672
-245
437
-679
-1067
436
-365
-659
348
537
551
-256
102
-658
-33
283
-7
-132
-278
199
48
112
-55
27
327
82
-524
253
145
-315
244
612
-338
436
-200
-215
-151
-234
90
192
-889
256
105
61
151
-28
251
-344
141
240
-197
-29
695
418
156
264
430
-578
8
-459
-8
-108
252
209
157
-671
545
-360
-88
-299
-306
656
980
-400
182
-442
179
-151
-399
-470
372
-571
118
-178
631
707
44
174
154
208
390
36
-296
-82
348
-592
453
631
590
49
-9
625
793
461
-565
-205
-537
272
-160
-43
130
238
167
485
677
614
-389
-64
-119
-687
952
-552
-37
-236
192
-55
144
-283
121
-276
-162
-177
46
-133
-254
260
686
364
183
140
31
117
-68
-467
-99
-457
-53
-418
-8
-278
343
614
573
231
-472
441
-339
-554
-398
168
-183
128
-190
565
373
231
723
-324
383
-292
-177
398
683
4
-413
462
-567
-1073
-503
-223
364
-56
492
-344
-139
398
-372
-287
288
13
-98
0
524
35
-416
-641
237
219
-733
-416
-27
-264
165
-396
-251
-318
911
-181
-29
-176
-66
38
-290
-131
-27
145
-805
-448
163
427
197
-327
3
-672
293
-129
-118
-232
-1195
324
-201
354
-315
-30
236
-22
-340
716
-187
-56
9
-174
205
-102
-316
-382
25
507
546
-101
335
-759
13
62
142
-10
510
-186
370
20
579
116
-42
-540
9
-300
151
-495
5
167
-123
25
182
579
-238
236
152
-64
15
-481
-210
-144
-141
-229
478
971
-622
232
-161
325
58
304
-59
424
18
-375
-91
65
201
-73
-117
-109
119
-235
259
144
244
27
-63
-571
223
7
797
-542
377
-165
67
60
-189
-48
114
481
426
450
-53
-250
-583
655
23
34
366
-52
-806
422
-187
-541
251
-258
-814
340
-268
372
-274
200
-211
-305
-625
258
-1035
-407
-640
54
908
-725
290
-194
94
-363
744
-167
-98
19
47
-5
48
499
-592
-284
-414
-141
-48
494
-263
-232
393
571
-332
40
-383
-364
-128
21
551
-240
-195
-161
-951
-462
34
291
-133
-165
-288
-262
-120
-58
-580
10
-423
-252
194
16
210
-127
646
703
222
383
-49
-300
39
119
-14
-170
-220
605
-390
702
-466
147
32
-62
234
352
-358
167
325
207
-207
451
-404
135
-172
108
646
-64
126
-146
-114
-181
697
-30
-499
274
-78
-359
422
-511
36
-286
-140
36
-359
246
439
-555
-608
-290
-139
195
-236
605
244
-355
-357
-218
138
-251
-229
-166
75
-170
406
30
102
32
70
377
271
-151
289
83
-501
176
-151
247
-168
-96
-55
-96
-248
257
-52
306
315
-98
566
374
547
-296
-29
81
-20
207
-127
-460
211
289
140
87
-196
-310
-80
-202
-396
98
-282
108
-258
396
650
-55
102
167
209
-347
-105
-113
-114
544
-247
380
-69
-415
-646
-337
-628
-247
185
61
-500
274
264
53
170
-114
159
-186
-412
545
-56
-124
-149
-398
50
-179
-331
-452
180
400
163
-275
-277
400
-651
-191
587
150
-113
-1151
131
174
-485
40
82
-119
-106
135
128
790
-386
-573
-145
-294
-88
358
439
-308
0
351
-21
-33
-312
159
-114
-626
-140
524
-273
605
-102
-337
455
-599
358
472
-882
147
-152
855
505
40
385
989
-62
-272
276
33
-258
208
186
-598
-202
-287
-168
-334
-400
212
310
-620
66
667
93
427
-15
-308
163
28
-181
1
1009
356
-109
-20
83
-79
133
777
-327
-491
-747
-97
-655
738
249
-33
150
401
24
-253
328
583
256
-149
-1006
131
929
-108
393
-75
350
-223
-145
-524
105
574
-450
-342
112
-402
-287
-291
16
-226
484
-5
547
-176
156
696
-53
-632
492
-55
46
-148
163
-161
27
39
-14
255
173
603
-266
-104
2
-273
189
-357
-149
157
-325
496
50
43
382
353
-146
22
181
724
334
-402
190
82
46
2
232
-321
-247
220
591
-119
-802
-109
128
-408
600
-167
-292
-40
-303
-339
-304
138
-18
133
281
299
97
863
-244
-128
-49
-4
-1
405
-280
-146
59
76
725
-28
-38
89
170
-240
-171
-102
168
245
-596
422
150
554
75
-827
-161
1139
59
-101
354
-46
-537
93
551
-42
309
168
-130
-698
-303
-475
-196
-90
-202
-89
-249
320
-254
164
-399
-134
147
-8
276
23
-21
109
389
-461
-519
546
185
-508
78
-389
622
214
107
307
-237
-247
-1028
-360
471
-270
23
149
88
80
-257
-913
114
-52
-345
981
-446
273
13
-150
77
861
538
198
-309
246
743
662
722
288
-391
121
80
650
554
488
-71
-278
546
74
-671
-92
-658
72
401
-130
346
1245
-18
256
-205
34
662
338
374
624
-183
-437
145
-361
277
42
-352
597
-96
-12
-250
-212
-119
-122
188
-377
-398
-584
446
-250
443
541
364
-7
-506
329
-228
79
218
179
-572
101
-654
177
-270
-22
460
-167
-238
-498
-70
175
377
133
451
-380
289
-323
-226
407
-166
-234
745
28
297
-365
-344
230
-260
-157
85
-178
488
304
187
1236
-1183
-3
-148
272
-32
1
-335
466
807
601
-3
343
288
117
-242
375
284
326
704
597
164
-245
277
305
528
851
-26
790
392
540
411
-577
146
288
-21
269
514
582
-497
-10
-682
398
-359
-246
114
728
419
-24
-393
381
173
64
-618
-211
-404
-168
-33
-201
-46
269
457
-519
-249
-554
208
616
-283
159
-273
283
16
387
136
253
48
22
-452
495
349
224
-269
-22
-437
-244
166
59
-119
-46
-139
-267
-311
-218
-185
-271
570
66
582
561
-433
-213
-176
187
-323
-31
21
-152
684
-224
-102
423
176
-1066
103
-304
6
81
-407
207
193
397
-41
448
458
-81
98
329
-134
-410
148
-75
156
12
-417
-37
-317
94
299
-296
-5
-280
45
-581
56
166
367
79
-345
-150
315
150
417
213
-74
-44
-33
16
-146
-94
497
415
-454
556
-738
-15
67
-124
219
-391
-238
96
-291
124
-178
298
-341
-291
-222
524
93
285
656
168
-286
-260
30
-259
91
70
230
584
377
-277
-15
-586
257
-155
-234
-176
-79
-261
39
63
-135
196
663
151
-544
37
209
-301
-27
505
832
-170
-317
545
136
-308
660
-673
-365
-21
-219
-23
439
305
-819
-541
-714
-420
185
-757
-181
-220
49
-150
-452
935
-100
-225
278
-341
-59
-163
-615
-188
247
-297
309
-278
283
-404
203
280
-43
188
406
339
-124
-609
-208
-173
-228
230
267
210
416
-99
221
-99
-325
-24
408
901
-147
273
183
86
-124
525
-302
257
211
542
-139
-305
249
-59
-889
510
208
32
131
-126
293
617
-395
-313
-49
361
-138
-143
568
-937
987
644
-143
106
-157
91
257
-295
493
-189
-145
-214
-874
-210
-464
-13
307
-8
-331
188
273
-150
542
-22
839
-176
-16
-18
-257
-674
26
-247
-356
354
-285
-304
115
-727
-252
-196
-29
-431
288
-337
-13
178
309
55
-557
-24
632
165
277
-395
569
699
112
-60
-371
391
152
899
-227
741
341
-386
41
716
-558
108
378
-71
-687
184
313
104
-148
22
178
232
187
199
-81
253
1194
398
-124
542
-281
-277
113
375
213
-229
0
537
257
-708
-261
-114
376
-92
-521
-234
-107
-231
168
-224
450
-69
320
577
145
-1014
316
80
309
-521
-108
-280
-136
191
406
45
-14
-551
644
-557
243
151
369
55
-349
469
-341
335
424
57
415
258
342
-28
293
765
-333
-23
-342
108
197
-18
-46
152
-179
5
304
542
-456
802
-423
18
486
192
209
-273
415
-271
-374
-316
103
357
331
30
-281
272
223
-390
-236
-236
74
-669
590
180
-213
459
-362
186
388
-473
41
206
-78
672
215
1017
84
1
118
-112
-204
-176
184
537
429
-507
-488
-216
-838
651
-369
174
374
361
-114
-209
438
-159
22
715
-38
-249
-394
100
-160
-645
53
-208
218
-46
-34
-448
366
-60
401
-63
-13
140
-89
550
104
169
-21
-108
391
-913
-135
-137
-300
-83
-884
687
-141
-156
-234
-734
-225
1
-62
-254
-181
-392
-453
306
-9
-759
344
185
-117
-223
-122
655
-7
-495
-315
-229
-620
196
441
-442
172
35
-43
76
-258
-205
332
-211
32
-295
-44
25
331
-464
-7
294
181
558
-102
365
275
-328
599
608
446
186
629
141
140
780
57
465
-223
-329
-58
754
50
578
337
128
98
-353
-845
261
259
191
222
-271
254
-480
-551
581
-125
34
-651
-325
306
-413
207
173
353
-644
-324
-414
-113
472
402
225
-191
283
-262
193
56
201
-322
19
557
-132
237
-143
219
-336
219
-540
632
152
-638
638
-131
-692
-622
-426
863
-57
-207
44
330
-475
179
-467
-330
384
-83
456
13
5
-139
-766
-505
-278
-179
-396
-95
360
147
210
300
-256
-84
85
-684
266
-58
9
-371
-52
185
-489
375
-275
-896
123
51
60
-280
-186
602
84
440
-86
-211
-482
447
168
-152
433
-579
44
-192
-110
423
-614
-415
-321
-175
247
-612
67
14
-119
-187
275
60
339
-237
306
150
-363
-131
71
149
-447
20
172
-677
400
716
637
25
-88
121
-57
85
-95
-590
46
-867
528
-326
26
256
638
-91
-235
228
-659
339
64
530
39
342
86
379
-21
-10
368
352
-87
500
-398
321
-68
99
538
-124
129
395
-271
-563
-294
-123
335
-576
-91
-540
-118
-101
-363
-314
370
17
-262
329
-562
-515
-230
296
484
-259
-1
-451
-130
271
206
-414
510
83
525
-92
-529
402
-350
-401
315
12
-306
232
84
-130
-97
-701
79
-324
145
537
-33
-36
247
450
-540
-777
-208
-56
156
-92
806
609
-308
-388
133
-9
-242
327
-544
86
-99
175
334
598
-245
122
-97
-385
18
-295
258
486
-953
-902
-123
-98
723
-459
548
-192
52
-384
269
625
44
729
342
141
390
127
32
336
-131
-481
240
179
214
-395
288
-219
8
430
147
-379
-84
-211
619
168
-480
-452
-162
561
166
-520
-161
109
-414
601
406
-43
-124
-363
-224
-469
-594
262
171
-400
47
-856
138
-798
-623
-327
-7
-150
48
-676
-148
663
123
-86
24
390
37
665
-54
173
360
-334
430
-272
-276
-22
82
181
-21
-29
205
53
-353
-178
-276
618
-14
1047
354
-635
-149
204
704
193
226
-77
-57
-124
-268
160
-504
-494
-187
305
278
346
9
-572
-454
20
130
-492
216
247
179
134
-179
3
179
72
144
-158
-247
-67
-189
69
83
141
-925
359
-141
251
-97
149
-97
244
-103
490
62
334
662
-610
-336
-187
-250
61
515
-599
115
375
388
458
216
-227
94
-140
-663
42
606
143
-160
-729
237
73
-296
-472
-227
-492
-901
24
305
22
-116
-706
-94
-596
-293
-156
-116
-537
66
-227
180
97
529
-156
-177
-107
741
-486
-214
140
93
302
137
87
-789
-60
10
181
-336
118
219
-90
20
-103
7
489
-543
-584
-142
133
133
540
-118
238
445
83
-737
19
373
180
-227
-264
-528
208
-493
366
-11
288
-351
-237
-68
706
116
504
-276
354
90
-19
534
-350
266
-413
-290
134
-537
-442
179
-572
-196
344
-492
-395
-193
-183
-267
-220
-378
8
219
54
459
-21
-76
-44
44
625
-331
430
-248
274
-136
-170
468
5
176
-53
-635
234
-91
-376
534
-99
-57
-370
574
-352
62
534
-224
-284
-30
-105
-178
1
456
-102
514
262
-398
-217
296
49
-425
181
239
-338
166
-177
12
-134
0
-939
160
-350
270
436
-514
-38
41
144
118
93
-353
126
116
543
19
41
59
613
296
-80
-8
366
15
135
305
135
510
-477
-190
40
451
479
-96
390
632
-458
250
-427
-497
111
-398
406
149
-81
-14
-45
-312
203
-845
554
14
-157
85
-22
251
-216
184
-310
341
-474
-107
13
-213
-14
330
9
1121
-554
266
-21
-330
243
-773
408
-75
-138
-453
-91
-48
544
-172
-643
-293
-449
173
46
-239
290
181
296
-254
22
552
-481
182
-409
484
145
-19
-522
-351
-795
-478
779
182
155
-163
-82
-518
150
169
613
44
-514
-213
-180
-147
64
442
-26
288
-337
-182
157
5
365
120
-400
-441
-617
601
-35
-970
735
-395
-283
-76
-55
-426
232
-227
-65
106
-381
-436
105
23
275
-255
-31
341
360
-48
69
-375
382
-385
276
342
-140
-259
119
-4
-25
513
145
-235
-696
521
-43
36
-29
425
-196
-495
-239
525
184
-123
-234
236
-96
438
-146
-588
-221
-42
-95
464
428
99
-102
-323
-521
295
-159
-411
115
607
-307
6
-194
372
-284
411
-59
180
-496
-117
-416
147
-36
-230
425
-72
62
237
143
20
-181
637
-754
257
133
-201
-559
84
-133
134
-29
-153
437
79
-252
128
376
-584
425
-502
-295
189
-174
50
-162
263
482
-486
253
58
14
478
-156
-102
-132
123
3
-281
-831
298
-379
-3
512
-441
0
-412
-65
-525
-331
235
-407
-633
7
-501
-245
-7
-57
-208
450
-114
-843
627
-412
896
620
-86
-386
-156
-170
62
-176
262
39
-101
139
239
-233
668
-94
153
459
235
73
-472
-74
-255
332
-588
-77
129
339
36
-387
139
51
164
528
-620
-594
-202
-178
-498
-615
-301
601
105
246
738
-18
673
-262
497
-216
-130
459
-165
-409
538
-611
-34
-175
160
30
-652
-152
74
-80
-103
-95
-1
-321
-152
-614
-104
-454
-118
207
-184
444
-970
-258
-268
-93
-131
357
-96
-61
-493
386
164
-112
-240
626
199
-194
198
397
-427
80
-17
449
-9
45
538
-146
121
-248
-215
292
-244
123
388
-390
168
-301
-320
259
170
-503
213
262
-685
-311
8
476
-276
35
-20
-13
155
-263
-327
13
-30
472
690
60
114
572
383
-317
359
-15
258
-378
872
231
-36
201
-331
90
487
-495
137
291
301
-73
262
237
-307
-81
261
933
204
989
40
107
110
412
93
453
-464
549
175
-356
-317
-103
454
344
717
-1065
120
60
137
273
24
-328
-129
-522
112
305
252
58
130
-415
-654
-32
-379
-465
72
207
-211
-40
140
14
160
113
228
-542
19
-5
115
-129
-487
-274
-675
325
256
477
-657
-176
552
-456
-4
-12
164
-29
464
101
-38
-68
-1044
889
-150
-314
106
57
-167
379
114
-207
-1024
93
212
-298
-170
-366
483
-567
-293
117
-590
-456
143
89
142
-267
493
293
-451
-409
-190
-122
133
-27
547
744
-316
317
144
746
-12
-556
252
28
-465
-118
75
-423
375
239
-86
34
-106
429
95
-350
159
188
-408
782
564
290
-122
115
430
-475
-196
58
182
228
-58
140
-282
149
215
-587
405
-1024
-76
-218
109
157
-131
363
-304
602
366
-266
554
-97
193
548
359
96
-320
-510
-254
-524
-246
-537
431
430
-8
-471
529
-65
16
334
-430
-739
-94
68
-278
-106
-106
-241
-292
170
206
465
-161
-349
-232
261
117
688
77
166
597
-196
74
257
190
497
445
251
-625
-152
-560
355
278
20
-476
725
-656
-437
764
103
-459
882
115
240
-345
-525
359
677
610
-8
263
-174
159
1103
340
141
111
-2
335
-185
168
317
471
-187
110
-1004
-257
-141
935
477
-207
-346
81
560
51
-149
488
602
226
166
217
-311
-317
-25
-318
-21
-344
84
294
132
124
-116
182
172
508
212
299
137
582
283
534
-1065
779
-48
258
71
-25
-99
-41
-144
-279
108
284
337
-263
-544
-353
-90
271
-541
-233
-323
-464
-17
540
574
120
-38
-249
-37
-1
59
-17
-38
157
-261
-291
-244
-259
-1009
355
578
158
430
-244
134
335
208
247
300
63
-317
-257
25
-110
-85
-69
146
-211
173
66
0
-86
-440
-739
-700
-61
-40
370
187
0
-694
-359
-46
-82
-205
496
-818
-192
-836
293
50
474
-468
461
217
108
-117
543
-166
-331
-112
-231
307
-250
-306
-53
-129
729
806
-152
-260
342
181
-166
-5
-733
147
-58
110
194
-701
-82
-379
481
187
-12
-24
-361
-63
361
110
-86
750
397
-18
-365
590
509
-176
-76
88
-11
77
-400
-228
-260
20
373
-124
-46
-116
593
88
-272
-27
312
-118
51
151
-615
-239
-437
-414
60
347
-623
91
-109
17
-400
190
-266
147
-69
334
215
-192
859
481
-53
-194
125
276
409
-38
-132
564
-59
-10
-255
-43
327
225
632
156
-179
-761
190
537
-95
-8
-186
199
247
75
487
413
181
-172
170
-235
-135
19
-139
66
395
180
-203
-402
346
-279
-275
97
379
119
1187
-454
-1269
-820
-7
104
484
-434
-356
-407
-402
89
442
-128
-337
-332
297
479
-22
-321
327
11
579
-438
329
-478
-464
520
-739
83
904
-431
341
221
-210
127
279
371
378
923
26
290
-285
253
-427
75
-251
-71
110
-549
-541
-298
-100
-587
-209
3
-135
-158
-51
-494
-181
87
153
380
-37
-139
243
123
-188
215
57
18
-172
470
142
-64
-356
-134
-165
240
311
220
-209
-322
536
-79
350
-463
-242
347
443
-12
-125
4
-354
13
-215
-5
616
-170
117
-293
303
803
-313
238
-144
486
-229
269
459
183
554
-15
192
-314
-234
-677
-873
-14
-505
331
39
204
81
380
-78
-251
-202
87
-155
-569
191
-203
-822
318
51
249
391
-151
-299
944
53
-171
-6
-24
-562
230
-685
75
29
313
140
-146
-426
-118
574
104
290
534
-380
-173
476
193
-333
266
-369
97
-230
-211
130
297
-479
232
12
472
131
-364
-118
98
162
252
-230
-187
340
-553
-742
-43
-1002
-133
111
-54
-179
-167
-362
87
-367
210
-309
808
-517
-16
385
-116
198
-235
-473
-427
-595
-450
56
-54
271
79
-110
164
203
446
-636
183
224
-73
-124
14
-200
-903
-247
61
324
-43
-192
349
230
-344
-537
-132
92
275
-44
-198
120
-293
132
-317
372
-173
-41
-342
325
-138
-198
-40
-280
251
-484
121
56
-13
-601
-564
24
-372
-427
152
-314
1
-21
-424
888
-479
-343
161
201
-394
-376
123
126
-205
403
-99
577
-192
205
-412
-62
-46
91
-15
820
-499
858
451
440
-324
-37
103
-73
-145
-15
-544
-311
431
-362
251
-199
572
-136
-205
-435
-614
-114
486
291
-101
-170
13
685
484
-469
-504
241
-312
41
45
867
273
832
-762
296
-467
-360
-345
-331
467
233
587
-14
-259
-271
-88
-53
-102
-273
-57
227
-403
168
-58
-225
658
37
-274
50
207
294
-156
-82
-698
-47
176
209
-161
-121
-388
-129
-42
679
148
-289
-507
253
-198
24
-84
-96
159
147
31
635
311
-239
345
81
205
-110
107
-663
292
32
-260
-258
36
-592
569
329
57
419
-119
-15
220
50
293
97
-3
-30
421
-357
283
340
97
-264
185
-291
-162
-208
252
-391
198
-893
442
383
11
-114
75
425
25
113
-297
112
-451
31
-564
-333
-547
-355
-555
426
588
-40
-316
-142
-96
-290
-2
-221
156
-382
101
476
193
12
-93
-749
810
-95
333
-658
-614
316
-99
168
-61
-75
47
268
459
-13
474
-53
-163
-16
-134
377
7
271
-228
656
57
-24
300
492
115
411
501
91
140
-85
-177
-330
-25
83
551
471
82
-236
711
-692
-311
49
-233
81
731
-214
-283
-112
-182
-283
257
73
-109
89
151
320
332
-626
-122
-330
442
-118
179
567
27
445
-209
71
-81
-349
-12
-383
110
402
791
-558
12
70
85
484
-27
-167
-212
41
393
164
-141
-347
-409
-340
272
9
26
-122
332
165
104
116
-84
-63
-103
-166
518
-165
58
730
79
339
215
-121
-203
-600
-9
81
292
-367
-1
272
-19
890
617
275
271
-22
559
-74
-570
-29
350
-287
-631
-66
-379
-199
-339
221
-104
-758
-260
-85
151
173
-215
406
-225
314
457
182
459
518
-380
579
153
-471
10
-204
534
-369
-213
-334
125
-155
-228
454
-18
-227
337
-328
-335
104
324
-121
-298
-826
448
-89
-114
73
422
-582
-123
33
-223
-52
-282
-418
225
-274
-118
-520
-13
127
-21
286
-34
-106
-688
7
-462
202
-413
102
33
330
-31
-267
103
-317
-396
456
-247
-19
-331
83
-464
-167
47
123
-567
-35
96
219
-402
-46
-133
-244
-46
34
338
57
-142
54
-481
247
170
296
-373
149
449
-280
4
143
-50
-81
486
607
114
-437
-80
177
250
340
378
-265
-872
-270
-100
572
-197
-402
-248
541
-14
-505
111
-544
-445
596
152
259
-268
255
-217
-133
568
620
-249
346
-33
472
80
362
66
287
216
-79
-373
368
336
-18
74
-78
-136
-313
384
-191
488
-228
-325
110
320
-333
-279
397
296
264
7
50
134
-110
93
-353
67
-442
-268
-584
274
-336
-181
22
-177
678
712
49
548
75
164
-512
-394
3
-170
-83
-130
-403
535
263
-378
196
-685
-248
-63
-640
399
-653
-320
229
137
87
324
515
-365
-316
-140
112
-177
-427
464
303
-91
-687
-494
323
1088
77
216
5
-246
-134
-690
473
-418
188
188
523
-72
-157
78
-467
342
46
22
93
-476
349
-131
-156
421
876
-195
-384
356
165
-36
-198
-484
-269
-44
-69
-201
850
161
-295
192
-427
-590
719
462
-160
435
-406
-270
-433
291
-424
-844
269
-897
-272
-389
-389
-128
-836
18
632
-102
-737
-104
143
177
-49
159
-55
510
-163
-90
221
-155
-96
-29
101
457
526
-20
1047
-46
-697
-182
-428
624
191
535
-282
-61
249
-68
-122
409
58
257
484
199
-354
62
864
645
529
-759
65
-425
23
498
-612
327
102
-324
222
-197
665
-351
596
-150
203
330
135
46
195
-388
140
-191
-190
678
524
550
-84
-190
-15
123
446
-145
-69
-337
-555
-129
454
-199
-568
234
370
-287
168
267
65
-111
43
23
90
-446
-97
-116
-36
-363
34
331
-658
-342
122
365
406
-23
135
-491
-551
97
-296
-242
180
-167
434
624
351
-58
-28
351
-632
-184
-91
311
-423
-154
-393
-262
192
26
302
233
-43
568
195
-55
784
-405
13
-42
-376
-591
-817
-37
-166
440
340
-444
-293
119
104
74
-330
-372
337
-606
-268
105
-127
-675
388
-169
-663
-419
371
-180
-203
466
165
-28
30
30
47
-331
482
-57
-152
-350
-237
607
-259
-25
-14
41
370
-683
151
-214
-407
-40
-539
-152
93
-502
9
-103
81
174
144
-305
-257
-79
-538
-468
257
408
243
-493
10
171
-142
326
41
-595
-572
174
161
-292
-740
-276
170
824
-369
-716
-69
10
-401
-377
73
109
709
-440
468
-158
453
-337
84
281
191
73
159
-604
80
-66
18
106
-292
-138
341
-121
313
-45
-75
-196
-861
60
200
346
421
218
-227
-579
-791
-841
480
60
665
-20
247
-918
-765
116
144
-689
-31
-165
-24
-67
-308
135
-189
590
-135
497
-444
-378
-152
517
434
-245
-242
148
569
-469
33
34
146
-117
21
-464
115
-53
2
-316
305
153
-48
349
-283
129
564
-239
270
-2
345
-224
-123
166
-124
-140
239
47
597
-331
-903
-247
670
413
-259
398
215
-175
-295
605
-54
188
-470
280
-65
-462
742
141
-503
-343
-537
211
-848
-383
278
-136
-671
-137
203
-148
-45
92
-267
290
244
-721
497
1147
528
-27
315
251
528
-157
-506
-353
-162
-206
320
-54
8
197
-51
23
-196
-572
567
-301
-436
108
173
5
82
56
-214
-505
186
-308
-221
25
-98
282
-594
-553
-326
-78
-50
144
106
231
106
67
286
-800
378
-489
39
-109
-302
378
19
-92
-188
-357
-53
356
404
117
71
773
87
-238
-231
-272
-106
567
-442
336
661
438
238
-199
-539
135
0
406
-126
93
228
339
457
-54
173
-454
-503
-290
188
836
-356
3
-138
88
415
77
-222
-716
92
315
110
203
-538
-114
-244
-283
-44
165
-792
14
-356
-368
316
143
-324
191
-109
189
780
145
458
21
979
160
224
205
170
-547
527
370
69
-277
-474
-680
308
74
-158
339
246
375
-477
104
491
425
96
-288
-30
-440
-333
288
154
478
162
219
621
-521
-204
442
325
353
253
-29
-3
468
173
-542
329
118
-93
-47
523
300
-442
301
-595
211
-273
587
79
211
650
-76
-157
-124
-252
-29
-22
-100
-117
-134
292
485
-406
168
228
398
-57
-79
-175
121
78
292
241
477
294
-213
521
110
-244
423
688
-204
416
-332
223
128
-821
892
418
-231
-495
-375
270
204
-137
-283
-117
83
-346
151
-435
70
487
158
-326
367
542
-614
-348
119
-475
183
-1025
291
163
-207
283
-216
-114
-42
-44
680
-675
-108
50
-18
284
573
314
580
-292
-115
163
-201
-271
349
128
585
104
260
118
-100
-68
216
-330
-577
-111
-125
329
838
-7
48
-422
-30
75
79
-394
-218
24
518
650
-156
-320
-609
-282
174
-319
-10
-177
562
-81
-25
368
5
-433
459
-555
-414
291
-12
-116
552
129
473
-316
721
201
-456
-184
560
-24
556
203
-347
-787
272
-78
-272
-385
536
-463
532
-689
280
487
-42
393
-145
-104
48
200
235
212
-249
5
294
4
-3
-563
429
1068
-283
97
178
-236
179
-79
206
358
80
248
320
771
-726
-178
-141
388
-139
-199
-163
-546
371
-68
-658
-386
-947
-124
-83
-148
-199
-316
112
-56
-82
-231
19
331
-381
-216
201
-11
503
-310
-693
363
93
-68
-132
201
114
-647
-148
312
-183
30
122
-320
283
-165
-122
117
0
-505
427
-58
121
-35
372
-476
-107
430
-306
-115
-537
-60
45
61
-552
-23
730
342
-6
563
0
119
232
-193
593
26
-373
-39
510
-25
-586
437
-173
-255
140
-246
-519
407
111
-74
-511
-674
272
-163
-453
53
-354
-265
205
500
15
-699
478
90
376
-649
171
21
653
-145
-328
-99
621
-175
-114
-146
-270
-193
-554
72
-187
-623
-66
-327
29
576
-318
-89
-183
262
328
478
447
45
87
-23
-720
289
105
272
108
351
221
319
87
-166
-227
648
245
-91
18
-302
1041
-47
-522
-346
-703
298
122
-67
173
38
727
-503
119
-311
-84
-342
-394
372
302
-440
-211
9
70
-204
129
386
269
249
-280
387
255
162
-250
203
-774
-303
129
-247
-102
-33
-89
-927
-315
-365
449
414
-470
-426
-206
24
-890
-607
128
-493
-175
-95
-93
-512
110
202
444
94
-227
-319
59
82
-464
134
-234
912
145
-201
-230
-243
384
259
-124
518
293
-47
86
293
431
816
483
10
211
-211
-595
-356
871
449
-317
27
-499
-566
-166
-171
268
-446
240
306
-155
-377
-289
-421
-618
638
268
-281
-834
-394
-75
609
-89
-296
409
84
-259
-221
255
-362
-111
594
228
-174
701
592
-301
-300
-305
112
-491
535
346
-451
-11
433
-366
189
148
-565
18
231
-65
-74
-858
-990
-33
-922
39
-404
238
292
933
174
422
-7
316
832
60
-233
299
51
-155
23
64
-356
149
9
-89
554
-321
135
-128
-185
-26
-195
367
190
-671
-620
-81
463
142
-163
-348
118
498
108
-120
-181
-640
77
-432
-18
-16
387
108
-424
112
-222
208
118
-827
196
-725
147
43
-260
547
-83
-189
477
652
358
104
-65
-506
-193
26
461
500
41
266
-332
414
-634
-736
-458
101
161
-40
80
-89
102
-90
187
-234
18
-472
-400
-282
132
-17
-131
-324
105
541
573
313
-305
-33
586
-504
695
246
499
-55
509
-78
-342
150
-230
-460
-140
46
400
-186
-323
-141
-145
397
-150
-307
120
176
533
-158
81
-95
18
-10
113
-343
-57
169
-588
-150
-590
93
463
-41
-140
-15
288
311
27
-251
176
365
133
-450
-763
447
-29
-257
-314
440
-5
226
314
8
312
-444
-90
-655
116
908
-323
-222
-650
-70
-64
-503
306
28
-121
207
-300
208
608
-15
-221
-212
-297
682
-71
-260
-514
413
-43
522
-11
-657
-313
155
-384
647
-852
-450
-243
397
207
-521
263
201
-94
218
-228
-390
-361
-261
630
124
35
-318
-119
-612
147
355
-63
551
-77
263
-199
-509
471
-246
73
-305
513
-349
-433
7
-399
138
564
517
-334
-141
54
325
-103
-240
22
447
186
-127
298
-120
335
418
-564
-595
-802
-182
11
-503
630
-320
-228
-679
-669
-111
505
-247
-251
-204
217
-546
-336
76
-227
-449
162
274
133
78
-232
147
-5
10
353
408
-243
441
-617
-106
-380
129
-94
-92
124
-218
403
-100
-367
-284
74
226
-409
-592
487
277
-236
560
326
72
3
82
-500
-408
-219
-611
59
-195
-281
200
309
-517
-43
41
-334
6
-82
28
356
469
26
255
-247
-78
259
155
200
-150
292
282
-578
48
470
-637
209
-7
-624
-41
337
163
-389
156
-17
-153
478
-225
-422
-699
44
-421
355
-195
-319
564
293
-121
-30
-172
674
277
-863
882
-54
-289
128
313
505
11
257
80
178
41
-283
-283
-83
-533
-205
646
10
224
362
-236
-90
-689
-500
-99
380
-31
314
-33
-593
-492
113
19
9
578
48
-356
125
260
-134
30
488
-656
559
-164
112
157
183
-212
-35
434
88
-768
-924
245
327
75
552
-327
382
385
5
-646
-13
-124
-334
-251
192
-8
-135
66
-262
430
-15
162
178
-365
-582
178
-816
101
2
450
142
69
321
318
-95
635
616
-335
-393
440
147
279
-92
-851
388
4
-20
253
650
838
-17
-168
-408
578
180
48
-119
548
145
-372
159
254
312
378
-929
730
2
-57
-120
-68
-23
263
43
-273
264
427
-199
21
-575
-368
-219
344
202
154
34
658
-782
26
258
183
-334
-228
-181
-843
-771
63
-43
-159
180
862
238
-599
29
72
-10
-480
158
-37
88
-99
83
106
-139
-104
-727
-80
-19
636
526
144
-501
-24
516
-580
337
-93
-13
-93
-455
-114
525
313
206
-876
-553
444
-111
436
123
59
-138
-638
-30
-447
-599
-302
-213
214
-216
-328
-127
94
-22
-523
298
35
1
-593
236
628
151
18
64
337
16
827
-138
611
-814
-618
-110
-21
340
-261
-533
192
-217
678
-196
-302
726
-304
-210
3
172
-238
409
11
-490
-64
106
-97
354
586
451
-226
310
-221
35
368
-522
501
414
314
-479
-32
804
-157
-586
657
-80
-220
-68
-144
-420
360
-172
-518
-1372
-377
-498
-10
-70
-286
428
-112
-181
122
-2
-732
395
-199
-23
192
477
-302
218
349
-631
-254
154
609
-569
-134
-290
-123
-498
889
79
33
101
-238
-548
-82
203
263
54
-207
-73
-279
-301
32
-176
308
-360
-650
240
500
-467
-171
-320
436
-297
612
-624
-478
238
-200
-72
127
-535
292
405
-139
150
91
-67
-423
107
-244
242
-220
-344
429
-214
-470
-288
399
-263
417
284
201
-625
7
-196
320
-196
-435
-436
-85
-384
-301
-282
-233
-407
171
-288
58
242
-86
150
232
673
18
-122
273
245
925
472
-912
298
201
411
150
-843
40
119
-315
-338
273
268
454
-64
-324
-576
303
580
234
-285
405
19
-210
307
770
-631
-95
482
-422
-9
-542
-195
337
456
-44
-479
-103
152
-132
690
71
409
263
-306
463
255
-714
-154
-870
220
-252
145
-87
975
-110
-387
159
-263
-481
-61
104
283
-2
190
206
-318
-232
127
64
199
-135
-50
-102
936
121
44
181
176
201
170
110
152
93
104
-677
-621
403
236
-653
150
482
-328
84
113
785
262
-18
109
-99
37
-179
-202
-703
-650
444
55
-154
630
-144
561
139
-254
310
-172
-181
-49
-266
353
-545
-72
-93
220
64
-699
310
-887
-36
-430
-419
-143
-174
154
69
-297
363
666
-25
-40
-37
262
-32
-325
557
-373
-847
537
-482
905
-28
-153
-522
-644
533
239
293
-580
131
109
305
-406
128
-95
757
256
124
304
-206
-253
-163
421
-318
332
-571
-721
599
517
-401
-58
171
407
-244
-12
-204
-244
-284
153
-518
-183
281
-54
-188
-302
-11
243
-152
274
355
73
329
-491
-235
177
-214
-453
-10
736
-138
688
-532
576
47
-303
-536
-108
11
128
-68
726
-378
-212
-248
-571
238
319
252
-348
-483
-134
-139
-301
149
198
154
-85
692
124
-277
-295
355
-355
-678
250
-87
341
-280
-195
-80
-359
104
-634
497
121
-167
182
272
-535
556
-498
-17
-490
611
-236
144
389
-560
-120
128
15
-798
310
83
-493
-377
-251
89
-619
129
-509
283
91
-184
562
1213
604
-891
-512
439
125
44
-261
-94
-208
-320
63
296
-338
252
-142
253
151
255
-287
-69
-322
-242
-734
-12
-195
126
319
-446
-181
77
-5
-82
-167
558
54
406
-117
-81
-640
-52
-720
322
-763
-597
536
328
-607
-46
-350
-284
-48
-346
382
-469
46
-276
-104
-399
641
243
297
-82
-522
76
113
-118
73
127
-125
795
255
-447
254
-164
215
-33
-883
-136
-96
-335
-24
29
-666
582
768
127
-55
-81
-749
-485
-240
280
928
-360
321
-674
217
517
-111
-235
-209
-274
6
254
379
-237
-301
347
-296
-436
-58
192
78
90
387
-163
84
-308
-552
343
-474
-52
814
214
399
427
550
-3
138
692
135
-157
-482
11
-361
607
177
-592
-379
-76
-85
-49
-319
-252
-202
-99
-541
-548
250
195
48
-290
-279
-927
-154
-26
422
-39
-578
153
-265
292
240
379
1235
332
-221
426
850
-199
113
-415
-53
80
-153
28
625
115
-266
-279
133
-290
284
473
-164
-105
-61
-721
-21
35
-192
376
-291
-228
409
77
806
-503
-327
550
750
-287
-131
73
-569
305
316
-586
-462
-342
-861
7
-65
76
132
-6
245
-40
134
-207
78
171
-524
-307
-61
-470
142
237
-250
214
315
-377
-419
-115
-126
-64
24
-390
202
1
4
-285
-331
420
545
-41
235
296
-144
329
-553
284
422
1022
176
96
218
-821
-50
-198
-464
481
76
118
-302
-364
-439
299
-324
561
-298
383
283
123
260
338
-618
-129
-96
-368
-524
-210
204
228
257
-263
-333
261
-362
699
-266
196
-289
315
-106
-391
-172
139
-286
-110
-541
119
-312
182
-212
820
41
30
45
-294
-201
-267
274
-365
122
-202
-549
731
105
-314
-99
122
450
410
339
-462
-49
-88
-194
217
-145
508
389
-176
659
516
71
-346
-196
421
-155
-283
-366
-435
-253
410
-6
-800
-116
-144
-253
-324
-461
-269
234
-60
-65
-287
-242
59
-92
-542
-356
-478
454
-141
-5
73
585
2
182
-380
-350
-14
99
9
-549
-368
-83
39
-375
745
-209
285
-67
428
275
375
-34
326
-152
691
66
486
291
-369
831
191
-762
-279
-317
222
-70
-61
62
-368
196
-316
295
48
-18
417
154
-141
853
-374
-65
968
-305
242
-537
334
-571
52
640
381
-9
-7
52
407
-233
-116
330
-385
30
-253
407
-388
-81
427
1
-91
53
-453
-531
-16
-337
248
61
-47
-874
214
-101
-71
60
505
125
203
189
-97
-393
149
201
285
361
80
-65
-441
88
407
-224
-148
63
487
-1007
92
605
-199
677
-272
-511
659
-50
-206
-81
-235
-254
34
-52
375
-112
-47
-767
144
-170
154
-415
133
-87
-404
-403
535
-52
43
-19
87
-221
230
-238
357
-570
-104
-106
131
-730
-262
400
-17
176
-263
-415
462
-496
-246
833
383
33
184
-458
254
-219
130
257
83
285
177
-253
57
-243
211
155
423
408
443
439
550
-183
-68
-439
-230
236
-127
44
145
400
-114
758
450
304
-277
-627
-681
-276
178
-713
-8
-70
631
120
237
117
170
83
285
-58
-645
-261
283
-700
-522
-80
-875
-331
376
-3
-227
-419
67
-7
79
-137
-817
-75
282
173
841
224
221
263
1350
-852
667
629
83
-2
42
83
53
202
24
296
572
24
-186
549
-288
-7
322
539
154
679
-430
-460
481
-364
-477
673
-220
32
205
291
-323
143
161
-1
-203
-358
-316
16
1056
411
408
-155
230
-559
89
-21
157
-501
293
-273
-416
-377
-314
-72
380
369
238
146
-79
-593
143
-84
-124
381
10
298
596
-638
167
162
398
41
-187
167
715
-458
-336
-510
82
202
-782
-271
18
-155
-116
-241
-172
-333
-183
-54
-17
-514
-747
-44
-448
-415
-67
-280
-314
-122
42
468
21
158
-34
-160
83
-91
72
-328
274
17
58
368
-222
174
42
-172
788
138
263
-64
-88
-762
162
645
-1048
359
-659
-164
-315
624
-608
-94
16
361
-329
219
-78
-108
121
119
-190
-872
-56
-130
41
-79
370
185
-21
-249
95
-252
-189
-125
-636
-796
50
104
-498
88
259
716
-512
-230
287
-133
-246
398
-724
231
-286
-29
-195
785
256
452
-142
-254
124
199
-549
33
-465
-358
-123
-307
-278
509
-304
584
6
652
91
41
-362
-184
-210
116
-325
-825
-307
-277
-235
-1
353
-65
-89
-676
49
-389
348
-184
-295
-135
-496
-688
1023
-119
759
-416
-631
-101
394
694
165
-66
226
-126
-457
284
260
404
-205
185
152
-264
261
250
-416
55
-689
770
675
-446
-266
426
-384
-450
-245
-217
-356
11
328
-345
-389
457
257
15
65
156
-321
-1171
319
-416
-4
235
252
178
592
324
72
307
101
765
108
-96
203
784
94
-15
-377
313
-676
-103
425
-31
-380
172
471
-37
168
241
-74
333
-535
-379
-114
-472
0
58
-290
-623
206
-96
295
-347
234
77
-49
-27
-28
236
-138
-502
-100
200
369
-737
-616
-66
227
478
53
-28
241
240
75
702
330
-21
219
-385
172
314
428
-159
533
254
-226
-172
-77
394
-200
-288
234
-333
-485
329
-92
78
-11
51
-72
10
-179
120
15
-170
-463
144
-268
184
-364
-482
-96
191
1
-95
-578
125
227
-176
76
-148
342
-547
-123
106
441
368
-377
-656
-314
-639
-153
349
258
342
-285
-429
-96
731
179
150
-52
-210
118
-338
69
292
634
652
47
-580
18
696
537
-246
-27
719
286
82
-471
-205
-63
65
-754
-91
-215
90
459
2
560
-256
551
-70
-191
-592
363
-156
268
672
-414
-39
-58
680
229
-246
-115
-132
104
887
174
23
10
335
229
-330
315
-470
118
-179
-528
-440
-334
-428
427
510
-195
-113
-140
233
205
157
-256
919
-485
650
266
402
-499
145
171
-186
77
18
-1090
-314
25
-3
-376
18
-101
454
40
-588
-346
-158
-322
-193
-109
-110
-330
-30
72
1762
-201
663
-356
-332
594
-164
417
-354
-336
-385
-83
-23
-243
506
320
196
404
-52
649
250
-418
478
-79
219
367
-76
-147
670
-643
-200
421
-224
-56
-602
497
-260
115
-33
-682
-61
-279
-64
275
421
-147
-43
626
-259
-318
350
-265
468
-25
-176
316
-147
109
59
-41
-792
237
365
-361
-308
-71
278
-145
-120
451
-249
-272
232
-285
336
68
49
195
-345
628
-465
-639
-119
-522
604
316
485
705
329
55
-362
-329
-234
432
280
-678
57
-713
-252
-448
-108
-158
-628
151
546
711
388
-34
-66
-109
-790
148
-361
380
-41
104
-189
-257
-245
2
722
62
151
-56
132
84
-196
-333
623
280
289
-817
-583
418
8
-391
-202
64
-489
-340
-461
319
-614
566
164
-172
284
234
-285
92
251
8
-99
436
-424
-213
-217
298
18
-68
223
-256
29
300
-469
-301
-355
215
-658
313
-125
67
-178
145
518
231
-4
-108
67
-284
-179
-78
92
247
-380
734
-253
-116
228
506
103
185
-268
107
0
482
-63
303
356
-32
180
0
227
-302
-9
-173
115
428
-359
-240
802
532
-171
-242
324
-123
1072
42
626
-313
374
465
-690
-429
-466
379
1408
129
289
194
163
526
375
206
-217
525
-103
41
33
-111
-401
-19
-384
66
467
241
-75
-769
-550
87
-104
528
-97
-78
-85
500
279
-23
12
-444
-451
193
541
15
-17
-124
-243
26
167
232
361
621
-53
-65
219
29
190
30
390
351
65
-143
444
224
-172
625
-504
-489
-216
-148
-226
-14
-57
206
359
-526
-13
165
-1
-230
-99
398
-70
-468
-110
803
75
34
517
-401
-765
213
572
-577
-378
-181
-41
-398
-510
-285
-6
250
-43
173
588
595
-9
-128
324
-77
-354
781
341
-326
-133
-120
474
71
-230
-213
491
515
-43
-266
-389
524
151
-407
509
599
450
366
354
-65
-153
-505
61
695
-250
297
340
-559
-198
-290
134
408
-201
-160
394
-4
-272
350
-175
287
-31
160
28
-38
13
-233
442
-543
246
-106
-743
-25
-84
-198
-176
-366
318
257
-251
382
262
-238
255
-49
254
-99
-113
-360
256
-214
430
-656
223
157
-1
-83
580
-126
128
-139
284
-135
-52
286
-628
-78
-12
145
253
-195
-33
-106
718
-220
-70
115
76
398
199
502
110
-668
441
-72
-286
-218
34
800
-893
-67
368
-450
262
-480
-119
-273
-409
-183
550
47
168
-249
245
-832
40
-37
190
31
253
-759
-131
-453
29
504
-1100
-140
371
-220
338
-191
-23
519
365
-393
-109
480
-395
243
312
-434
262
-511
-138
-642
-670
27
175
290
-161
43
386
-120
-20
477
702
-543
659
-287
-579
-818
-260
46
512
165
-779
428
-520
-605
120
1
335
-332
92
-17
-647
285
-267
-30
640
-285
182
-229
10
341
-662
-110
-547
-516
-484
-15
23
-83
604
57
-703
357
-322
183
246
336
295
668
-361
335
-244
-598
31
-124
-343
-290
189
-333
-344
589
-450
40
721
97
-395
-550
213
494
-182
-72
89
21
509
332
-463
507
259
605
104
256
16
-684
624
-43
294
-156
-242
235
-440
73
-451
74
33
35
-120
-19
-251
-139
383
567
-520
353
566
55
272
-355
-76
396
142
-11
71
-264
158
388
-174
-610
519
-449
44
-147
160
39
138
523
-230
435
-705
182
-516
256
-391
-634
-400
400
-160
-81
435
84
22
18
-346
396
-349
573
64
-84
322
605
1064
-177
-452
259
-150
-285
-373
825
129
198
225
38
14
395
319
-140
952
194
31
753
-593
180
378
41
139
19
-548
127
-480
401
-429
303
209
447
-815
-133
-54
117
-63
-368
471
90
-293
-425
213
351
186
-444
408
200
-194
385
83
-232
162
-393
-140
-79
-203
93
-252
220
136
84
32
683
-192
561
-388
44
-766
341
-884
-5
248
580
153
4
-627
81
-63
-259
-417
-403
-492
-275
-129
348
-307
-430
252
-139
415
763
-299
-83
477
-136
-182
74
436
236
-47
137
-10
431
-360
-223
-285
2
130
118
-191
-75
470
258
557
-319
165
441
225
-748
297
-109
-292
683
-168
-219
-163
573
-385
-27
338
238
-483
339
706
-76
-919
110
-497
224
-597
560
-145
97
130
522
531
-97
428
193
235
367
121
535
-352
30
457
255
-11
-204
-207
416
-287
-216
189
37
52
-427
-354
240
306
-125
631
37
-333
386
-372
86
10
384
108
-691
77
62
11
221
-511
342
-340
-644
829
-216
-449
-1250
304
230
-179
137
-103
56
-273
-508
-204
-292
-592
-331
117
-393
-93
863
43
726
157
505
-24
174
-38
855
249
-510
-218
268
-403
-385
-243
-122
-103
47
-56
-91
624
-335
-242
30
-641
-324
-172
517
84
-342
-314
48
-223
-129
-280
-414
56
-456
632
-372
-147
-184
-768
61
-370
-411
281
188
425
-553
-150
658
-40
79
631
-426
-712
130
-114
-114
-45
182
-120
-151
379
37
106
489
121
44
-494
496
-156
104
258
849
411
87
134
-10
-3
-510
462
-46
354
127
-181
-350
-411
242
52
-308
496
223
-468
-264
212
-936
743
77
-394
138
-117
-297
-175
337
-458
-139
40
-8
-45
100
-536
-72
-360
-39
4
-541
-384
-183
-220
174
-211
-655
281
-133
12
-2
-129
-45
664
-351
740
26
-838
201
-251
400
44
43
-442
-328
-214
-193
-167
746
666
15
405
167
25
-9
-701
-119
-163
16
591
-82
482
-19
464
698
111
-34
120
-605
479
310
369
-818
389
-106
-231
267
80
-246
108
176
249
-97
651
733
-637
261
148
266
200
-135
-342
60
111
565
170
2
-296
-56
32
310
-23
631
-85
-242
-134
96
-414
-267
-10
-317
188
252
-626
-105
-372
44
368
292
-258
-159
-339
102
-299
526
128
321
-373
-89
-36
469
-53
205
219
-448
174
-395
52
-307
-148
64
389
-345
-449
510
28
327
286
-17
246
-409
33
931
-256
761
184
-780
76
500
152
11
317
167
306
-307
-478
215
473
-224
-129
231
-680
249
-132
-303
60
-111
80
-264
-5
76
435
-140
-233
-349
-143
124
129
174
-466
-266
589
58
651
598
111
438
-495
-136
254
454
225
687
86
306
81
-588
-6
206
-409
-506
-67
-594
130
632
75
144
-555
179
295
419
153
-147
205
-121
-482
132
336
-533
462
-198
3
-315
140
-469
291
