25 60 441
0 5
0 11
0 14
0 23
0 24
1 10
2 4
3 1
3 13
4 5
4 7
4 16
4 18
5 9
5 24
6 7
8 9
8 13
9 3
9 17
10 7
11 9
11 24
12 2
12 11
12 21
12 23
13 6
13 7
13 13
13 21
14 1
15 3
15 23
16 1
16 15
16 20
17 23
18 14
18 20
18 24
19 11
19 13
19 17
19 19
20 4
20 6
20 17
20 19
21 10
21 18
21 20
22 4
22 10
22 18
23 0
23 5
24 6
24 11
24 17
24
7
33
37
13
43
0
4
42
39
17
56
41
58
22
30
44
5
6
59
29
2
10
40
8
53
49
34
57
21
35
55
23
46
38
47
50
28
3
48
1
26
36
32
52
14
54
27
19
25
15
45
51
9
11
18
31
16
20
12
-710
1211
-719
-519
-624
208
118
248
87
225
-194
628
395
591
-87
-607
169
131
-484
346
343
358
-310
117
246
-120
-482
265
93
-235
-492
-698
-235
-22
158
4
12
-122
244
-442
517
141
110
-215
-68
-965
-331
-113
26
615
-223
271
757
386
-206
824
-67
1147
-1124
-361
-67
-53
853
-303
-226
320
78
289
436
215
-719
-13
444
108
-126
-63
-277
-413
-764
697
-149
-49
518
-917
-34
-140
-65
-403
310
493
-739
-354
264
-537
63
179
118
-897
308
-16
259
319
284
810
-274
-380
389
-573
685
-533
113
-165
-787
-362
309
78
73
-227
-500
-215
454
335
257
23
1040
75
-1037
-476
108
405
742
176
132
-73
-188
-62
185
-121
-171
51
-648
286
-188
461
-624
17
-340
-40
642
-450
457
-196
111
-826
-203
-771
190
500
-56
-331
178
385
415
-346
-304
10
479
19
-39
-573
228
-205
-715
423
456
11
-371
287
108
-1
-3
-173
-125
-585
271
-649
434
184
-217
134
590
80
188
535
-126
-568
184
264
782
-377
730
-40
919
410
170
-440
11
-787
1197
469
18
400
-370
317
-106
506
-335
55
302
116
-485
-337
-21
63
458
283
-149
391
-591
-511
117
-32
-454
394
299
228
-109
687
-313
-954
890
-167
456
168
-49
20
-687
-250
-452
229
544
729
-121
-233
-331
186
-152
-841
-306
262
-21
-1305
-145
-1116
893
410
-29
-300
-320
210
191
-452
-157
472
-588
-237
-73
701
266
636
175
42
524
-319
-368
-398
-565
-358
-183
110
93
-327
-177
-139
-314
-256
-149
-291
29
-325
179
25
-362
-577
67
-464
-299
520
663
-358
242
-61
727
38
-354
-213
116
99
-439
-286
378
760
-237
678
-531
215
-365
263
-1397
-337
-264
14
-96
468
111
-965
-706
613
-327
285
-281
350
-301
332
-921
380
415
-437
-227
68
863
587
285
203
454
371
-965
295
-58
-447
-167
-7
558
15
-442
584
-286
-1276
250
401
506
-30
-886
-292
607
357
-289
159
-75
313
96
-516
-797
-20
172
-709
-377
-208
64
-496
-283
-352
250
304
-286
130
273
-592
-163
-362
-613
259
-669
-326
699
-6
-28
340
269
196
780
63
293
7
387
266
422
-543
-59
-56
-50
161
748
742
17
-270
-307
449
-30
-663
-161
180
817
266
-825
-35
-293
85
467
206
-977
-428
630
80
-193
778
-48
754
-794
-346
-878
287
-338
436
-761
243
174
-434
224
681
96
92
-305
693
884
-105
1125
323
-509
448
290
-333
251
-46
-751
-305
-542
220
-106
-113
717
168
129
188
-233
-87
890
-7
337
-570
544
-349
-1149
-140
-126
32
288
-844
-565
310
-390
687
-160
-757
98
569
-300
-237
174
31
29
319
-333
282
976
419
-226
-689
-232
-309
519
398
-450
15
-391
379
324
578
-618
-239
163
302
177
-266
357
-417
-776
-152
-33
86
-110
665
-278
-269
696
-182
181
156
-191
903
1088
-605
347
388
-57
91
458
-315
-542
18
-652
-104
306
448
-605
121
361
-247
121
33
-424
68
-254
-744
789
99
-15
624
621
121
-130
165
167
-296
217
256
-636
56
-1
198
577
151
169
149
324
-612
-212
-35
71
-802
221
135
-303
508
170
-970
554
27
-147
-264
-412
-908
136
158
-353
362
-38
119
-363
168
364
-28
211
108
324
841
602
92
538
585
153
-73
128
-291
-276
-286
-366
-72
331
84
14
-630
-205
-413
-616
-556
68
-548
-404
-44
-918
226
-56
817
-143
405
592
-61
248
-411
56
583
220
-258
-496
-79
-23
-236
713
677
608
-107
-73
-145
-134
346
-218
356
534
-547
329
576
233
413
-160
-821
182
-369
213
287
-606
-114
225
413
-191
53
-584
207
695
-126
332
-45
639
258
-225
-478
372
-109
-168
527
-257
622
-199
-334
751
-974
-513
-566
-484
-269
-235
-42
-131
-561
74
244
-568
1100
-221
577
-503
140
51
-42
-289
-470
38
715
46
323
802
379
-121
649
518
490
-152
597
-186
1047
-561
-99
-67
-379
-334
305
-80
261
73
-361
-131
-63
170
668
251
334
200
-535
-918
-121
-750
322
-571
216
160
-299
-34
-804
-271
-347
10
-365
-376
-661
-125
-722
676
-531
-436
-688
313
1134
1102
-185
-536
95
76
213
-348
28
209
-163
-759
692
-118
185
155
128
-486
-456
430
94
-93
144
-71
383
614
175
289
-379
87
115
-239
320
153
383
-406
-560
186
79
-229
61
19
-101
127
70
149
-201
119
399
-158
-119
-117
812
-497
485
-136
246
177
290
300
671
-99
2
-390
491
-672
-972
37
-178
427
657
240
-813
347
97
34
67
5
282
-135
34
235
1
-744
-227
607
454
-34
406
-313
-339
1
-851
523
-462
-613
-223
572
681
-501
473
-245
402
-611
160
104
-379
-215
490
-324
-812
236
-1286
-74
639
-66
723
330
-644
429
-171
-424
600
365
-1144
203
-3
-329
-195
-232
53
175
-283
-288
489
64
-101
-409
-672
241
937
-209
-469
687
1
371
367
-295
-85
498
871
-172
243
71
-728
164
363
-598
909
657
-504
-192
78
-82
623
515
-1470
-37
-557
-11
-519
-200
-105
-696
-625
-70
-450
-16
366
698
-476
963
-542
-99
452
-171
-91
-1055
556
-806
-495
-31
-574
1
-625
534
298
-848
-395
474
423
322
-1
-158
1168
-410
-164
-198
-22
-48
-73
-947
-55
756
-396
-583
-122
310
-184
-323
688
477
-494
309
-350
208
29
163
-87
-111
678
405
194
-472
-675
359
250
568
-253
716
-412
-721
-80
-119
289
-76
130
277
1067
446
157
-137
-325
186
-540
-198
-87
473
153
-492
-46
462
-1193
-190
317
1107
216
184
568
728
-217
-675
166
300
-134
-728
-578
588
163
283
-189
-144
196
432
736
-444
1401
-458
120
525
-330
190
-159
239
64
591
3
-412
360
710
395
203
54
606
-232
-1153
-29
108
266
-92
-180
381
519
-447
-797
556
-238
-736
654
-298
67
-177
-549
488
20
-331
420
98
-82
535
-282
143
303
-13
229
-480
-33
-53
790
658
-600
-978
-104
437
-697
-234
444
730
487
-708
641
-289
-753
212
-172
317
-101
617
1464
421
-547
-443
-364
-636
180
-46
813
-844
-188
52
133
-332
-173
-74
-97
3
-5
-525
-3
-56
-232
325
306
-356
536
132
-249
243
-504
1212
59
-69
-643
470
145
817
753
643
141
-171
257
525
81
255
196
-148
310
901
306
-858
205
498
292
-273
-566
14
-114
-411
-246
865
1100
475
-590
906
-423
4
615
-92
351
131
-142
-267
485
-379
-530
145
539
980
182
514
436
-145
908
149
855
-1235
-142
-975
422
338
503
-489
173
-101
274
768
128
56
-752
-52
-580
105
-1
-313
365
-442
673
613
-451
110
-200
-306
385
-599
-609
191
-12
183
-169
235
-824
-362
44
376
107
-145
-139
-167
621
459
259
60
-1006
302
814
-622
-416
-655
174
-1347
258
-431
-407
381
-763
485
538
-631
214
-83
-162
-10
-145
84
388
-508
-11
223
-197
-641
-594
332
-647
-198
279
461
48
70
124
-20
138
324
701
131
-516
-324
559
190
-759
-514
530
-286
444
440
520
21
-115
130
-292
538
-46
-75
659
176
40
647
-303
-549
490
-342
100
229
135
203
98
-114
124
-55
-229
-1006
-537
-748
390
-120
82
399
118
79
-261
184
-759
-456
441
-456
480
470
-171
-180
-253
198
1063
-36
-74
30
42
-315
575
-423
750
-160
-175
194
-857
-188
491
-66
-246
587
-169
-591
53
904
-147
-73
-403
-141
105
435
-125
-340
-159
175
0
-360
764
130
141
-282
371
929
-834
-628
1101
-823
100
210
-165
243
-540
702
196
511
-600
-708
643
771
-312
515
367
-623
203
-131
-214
43
136
-461
727
-323
251
72
136
431
125
-60
-241
851
42
-325
-531
-57
115
147
349
-193
-777
398
544
97
-226
-462
-413
953
-287
10
-164
-185
180
-679
-1091
69
-53
469
412
-920
-288
-122
-366
-224
-384
639
435
-154
-291
-761
468
-317
-519
533
73
-474
-179
-736
-333
-78
684
-2
-434
247
176
-84
-34
531
-690
-367
-4
-119
299
-61
93
426
698
519
-234
-278
6
-614
42
-386
659
175
-309
160
190
-164
14
296
-323
71
1084
375
72
-57
331
-68
444
-575
-341
228
82
78
329
-577
-398
49
765
14
-84
405
240
-1250
167
-238
505
-114
-773
16
121
70
34
521
562
-330
608
-566
-323
190
150
254
-687
19
-319
-146
574
443
189
135
684
192
272
-93
375
124
669
207
341
-952
-471
722
270
-107
-327
-347
6
548
-94
-26
-108
55
-7
-74
-270
602
-230
205
7
476
474
98
-240
-128
-384
1283
203
120
-89
-375
4
524
845
-362
901
-134
-663
-697
155
111
-166
-64
43
265
-69
-98
340
48
-1215
-544
728
-504
-29
85
1216
74
-435
90
-462
-241
530
-464
372
29
-76
430
-155
369
-775
482
-118
345
-145
381
59
-75
759
34
-203
-289
152
-1043
-558
47
177
334
19
-725
-289
-588
659
80
-444
-98
256
-821
-299
534
-829
-1304
533
-446
-805
425
656
673
-312
125
-804
-40
345
-9
-162
-340
243
59
137
-67
33
399
100
-640
309
177
-385
298
748
-412
533
-245
-262
-185
-286
110
235
-1086
312
128
74
184
-34
307
-421
173
293
-241
-35
849
511
191
323
526
-706
10
-561
-9
-132
308
256
192
-819
666
-439
-107
-365
-374
801
1198
-489
222
-540
218
-185
-487
-574
455
-698
144
-217
771
863
54
213
189
254
476
44
-361
-100
425
-723
554
771
720
60
-11
764
969
564
-691
-250
-656
332
-195
-53
159
290
204
593
827
750
-475
-78
-146
-840
1163
-674
-46
-288
235
-67
175
-346
148
-337
-198
-216
57
-162
-311
317
838
445
224
170
38
143
-83
-570
-121
-559
-65
-511
-10
-340
419
751
700
282
-577
539
-414
-677
-486
205
-224
157
-233
691
455
282
883
-396
467
-357
-216
486
835
5
-504
564
-693
-1311
-614
-272
444
-68
601
-420
-169
486
-454
-351
352
16
-120
0
640
43
-508
-783
290
267
-895
-508
-33
-322
202
-484
-307
-389
1113
-221
-36
-215
-81
46
-354
-160
-33
178
-984
-548
199
521
241
-399
3
-821
358
-157
-144
-283
-1460
396
-245
433
-385
-37
288
-27
-415
875
-228
-69
11
-213
250
-125
-386
-466
30
619
667
-123
409
-927
16
76
173
-13
624
-228
452
25
708
142
-51
-659
11
-367
185
-605
6
204
-151
30
223
707
-291
289
186
-78
19
-588
-256
-176
-172
-280
583
1186
-760
284
-197
398
71
371
-72
518
22
-458
-112
80
246
-90
-143
-134
145
-287
316
176
298
33
-77
-697
272
8
974
-662
461
-201
82
73
-231
-59
139
588
521
550
-65
-305
-712
800
29
41
448
-63
-985
516
-228
-660
307
-315
-995
415
-328
455
-334
244
-257
-373
-763
315
-1265
-498
-782
66
1110
-886
354
-237
114
-444
909
-204
-120
23
58
-7
59
610
-724
-347
-506
-172
-58
604
-321
-284
480
698
-405
49
-468
-444
-157
25
673
-293
-238
-196
-1161
-564
41
356
-162
-201
-352
-320
-146
-71
-709
12
-517
-308
237
19
256
-155
789
858
271
468
-60
-366
47
145
-17
-208
-268
740
-477
858
-570
179
39
-76
286
430
-437
203
397
253
-253
551
-493
165
-210
132
789
-78
154
-179
-139
-221
851
-37
-610
335
-96
-438
515
-624
44
-349
-171
45
-439
300
536
-678
-742
-354
-170
238
-288
739
298
-433
-436
-267
168
-307
-280
-203
92
-208
496
37
125
39
85
461
331
-185
353
101
-612
215
-185
301
-205
-117
-67
-117
-302
315
-64
374
385
-120
692
457
668
-362
-35
99
-24
252
-155
-561
258
353
171
107
-240
-379
-98
-247
-484
119
-345
132
-315
484
794
-68
125
204
255
-424
-128
-139
-139
664
-301
464
-85
-507
-790
-412
-767
-301
226
75
-610
335
323
65
208
-140
194
-228
-504
666
-68
-151
-182
-486
61
-219
-405
-552
220
489
199
-336
-339
488
-796
-233
718
183
-138
-1406
160
212
-592
49
100
-145
-129
164
157
965
-471
-699
-177
-359
-108
438
536
-376
1
429
-25
-41
-382
194
-139
-764
-171
640
-333
739
-124
-411
556
-732
437
577
-1077
180
-186
1045
617
48
470
1209
-75
-332
337
40
-315
254
227
-731
-246
-351
-205
-407
-488
260
379
-758
81
815
113
522
-18
-376
199
34
-221
1
1232
434
-133
-24
102
-96
162
950
-400
-600
-913
-119
-800
902
304
-40
183
490
29
-309
401
712
313
-181
-1229
160
1135
-132
480
-92
428
-272
-177
-640
128
701
-549
-418
137
-491
-351
-355
20
-277
591
-6
668
-215
191
851
-64
-772
601
-67
57
-181
199
-197
33
48
-18
312
211
737
-325
-127
2
-334
231
-436
-182
192
-397
606
62
52
466
431
-179
26
221
884
408
-491
232
100
56
3
283
-392
-302
269
722
-146
-980
-133
156
-499
733
-204
-356
-48
-370
-414
-371
168
-22
162
343
365
119
1054
-298
-157
-60
-5
-1
495
-341
-179
72
92
886
-35
-46
109
207
-293
-209
-125
206
299
-728
515
183
677
92
-1010
-197
1392
72
-124
432
-56
-657
113
673
-51
378
205
-158
-852
-370
-581
-239
-110
-247
-109
-305
391
-310
200
-488
-164
180
-10
337
28
-25
134
475
-563
-634
667
226
-620
95
-476
760
261
130
375
-289
-302
-1255
-440
576
-330
28
182
107
98
-314
-1116
140
-63
-421
1199
-545
334
15
-183
94
1052
657
242
-378
300
908
808
882
352
-477
148
98
794
676
596
-87
-340
667
90
-820
-112
-804
88
490
-159
423
1521
-22
312
-250
42
809
413
457
762
-223
-534
177
-441
339
52
-430
729
-117
-15
-305
-259
-146
-149
229
-460
-486
-713
544
-305
541
661
445
-9
-618
402
-279
96
266
219
-698
124
-799
217
-330
-27
562
-204
-291
-608
-85
214
461
163
551
-465
353
-395
-276
497
-202
-285
910
34
362
-446
-421
281
-318
-192
104
-217
596
371
228
1510
-1445
-3
-180
332
-39
1
-409
569
986
735
-4
419
351
143
-295
459
347
398
861
729
201
-299
338
373
645
1039
-32
965
479
659
502
-704
179
352
-26
329
627
711
-607
-12
-833
486
-439
-301
139
890
512
-29
-480
465
211
79
-755
-258
-494
-205
-41
-246
-57
328
558
-634
-304
-677
255
753
-346
194
-334
346
20
473
166
310
59
27
-552
604
426
273
-329
-27
-534
-298
203
72
-146
-56
-169
-327
-380
-266
-226
-331
697
81
710
685
-529
-261
-215
229
-395
-38
26
-185
836
-273
-125
516
216
-1302
126
-371
8
99
-497
252
236
485
-50
547
560
-99
120
402
-164
-500
180
-92
191
14
-510
-46
-387
114
366
-361
-6
-343
55
-710
68
203
448
97
-421
-183
384
183
510
261
-90
-53
-40
20
-179
-115
607
507
-555
679
-902
-19
82
-152
268
-478
-291
117
-355
152
-217
364
-416
-356
-272
641
114
348
802
206
-349
-318
37
-316
111
85
281
713
461
-338
-18
-716
314
-189
-285
-215
-97
-319
48
77
-164
240
810
185
-665
45
256
-368
-33
617
1016
-208
-388
665
167
-376
806
-823
-446
-25
-268
-28
536
373
-1000
-660
-872
-513
226
-925
-222
-268
60
-184
-552
1143
-122
-275
340
-416
-72
-199
-751
-229
301
-363
377
-340
345
-493
248
342
-53
230
496
414
-152
-744
-254
-211
-279
281
327
256
509
-121
270
-121
-398
-29
498
1101
-179
333
223
105
-152
642
-369
314
258
662
-170
-373
304
-73
-1086
623
255
39
160
-155
358
753
-482
-382
-60
441
-169
-175
694
-1145
1205
786
-174
129
-191
111
314
-360
602
-231
-177
-261
-1068
-257
-567
-16
375
-9
-404
230
334
-183
662
-26
1025
-215
-20
-22
-314
-823
32
-301
-435
432
-348
-371
141
-888
-308
-239
-36
-526
351
-412
-16
217
377
68
-680
-30
772
202
338
-482
695
854
137
-74
-453
477
186
1098
-277
905
417
-471
50
875
-682
131
461
-87
-839
224
382
127
-180
27
217
283
228
243
-99
309
1458
486
-152
662
-343
-339
138
458
260
-280
0
656
314
-864
-319
-139
460
-113
-637
-286
-131
-282
206
-274
550
-84
391
705
177
-1238
386
97
377
-636
-131
-343
-166
234
496
55
-17
-673
787
-681
297
185
451
67
-426
573
-417
409
518
69
507
315
418
-34
357
934
-407
-28
-418
132
240
-22
-56
185
-219
6
371
662
-557
980
-517
22
594
235
256
-334
507
-331
-457
-386
126
436
405
37
-344
332
272
-476
-289
-288
90
-817
721
220
-260
560
-443
228
474
-578
49
252
-95
821
263
1242
103
1
144
-136
-249
-215
225
656
524
-619
-596
-263
-1023
796
-450
212
457
441
-139
-255
534
-194
27
874
-46
-304
-481
122
-195
-788
64
-254
266
-57
-41
-547
447
-73
490
-77
-16
171
-108
672
128
206
-25
-132
478
-1115
-165
-167
-366
-102
-1079
839
-172
-191
-285
-897
-274
1
-76
-310
-222
-479
-553
374
-11
-927
421
226
-142
-273
-149
800
-8
-605
-384
-279
-757
240
538
-540
210
43
-53
93
-316
-251
406
-258
39
-361
-54
30
404
-567
-9
359
221
681
-124
446
336
-401
732
743
544
228
768
172
171
953
69
568
-272
-402
-71
921
61
706
412
156
120
-431
-1033
318
316
233
272
-331
311
-587
-673
710
-152
42
-795
-397
374
-504
253
212
432
-787
-396
-505
-138
577
491
275
-234
345
-320
236
68
246
-393
23
681
-161
290
-174
268
-410
268
-660
773
186
-779
779
-159
-846
-759
-520
1054
-70
-253
53
403
-580
219
-571
-403
469
-102
557
16
6
-170
-935
-618
-340
-218
-484
-117
440
180
257
367
-313
-103
104
-836
325
-70
11
-453
-63
226
-597
459
-336
-1094
150
62
73
-342
-227
735
102
537
-104
-258
-588
546
205
-185
529
-708
54
-235
-135
516
-750
-507
-392
-214
302
-748
82
18
-146
-228
337
73
414
-289
374
183
-443
-160
87
182
-546
25
211
-827
488
875
779
31
-107
148
-70
103
-116
-720
56
-1059
645
-399
32
313
780
-111
-288
278
-805
414
78
648
48
417
105
463
-26
-12
449
430
-106
611
-486
392
-83
121
658
-152
158
482
-332
-688
-359
-151
410
-703
-111
-660
-144
-123
-444
-383
452
21
-320
402
-687
-629
-281
362
591
-316
-2
-551
-158
331
251
-505
623
102
642
-113
-647
491
-427
-490
385
15
-374
283
102
-159
-118
-856
97
-396
178
656
-40
-44
302
550
-660
-949
-254
-68
190
-113
984
744
-376
-474
163
-11
-296
400
-664
105
-120
214
408
731
-299
149
-119
-471
22
-361
315
594
-1164
-1101
-150
-120
883
-561
669
-235
63
-469
328
764
54
891
418
172
477
155
39
411
-161
-587
294
219
261
-483
352
-267
9
525
179
-463
-103
-257
756
206
-587
-552
-198
685
203
-635
-197
134
-505
734
496
-53
-152
-443
-273
-573
-726
321
209
-489
57
-1046
168
-974
-761
-399
-9
-183
59
-826
-181
809
150
-105
29
476
45
813
-66
212
439
-408
525
-333
-338
-27
100
222
-25
-35
250
65
-431
-217
-337
755
-17
1279
433
-775
-181
249
860
235
276
-94
-69
-151
-328
196
-616
-604
-229
373
339
423
11
-699
-555
25
159
-602
264
302
219
163
-219
4
218
88
175
-193
-301
-82
-231
85
102
173
-1130
439
-172
306
-119
182
-118
298
-126
598
75
408
809
-745
-410
-229
-305
74
629
-732
141
458
474
560
264
-277
115
-171
-810
52
740
174
-195
-890
289
89
-362
-576
-277
-601
-1100
29
373
27
-142
-862
-115
-728
-358
-190
-142
-656
81
-277
219
118
647
-190
-216
-130
905
-594
-261
171
113
368
168
106
-963
-73
12
221
-410
145
267
-110
24
-126
9
597
-664
-713
-173
162
163
660
-144
291
544
101
-901
24
456
220
-278
-323
-644
254
-602
447
-13
352
-429
-289
-84
862
142
616
-337
433
110
-23
653
-427
325
-505
-355
163
-656
-539
219
-699
-240
421
-601
-482
-236
-223
-327
-269
-462
10
267
66
561
-26
-92
-54
53
763
-404
525
-303
335
-166
-208
572
6
215
-65
-776
286
-111
-460
652
-121
-69
-452
701
-429
75
653
-274
-347
-36
-129
-218
1
557
-124
628
320
-486
-265
362
60
-519
221
292
-412
203
-216
15
-164
0
-1147
195
-428
330
532
-628
-47
50
175
144
114
-432
154
142
663
23
50
72
749
362
-98
-10
447
18
165
372
165
622
-583
-232
49
551
585
-117
477
772
-560
305
-522
-607
136
-486
496
182
-99
-17
-54
-382
248
-1033
677
17
-191
104
-27
306
-264
225
-379
417
-579
-131
16
-261
-17
404
10
1370
-676
325
-25
-403
297
-944
499
-92
-169
-554
-111
-59
665
-210
-785
-358
-548
212
56
-291
354
222
361
-311
27
674
-588
223
-500
591
177
-23
-638
-429
-971
-584
952
222
189
-200
-100
-633
183
206
749
53
-628
-260
-220
-180
78
540
-32
352
-412
-222
192
7
446
147
-489
-539
-754
734
-43
-1185
897
-483
-345
-93
-67
-520
283
-277
-80
130
-465
-533
128
28
337
-311
-38
417
439
-58
85
-458
467
-471
337
417
-171
-316
145
-5
-30
627
177
-288
-850
637
-52
44
-35
519
-240
-604
-292
642
225
-151
-286
288
-117
535
-178
-718
-270
-52
-116
566
523
121
-124
-395
-637
360
-194
-502
141
741
-375
8
-237
455
-347
502
-72
220
-606
-142
-508
179
-44
-281
519
-87
76
289
175
25
-221
779
-921
314
162
-246
-683
102
-163
164
-35
-187
533
97
-308
156
460
-714
519
-613
-360
230
-213
61
-199
322
589
-593
309
71
17
584
-190
-125
-161
150
4
-343
-1015
364
-463
-4
625
-539
0
-504
-80
-641
-404
287
-498
-774
9
-613
-299
-8
-69
-254
550
-139
-1030
766
-503
1094
758
-105
-472
-191
-208
76
-215
320
48
-123
170
292
-285
817
-114
187
561
287
90
-576
-90
-311
406
-719
-94
158
415
44
-472
170
62
201
644
-758
-726
-247
-218
-608
-751
-367
735
128
300
902
-22
822
-320
607
-264
-159
561
-201
-499
657
-746
-42
-214
195
36
-797
-186
91
-98
-126
-116
-1
-392
-186
-750
-127
-555
-144
253
-225
542
-1184
-315
-327
-113
-160
437
-117
-75
-602
471
200
-136
-293
765
243
-237
242
485
-521
97
-21
549
-11
55
657
-178
148
-303
-263
357
-298
150
475
-477
205
-367
-391
317
208
-614
261
320
-837
-380
10
582
-337
42
-24
-16
190
-322
-400
16
-36
577
842
73
139
699
468
-388
439
-18
315
-462
1065
282
-44
245
-404
110
595
-605
167
355
368
-89
321
289
-375
-99
319
1139
249
1208
49
131
134
503
114
554
-567
671
213
-435
-387
-125
554
420
876
-1301
147
74
167
333
29
-400
-157
-638
137
372
307
71
159
-507
-798
-39
-463
-569
88
253
-258
-49
171
17
196
137
279
-662
23
-7
140
-158
-595
-335
-824
397
312
582
-803
-215
674
-557
-5
-15
200
-35
566
124
-46
-83
-1275
1086
-184
-384
130
70
-204
463
140
-252
-1251
114
258
-364
-208
-447
590
-692
-358
142
-721
-557
175
108
174
-326
602
358
-551
-500
-233
-149
163
-32
668
908
-387
387
176
911
-14
-679
307
35
-568
-144
91
-516
458
292
-105
42
-130
524
117
-428
194
229
-499
955
689
354
-149
141
525
-580
-239
71
222
278
-71
171
-344
182
263
-717
494
-1251
-93
-267
134
192
-160
443
-372
736
447
-325
676
-118
236
669
438
117
-391
-623
-310
-640
-301
-656
526
525
-9
-576
647
-80
20
408
-525
-902
-115
83
-340
-129
-130
-294
-357
207
251
568
-197
-427
-283
319
143
840
94
202
729
-240
90
313
232
607
544
307
-763
-185
-684
434
339
25
-581
885
-802
-534
933
126
-561
1078
141
293
-421
-641
438
827
746
-10
321
-212
194
1347
415
172
136
-2
409
-227
205
387
575
-228
135
-1227
-314
-173
1142
582
-253
-423
99
684
62
-182
596
736
276
203
265
-380
-387
-31
-388
-25
-420
102
359
161
152
-141
222
210
620
260
366
167
711
346
653
-1302
952
-58
315
86
-31
-121
-50
-176
-340
132
347
412
-321
-664
-432
-110
331
-661
-285
-395
-566
-21
660
702
146
-46
-304
-45
-2
72
-21
-46
192
-318
-356
-298
-317
-1232
434
706
193
525
-298
164
409
254
301
366
77
-387
-314
30
-135
-104
-85
179
-258
211
80
0
-105
-538
-903
-855
-75
-49
451
228
0
-847
-439
-56
-100
-250
605
-999
-234
-1021
359
61
580
-571
563
265
132
-143
664
-203
-404
-137
-282
376
-306
-374
-64
-157
891
985
-186
-317
418
221
-203
-6
-896
180
-71
134
237
-856
-100
-462
587
228
-15
-29
-441
-77
441
134
-105
917
486
-22
-446
720
622
-215
-93
108
-13
94
-489
-278
-317
24
456
-151
-57
-141
724
107
-333
-33
381
-144
62
184
-752
-292
-534
-506
74
424
-761
111
-133
21
-488
232
-325
179
-85
408
263
-234
1049
587
-65
-237
153
337
500
-47
-162
689
-72
-12
-312
-53
400
275
773
190
-219
-930
232
656
-116
-9
-227
243
302
91
595
504
221
-211
208
-287
-165
24
-170
80
482
220
-247
-491
422
-340
-336
118
462
145
1451
-555
-1550
-1001
-9
127
591
-530
-434
-498
-491
109
539
-156
-412
-406
363
585
-27
-392
400
14
707
-535
402
-584
-567
635
-902
101
1105
-527
417
270
-256
155
341
454
462
1127
32
354
-348
309
-522
92
-307
-87
135
-671
-661
-364
-123
-717
-255
4
-166
-192
-62
-603
-222
107
187
465
-45
-170
296
150
-230
263
70
22
-210
574
174
-79
-435
-164
-202
293
380
269
-255
-393
655
-96
428
-566
-296
424
541
-15
-153
5
-432
15
-262
-7
753
-208
143
-358
370
981
-382
291
-176
593
-279
329
561
224
676
-18
234
-384
-285
-827
-1067
-17
-617
404
48
250
99
464
-95
-307
-246
107
-189
-695
234
-248
-1004
389
62
304
477
-184
-365
1153
65
-209
-7
-30
-687
281
-837
92
35
383
171
-178
-521
-144
702
127
355
652
-464
-211
582
236
-407
325
-451
118
-281
-258
159
362
-586
283
14
576
160
-445
-144
120
197
307
-281
-228
415
-675
-907
-52
-1224
-162
136
-66
-219
-204
-442
106
-449
257
-378
987
-631
-19
470
-142
242
-287
-578
-522
-726
-550
69
-66
331
96
-135
200
248
545
-777
224
273
-89
-151
17
-244
-1103
-302
74
396
-52
-234
426
281
-420
-656
-162
112
336
-54
-242
147
-358
162
-387
454
-211
-50
-418
396
-169
-242
-49
-342
307
-592
147
68
-16
-735
-689
29
-454
-522
185
-383
1
-26
-518
1085
-585
-419
197
246
-481
-459
150
153
-250
492
-121
705
-235
250
-503
-76
-57
112
-18
1001
-610
1049
551
537
-396
-45
126
-89
-177
-19
-665
-380
527
-443
306
-243
699
-166
-250
-532
-750
-139
594
356
-123
-208
16
837
591
-573
-615
294
-381
51
55
1060
333
1016
-931
361
-571
-439
-422
-404
570
284
717
-17
-317
-331
-108
-64
-124
-333
-70
278
-493
205
-71
-274
804
46
-335
61
253
359
-190
-100
-852
-58
215
255
-197
-147
-474
-157
-51
829
181
-352
-619
309
-242
29
-102
-117
195
180
38
776
379
-292
421
99
250
-135
131
-810
357
40
-318
-315
44
-723
696
402
69
512
-145
-18
269
61
358
118
-3
-37
515
-436
346
415
119
-323
226
-355
-197
-255
308
-478
242
-1091
540
467
14
-140
92
519
30
138
-363
137
-551
38
-689
-407
-668
-434
-678
520
718
-49
-386
-173
-117
-354
-3
-270
190
-466
123
581
236
14
-114
-914
989
-116
407
-803
-751
386
-121
205
-74
-91
57
327
561
-16
579
-65
-199
-20
-163
460
9
331
-278
802
69
-30
367
601
141
502
612
111
171
-104
-216
-403
-31
101
673
576
100
-288
869
-846
-380
59
-285
98
894
-262
-346
-137
-222
-346
313
89
-133
108
185
391
405
-764
-150
-404
540
-144
219
693
33
544
-256
87
-99
-426
-15
-467
134
491
966
-681
15
86
104
591
-33
-204
-259
50
480
200
-173
-424
-499
-415
332
11
31
-149
405
202
127
142
-102
-76
-126
-202
632
-202
71
891
97
414
263
-148
-247
-733
-11
99
357
-449
-1
333
-23
1088
754
336
331
-27
683
-91
-697
-36
427
-350
-771
-80
-463
-243
-414
270
-127
-925
-317
-104
184
211
-263
496
-275
383
558
223
560
633
-464
708
187
-575
12
-249
653
-451
-260
-408
153
-189
-278
554
-22
-278
412
-401
-409
127
396
-148
-364
-1009
548
-108
-139
89
515
-711
-150
40
-272
-64
-345
-511
275
-335
-144
-635
-16
155
-25
349
-41
-130
-841
9
-564
247
-504
125
40
403
-38
-326
126
-388
-484
558
-302
-23
-404
101
-567
-204
57
150
-693
-42
118
267
-491
-56
-163
-298
-56
41
412
70
-173
66
-588
302
207
362
-456
182
548
-342
5
175
-61
-99
594
742
140
-534
-98
217
305
415
462
-324
-1065
-330
-123
698
-241
-491
-303
661
-17
-617
136
-665
-544
728
185
317
-327
312
-265
-163
694
757
-304
422
-40
577
98
442
80
350
264
-97
-455
449
411
-22
91
-96
-167
-383
470
-233
596
-278
-397
134
390
-406
-340
485
362
322
9
61
163
-134
113
-431
82
-539
-327
-714
335
-411
-221
27
-216
828
870
60
670
91
200
-625
-482
4
-208
-102
-159
-493
653
321
-462
240
-836
-303
-77
-782
488
-798
-391
279
167
106
396
629
-445
-386
-171
137
-216
-522
567
370
-112
-839
-604
394
1329
93
263
6
-300
-164
-843
577
-510
230
229
638
-88
-191
95
-570
418
56
27
114
-582
426
-161
-191
515
1071
-238
-469
434
202
-44
-242
-591
-328
-54
-84
-245
1038
197
-361
234
-521
-721
878
564
-195
531
-497
-330
-529
355
-518
-1031
329
-1096
-333
-476
-476
-157
-1021
22
772
-125
-900
-127
174
216
-60
194
-67
624
-200
-110
270
-189
-117
-36
123
558
642
-24
1279
-56
-851
-223
-523
762
234
654
-345
-75
304
-83
-149
499
70
314
591
243
-432
76
1055
788
646
-927
79
-519
28
608
-748
399
125
-396
271
-240
813
-428
728
-184
248
403
164
57
239
-475
171
-234
-232
829
640
672
-103
-233
-18
150
545
-177
-85
-412
-678
-158
555
-244
-694
285
452
-350
206
326
79
-136
52
28
110
-545
-119
-142
-44
-443
41
404
-804
-418
149
445
495
-28
165
-599
-673
119
-361
-296
220
-204
530
762
428
-70
-34
429
-773
-225
-111
380
-517
-188
-480
-320
234
32
369
284
-52
693
239
-68
958
-495
16
-51
-459
-722
-998
-45
-203
537
416
-543
-358
145
127
91
-404
-455
412
-741
-328
128
-155
-825
473
-207
-810
-512
453
-220
-248
570
202
-34
36
37
58
-404
589
-70
-186
-427
-289
742
-317
-30
-17
50
452
-834
185
-261
-498
-49
-659
-185
113
-613
11
-126
99
212
175
-372
-313
-97
-658
-571
315
498
297
-602
13
208
-173
398
50
-727
-699
212
197
-356
-904
-337
207
1006
-450
-875
-84
12
-490
-461
89
133
866
-537
572
-194
554
-412
102
343
233
89
195
-738
97
-81
23
129
-356
-169
416
-148
382
-55
-92
-239
-1051
74
245
422
514
266
-278
-708
-967
-1027
586
73
813
-25
302
-1122
-934
142
176
-842
-37
-202
-29
-82
-376
165
-231
721
-165
607
-542
-461
-186
631
530
-300
-296
181
695
-573
40
41
178
-143
26
-567
141
-65
2
-386
373
186
-59
426
-345
158
689
-292
330
-2
421
-274
-150
203
-152
-171
292
58
729
-404
-1103
-302
818
504
-316
487
262
-214
-360
739
-66
229
-575
343
-80
-564
906
172
-615
-419
-656
258
-1036
-467
339
-166
-819
-168
248
-181
-55
112
-326
355
299
-881
607
1402
645
-33
384
307
645
-192
-618
-432
-197
-252
391
-66
10
240
-63
28
-240
-699
693
-367
-532
132
212
6
100
68
-262
-617
227
-376
-269
31
-120
344
-726
-676
-399
-95
-61
176
130
282
130
82
350
-977
462
-597
47
-134
-369
462
24
-113
-229
-436
-65
435
493
143
87
944
106
-291
-283
-333
-129
692
-540
411
808
535
291
-243
-659
164
-1
496
-154
113
278
415
558
-66
212
-555
-615
-354
230
1021
-435
4
-168
108
507
94
-271
-875
113
385
134
248
-657
-139
-298
-345
-54
201
-968
17
-435
-450
386
174
-396
234
-134
231
953
178
560
26
1196
196
274
251
208
-668
644
452
85
-338
-579
-830
376
91
-194
414
300
458
-583
127
600
520
117
-352
-36
-538
-407
352
189
584
198
268
758
-636
-250
540
397
431
309
-36
-3
572
212
-663
402
144
-114
-57
639
366
-540
368
-727
258
-333
718
97
257
794
-93
-192
-151
-308
-35
-27
-122
-143
-164
356
592
-496
206
278
486
-69
-97
-214
148
95
357
294
583
359
-260
636
135
-298
517
841
-249
509
-406
273
156
-1003
1090
511
-282
-604
-458
330
249
-168
-346
-143
101
-423
185
-532
85
594
193
-398
449
662
-750
-425
145
-580
223
-1253
355
199
-253
346
-264
-139
-52
-53
831
-825
-132
61
-22
347
699
384
709
-356
-140
199
-245
-331
426
156
714
127
318
144
-122
-83
264
-403
-705
-135
-152
402
1024
-8
58
-515
-36
92
96
-481
-267
29
632
794
-191
-391
-744
-344
212
-390
-12
-216
687
-99
-30
449
6
-529
561
-679
-505
355
-14
-141
674
158
578
-386
881
245
-557
-225
684
-30
679
248
-424
-962
332
-96
-333
-470
655
-566
649
-841
342
594
-51
480
-177
-127
59
245
287
259
-304
7
359
5
-4
-688
524
1305
-346
119
218
-289
218
-96
252
437
98
302
390
941
-887
-218
-172
473
-169
-243
-199
-667
454
-83
-804
-471
-1157
-151
-102
-181
-243
-386
137
-69
-100
-283
24
405
-466
-264
245
-14
615
-378
-846
443
114
-83
-161
246
140
-791
-181
381
-224
36
149
-391
346
-201
-149
143
1
-617
522
-71
148
-43
454
-581
-131
525
-374
-140
-656
-74
54
74
-675
-28
892
418
-7
688
0
146
283
-236
724
32
-456
-47
623
-31
-716
534
-211
-311
170
-301
-634
497
136
-90
-625
-824
333
-199
-553
64
-433
-324
251
610
19
-854
584
110
459
-793
209
25
798
-177
-401
-121
759
-213
-139
-178
-330
-236
-677
88
-228
-762
-80
-399
35
704
-388
-109
-224
320
400
583
545
54
106
-28
-879
353
128
333
132
428
270
390
106
-202
-277
792
300
-111
22
-368
1272
-57
-638
-423
-859
364
150
-82
212
47
888
-614
146
-379
-103
-418
-481
455
369
-537
-258
11
86
-250
158
472
328
305
-342
472
311
198
-305
248
-946
-371
157
-302
-124
-40
-109
-1132
-385
-446
548
506
-574
-520
-251
29
-1088
-742
156
-602
-214
-115
-114
-626
134
246
542
115
-277
-390
72
100
-567
163
-286
1114
177
-246
-281
-297
469
317
-151
633
358
-58
105
358
526
997
590
13
258
-257
-727
-434
1063
549
-387
33
-610
-691
-203
-209
327
-545
293
373
-189
-461
-353
-514
-754
780
327
-344
-1019
-481
-91
744
-109
-362
500
102
-317
-270
312
-442
-135
725
278
-213
856
723
-367
-366
-372
137
-600
653
422
-551
-13
529
-447
230
181
-690
22
283
-79
-90
-1048
-1209
-40
-1127
48
-494
290
357
1140
212
516
-8
386
1016
74
-285
366
62
-190
28
79
-435
183
11
-109
677
-392
165
-156
-226
-32
-239
449
232
-819
-757
-99
565
174
-199
-425
144
608
132
-147
-221
-782
94
-527
-22
-20
472
132
-517
137
-271
255
144
-1010
240
-886
179
53
-318
669
-101
-231
583
797
437
126
-80
-619
-236
32
563
610
50
325
-405
505
-774
-899
-559
123
197
-48
97
-109
125
-109
229
-285
21
-577
-489
-345
162
-20
-160
-396
128
661
701
383
-373
-40
716
-616
849
301
609
-68
622
-95
-418
183
-281
-561
-171
56
488
-227
-395
-172
-178
485
-184
-375
147
215
652
-193
99
-116
22
-12
138
-419
-70
207
-718
-183
-720
113
566
-51
-171
-18
352
380
33
-307
215
446
163
-550
-932
546
-35
-314
-383
538
-6
277
384
10
381
-543
-111
-801
142
1109
-394
-271
-794
-85
-78
-615
374
34
-148
252
-367
254
743
-18
-270
-258
-363
833
-87
-318
-628
504
-53
637
-13
-803
-382
189
-469
790
-1041
-550
-296
484
253
-637
322
246
-114
266
-278
-477
-442
-319
770
152
43
-389
-146
-748
180
433
-77
673
-94
321
-243
-622
575
-301
90
-372
627
-426
-529
9
-488
168
689
631
-408
-172
66
397
-126
-293
27
546
227
-156
364
-147
409
510
-689
-727
-980
-223
14
-614
769
-391
-279
-829
-818
-136
617
-302
-307
-250
266
-667
-411
92
-277
-549
198
334
162
95
-283
180
-6
13
431
499
-297
539
-754
-130
-464
158
-115
-112
152
-266
492
-122
-449
-346
90
276
-499
-723
595
339
-288
685
398
87
4
100
-610
-498
-268
-746
72
-239
-344
244
377
-631
-52
50
-408
8
-100
35
435
573
32
312
-301
-96
317
190
245
-183
357
344
-707
59
574
-778
256
-9
-763
-50
412
199
-476
190
-21
-187
584
-274
-516
-854
54
-515
433
-238
-390
689
358
-148
-37
-210
824
339
-1055
1078
-66
-353
156
383
617
13
314
97
218
50
-346
-346
-102
-651
-250
789
12
273
442
-289
-110
-841
-610
-121
464
-37
384
-40
-725
-600
138
23
12
706
58
-434
153
318
-164
36
596
-801
683
-200
137
192
223
-259
-42
530
107
-938
-1129
299
400
91
675
-400
467
470
6
-790
-16
-151
-408
-306
235
-10
-165
80
-320
526
-19
198
218
-446
-710
218
-997
124
3
549
174
84
392
388
-116
775
753
-409
-480
538
179
341
-112
-1039
474
4
-24
309
794
1024
-20
-206
-498
706
220
58
-145
669
177
-455
195
310
382
461
-1135
892
3
-70
-146
-84
-28
321
53
-333
323
521
-243
26
-703
-450
-268
420
247
188
41
804
-955
32
315
223
-408
-279
-221
-1029
-941
78
-53
-194
220
1053
290
-732
35
88
-13
-587
193
-45
107
-121
101
130
-170
-127
-888
-98
-24
777
642
176
-612
-29
630
-708
412
-114
-16
-113
-556
-140
641
383
252
-1070
-675
543
-135
532
150
72
-168
-779
-37
-546
-732
-369
-260
262
-264
-401
-155
114
-27
-640
365
42
1
-724
288
767
185
22
78
411
20
1010
-169
746
-994
-755
-134
-26
416
-319
-651
235
-265
828
-240
-369
887
-371
-256
3
211
-291
500
14
-598
-78
129
-119
433
715
551
-276
379
-270
42
449
-637
612
506
384
-585
-39
982
-192
-716
803
-98
-269
-84
-176
-513
440
-210
-633
-1676
-461
-608
-12
-86
-350
522
-137
-221
149
-2
-894
482
-243
-28
234
582
-369
267
426
-770
-310
188
744
-695
-163
-354
-151
-609
1086
96
40
124
-291
-670
-100
248
321
67
-253
-89
-341
-368
40
-215
376
-440
-794
294
611
-571
-209
-391
533
-362
748
-762
-584
291
-244
-88
155
-654
357
495
-170
183
112
-82
-517
131
-298
296
-269
-420
524
-262
-574
-352
488
-321
510
347
246
-763
8
-239
391
-240
-532
-533
-104
-469
-368
-344
-284
-498
209
-352
71
295
-106
183
283
822
22
-150
334
300
1130
576
-1115
364
245
502
183
-1030
49
145
-384
-413
333
327
554
-78
-395
-704
370
709
286
-348
494
24
-257
375
940
-770
-116
588
-515
-10
-662
-239
411
557
-54
-585
-126
186
-162
843
87
499
322
-374
565
312
-872
-189
-1063
269
-307
178
-106
1191
-135
-473
194
-321
-588
-74
127
346
-2
232
252
-388
-284
156
78
244
-165
-61
-124
1144
148
54
221
215
246
208
135
185
113
127
-827
-759
492
288
-798
183
589
-401
102
138
959
320
-22
133
-121
45
-219
-247
-858
-794
542
68
-188
769
-176
685
169
-310
378
-210
-221
-60
-325
431
-666
-88
-114
268
78
-854
379
-1084
-44
-526
-512
-175
-212
188
85
-363
444
814
-30
-49
-45
320
-40
-397
680
-455
-1034
656
-588
1105
-34
-187
-638
-787
651
292
358
-708
160
134
373
-496
156
-116
925
313
152
371
-251
-310
-199
515
-389
406
-697
-881
732
631
-489
-71
208
497
-299
-15
-250
-298
-347
187
-633
-224
343
-65
-229
-369
-14
296
-186
334
434
89
402
-600
-287
216
-262
-553
-12
899
-169
841
-649
704
58
-370
-654
-132
14
156
-83
887
-462
-260
-303
-698
291
390
308
-426
-589
-163
-170
-368
182
242
189
-104
845
151
-339
-360
434
-434
-828
305
-106
417
-342
-238
-98
-439
127
-775
607
148
-204
222
333
-653
679
-608
-21
-599
747
-288
176
476
-684
-147
157
19
-975
379
101
-603
-461
-307
109
-756
157
-622
346
111
-225
687
1482
738
-1088
-626
536
153
53
-318
-115
-254
-391
77
361
-413
308
-174
309
184
311
-350
-85
-393
-296
-897
-15
-239
154
390
-545
-221
94
-6
-100
-204
682
66
496
-143
-99
-782
-64
-879
393
-932
-730
654
400
-741
-57
-427
-347
-58
-423
466
-573
56
-338
-127
-487
783
297
363
-100
-638
93
137
-144
89
155
-153
971
312
-546
310
-200
263
-41
-1079
-166
-118
-409
-30
35
-814
711
939
155
-68
-98
-915
-592
-293
342
1133
-440
393
-823
265
632
-136
-287
-255
-335
7
310
464
-290
-368
425
-361
-532
-71
235
95
111
473
-199
102
-376
-675
419
-579
-63
994
262
487
521
672
-4
168
845
165
-192
-588
14
-441
741
216
-723
-464
-93
-104
-60
-390
-308
-247
-121
-661
-670
306
238
59
-355
-340
-1133
-188
-31
515
-48
-706
187
-323
356
293
463
1509
405
-270
520
1038
-243
139
-507
-65
98
-187
34
763
140
-325
-341
163
-354
347
578
-201
-129
-74
-881
-26
43
-235
459
-356
-279
499
94
985
-615
-399
672
916
-350
-160
89
-695
372
386
-716
-564
-418
-1051
8
-79
93
161
-7
299
-48
163
-253
96
209
-640
-375
-74
-574
174
290
-305
261
385
-460
-512
-141
-154
-78
29
-476
246
1
5
-348
-404
514
666
-51
288
362
-176
402
-676
347
516
1249
215
117
267
-1002
-61
-241
-567
587
93
145
-369
-445
-537
365
-396
685
-364
468
346
150
318
413
-755
-158
-118
-450
-640
-256
249
279
314
-321
-407
319
-442
854
-325
240
-353
384
-130
-478
-210
170
-349
-135
-661
145
-382
222
-259
1002
50
37
55
-360
-245
-326
335
-445
149
-247
-671
893
128
-384
-121
149
550
501
414
-564
-60
-107
-236
265
-177
620
476
-215
805
631
87
-422
-240
515
-190
-346
-447
-531
-309
500
-7
-978
-141
-176
-309
-396
-564
-329
285
-74
-79
-350
-295
72
-112
-662
-435
-584
555
-173
-6
90
714
2
222
-464
-428
-17
120
11
-671
-449
-101
48
-459
910
-255
348
-82
523
336
458
-42
398
-186
844
81
593
355
-451
1015
234
-930
-341
-388
271
-85
-74
75
-450
240
-386
361
59
-22
509
188
-173
1042
-457
-79
1182
-372
295
-657
408
-698
64
782
466
-11
-8
64
497
-285
-142
403
-470
37
-310
497
-474
-99
522
2
-111
65
-553
-648
-20
-411
303
75
-57
-1067
262
-123
-87
73
617
153
248
231
-118
-480
183
246
349
441
98
-79
-538
107
498
-274
-181
77
595
-1230
113
739
-243
827
-332
-624
804
-61
-251
-99
-287
-310
41
-63
458
-137
-57
-936
175
-208
188
-507
162
-106
-493
-493
653
-64
52
-24
107
-270
282
-290
436
-696
-127
-129
160
-891
-320
488
-21
215
-321
-507
564
-606
-300
1017
468
40
225
-560
310
-268
159
314
101
348
217
-309
70
-297
258
190
517
498
541
536
672
-224
-83
-537
-281
289
-156
54
177
488
-140
926
550
372
-338
-766
-831
-337
217
-871
-10
-85
771
146
289
143
207
102
348
-70
-788
-319
345
-855
-638
-98
-1069
-405
460
-4
-278
-512
82
-9
97
-168
-999
-91
344
211
1027
274
270
322
1650
-1041
814
768
101
-3
51
101
65
247
30
361
699
29
-227
670
-352
-9
393
658
189
829
-525
-562
588
-445
-583
822
-269
39
251
355
-394
174
197
-1
-248
-438
-386
20
1290
502
498
-190
282
-683
109
-26
192
-612
358
-334
-508
-461
-384
-88
464
451
290
178
-96
-724
175
-103
-151
465
12
364
728
-779
204
198
487
50
-229
204
874
-560
-411
-623
100
247
-955
-331
22
-190
-141
-294
-210
-407
-223
-66
-20
-628
-913
-53
-547
-507
-82
-342
-383
-149
51
571
25
193
-41
-196
102
-111
88
-401
335
21
70
450
-272
212
51
-211
963
168
321
-78
-108
-931
198
788
-1280
438
-805
-200
-384
762
-743
-115
19
441
-402
267
-95
-133
148
146
-232
-1065
-68
-159
50
-97
452
226
-25
-304
116
-308
-230
-153
-777
-972
61
127
-609
108
316
874
-625
-281
351
-163
-300
487
-884
282
-350
-36
-238
959
313
553
-173
-310
151
243
-671
40
-568
-437
-150
-375
-340
622
-372
713
7
797
111
50
-443
-224
-257
142
-398
-1008
-375
-339
-287
-1
431
-79
-109
-826
60
-475
425
-225
-361
-165
-605
-841
1249
-146
927
-508
-770
-123
482
848
202
-81
276
-154
-558
348
318
493
-251
226
186
-323
319
306
-508
67
-842
941
824
-545
-325
520
-468
-550
-299
-265
-435
13
400
-422
-475
559
314
18
79
190
-392
-1431
390
-508
-4
287
308
217
723
396
88
376
123
934
132
-118
248
958
115
-18
-461
383
-826
-126
519
-38
-464
210
576
-45
205
295
-91
407
-653
-463
-140
-577
0
71
-355
-761
251
-118
361
-424
286
94
-59
-33
-34
288
-168
-614
-122
245
451
-901
-753
-80
277
584
65
-34
295
293
92
857
403
-26
268
-470
210
383
522
-194
651
310
-277
-210
-93
482
-245
-352
285
-406
-592
402
-113
95
-14
62
-88
12
-219
146
18
-208
-566
176
-327
224
-445
-589
-117
233
1
-115
-706
153
277
-215
93
-180
418
-668
-151
129
539
449
-460
-802
-384
-780
-187
427
315
418
-348
-524
-117
893
219
183
-64
-257
144
-413
85
357
775
796
57
-708
22
850
656
-301
-33
878
350
100
-576
-251
-77
79
-921
-111
-263
110
561
2
684
-312
673
-85
-233
-723
444
-190
327
821
-506
-47
-70
831
280
-300
-140
-161
127
1084
213
29
12
409
280
-403
385
-574
144
-219
-645
-537
-408
-522
522
623
-239
-138
-171
285
250
192
-313
1123
-592
794
325
491
-609
177
208
-227
94
22
-1332
-384
31
-3
-459
22
-124
555
49
-718
-423
-192
-394
-236
-133
-134
-403
-36
88
2152
-246
810
-434
-405
725
-201
510
-432
-410
-471
-101
-28
-296
618
391
239
493
-64
793
305
-511
584
-96
267
449
-93
-179
818
-786
-244
514
-274
-68
-735
607
-318
140
-40
-833
-75
-341
-78
336
514
-179
-53
765
-316
-389
427
-323
572
-30
-215
385
-179
133
73
-50
-968
289
445
-441
-376
-87
339
-178
-146
551
-304
-332
284
-348
411
83
60
238
-422
767
-568
-781
-145
-638
738
386
593
861
402
68
-442
-402
-286
528
342
-828
70
-871
-308
-548
-131
-193
-767
185
667
868
473
-42
-81
-133
-965
181
-440
465
-50
127
-230
-313
-299
3
881
75
184
-68
161
103
-240
-407
761
342
354
-998
-712
510
10
-478
-247
78
-598
-415
-563
390
-750
691
200
-210
346
286
-348
113
306
10
-121
532
-517
-260
-265
364
22
-83
272
-312
36
367
-573
-367
-434
263
-804
383
-153
82
-217
177
632
283
-5
-132
82
-347
-219
-95
112
301
-464
897
-309
-142
279
618
126
226
-327
131
0
589
-77
370
435
-39
220
0
277
-369
-11
-211
141
523
-438
-294
980
650
-208
-296
395
-150
1310
52
765
-382
457
568
-843
-524
-570
463
1721
157
353
236
199
643
458
252
-265
642
-126
50
40
-135
-489
-23
-469
80
571
294
-91
-940
-672
107
-127
645
-119
-95
-103
611
341
-29
14
-543
-550
236
661
19
-21
-152
-297
31
204
284
441
758
-64
-80
268
35
232
37
476
428
79
-174
543
274
-210
763
-616
-597
-264
-180
-276
-17
-70
251
439
-643
-16
202
-1
-281
-121
487
-86
-572
-134
981
91
41
631
-490
-935
260
699
-705
-462
-221
-51
-486
-623
-348
-7
305
-53
212
719
727
-11
-156
396
-94
-433
955
417
-399
-163
-147
579
86
-282
-260
599
630
-53
-325
-475
640
184
-497
622
732
550
447
432
-80
-187
-617
75
849
-306
363
416
-683
-242
-354
163
498
-246
-196
481
-4
-332
427
-214
350
-38
195
35
-46
16
-285
540
-664
301
-130
-908
-30
-103
-241
-215
-447
389
314
-307
467
320
-291
311
-60
310
-121
-139
-440
312
-261
526
-802
273
192
-1
-101
708
-155
156
-169
347
-165
-64
350
-767
-95
-14
177
308
-239
-40
-129
877
-269
-86
141
93
486
244
613
134
-815
538
-88
-350
-267
42
977
-1090
-82
450
-550
320
-587
-145
-333
-500
-224
672
57
205
-304
299
-1016
49
-46
232
38
309
-928
-160
-553
36
616
-1344
-171
453
-268
413
-233
-28
634
446
-480
-133
587
-482
297
381
-530
320
-625
-168
-785
-819
32
214
354
-197
53
472
-146
-24
582
858
-663
805
-351
-707
-1000
-318
56
625
201
-952
523
-635
-739
147
1
409
-405
112
-21
-791
348
-326
-37
782
-348
223
-280
12
416
-809
-135
-669
-630
-592
-18
29
-101
738
69
-859
436
-393
224
300
411
360
816
-441
410
-298
-731
38
-151
-419
-354
231
-407
-420
720
-550
49
880
118
-483
-672
260
603
-223
-88
108
25
622
405
-565
619
316
739
127
313
20
-835
762
-52
359
-190
-296
287
-537
90
-550
91
40
42
-147
-23
-307
-170
468
693
-635
431
692
67
332
-433
-92
483
174
-14
87
-322
193
474
-212
-745
634
-549
54
-180
196
48
169
639
-280
532
-862
223
-631
313
-478
-775
-489
489
-195
-99
531
103
27
22
-422
484
-427
700
78
-103
394
739
1300
-216
-552
317
-183
-348
-455
1008
158
242
275
47
17
483
389
-171
1164
238
38
920
-725
220
462
51
170
23
-669
155
-586
490
-524
371
255
546
-996
-162
-66
142
-77
-450
576
110
-358
-519
260
429
227
-542
498
244
-237
471
102
-283
197
-480
-172
-97
-249
114
-307
268
166
103
39
834
-234
686
-474
54
-936
417
-1080
-6
303
708
187
5
-767
99
-77
-316
-510
-492
-601
-336
-158
425
-375
-525
307
-170
507
932
-365
-102
583
-167
-223
91
532
288
-58
168
-13
527
-440
-273
-348
3
159
144
-233
-92
574
315
680
-390
201
539
275
-914
362
-133
-357
835
-205
-267
-199
700
-471
-33
413
291
-591
414
863
-93
-1122
135
-607
274
-729
684
-178
118
159
638
648
-119
523
236
287
448
147
653
-430
37
558
311
-14
-249
-253
508
-350
-264
230
45
64
-521
-433
294
373
-153
771
45
-407
472
-454
105
13
470
132
-844
94
76
14
270
-625
417
-415
-787
1012
-264
-548
-1528
371
282
-219
167
-126
68
-334
-621
-250
-357
-723
-405
143
-480
-113
1055
52
887
192
617
-30
213
-46
1044
305
-623
-266
328
-492
-471
-297
-149
-126
57
-68
-111
762
-410
-296
37
-783
-395
-210
631
103
-418
-384
58
-272
-158
-342
-506
69
-557
772
-455
-180
-225
-938
75
-452
-502
343
230
520
-675
-183
803
-49
97
771
-520
-869
158
-139
-140
-55
223
-147
-185
463
45
130
598
148
54
-603
606
-190
127
315
1037
503
106
163
-13
-4
-623
564
-56
433
156
-221
-428
-502
295
64
-377
606
272
-572
-322
259
-1144
908
94
-481
169
-143
-363
-214
412
-559
-170
49
-10
-55
122
-655
-88
-439
-47
5
-660
-469
-223
-269
213
-258
-801
343
-163
15
-3
-157
-55
811
-429
904
32
-1024
245
-307
488
54
52
-540
-401
-261
-236
-203
912
813
18
495
204
30
-11
-857
-145
-199
20
721
-100
589
-24
567
853
135
-41
146
-739
585
378
450
-999
476
-129
-282
326
98
-301
132
215
304
-119
795
896
-778
319
181
325
245
-164
-418
73
136
690
207
3
-362
-69
40
379
-28
770
-103
-296
-164
118
-506
-326
-12
-388
230
308
-765
-128
-455
53
450
356
-315
-195
-414
125
-365
642
157
392
-455
-109
-45
572
-64
251
267
-548
213
-482
64
-375
-180
78
475
-422
-549
623
34
399
350
-21
301
-500
41
1138
-313
930
225
-952
92
611
186
13
387
203
373
-376
-584
263
578
-273
-157
282
-831
304
-161
-370
74
-136
97
-323
-7
93
531
-171
-284
-426
-174
151
157
213
-569
-324
719
71
795
730
135
534
-605
-166
310
555
275
840
105
373
99
-718
-7
251
-499
-618
-82
-725
158
772
92
175
-678
219
361
512
187
-180
251
-148
-589
161
411
-651
565
-242
3
-385
171
-573
356
