25 60 484
0 5
0 11
0 14
0 23
0 24
1 10
2 4
3 1
3 13
4 5
4 7
4 16
4 18
5 9
5 24
6 7
8 9
8 13
9 3
9 17
10 7
11 9
11 24
12 2
12 11
12 21
12 23
13 6
13 7
13 13
13 21
14 1
15 3
15 23
16 1
16 15
16 20
17 23
18 14
18 20
18 24
19 11
19 13
19 17
19 19
20 4
20 6
20 17
20 19
21 10
21 18
21 20
22 4
22 10
22 18
23 0
23 5
24 6
24 11
24 17
24
7
33
37
13
43
0
4
42
39
17
56
41
58
22
30
44
5
6
59
29
2
10
40
8
53
49
34
57
21
35
55
23
46
38
47
50
28
3
48
1
26
36
32
52
14
54
27
19
25
15
45
51
9
11
18
31
16
20
12
-780
1329
-789
-570
-684
228
129
272
95
247
-213
689
433
649
-96
-667
185
144
-531
379
376
392
-340
129
269
-131
-529
291
102
-258
-539
-766
-258
-24
173
4
13
-134
268
-486
567
155
121
-236
-75
-1059
-363
-124
29
675
-245
297
831
423
-227
904
-74
1259
-1234
-397
-73
-58
936
-333
-248
351
86
317
478
236
-789
-14
488
118
-139
-70
-304
-454
-838
764
-163
-53
569
-1007
-37
-154
-71
-442
340
541
-811
-388
289
-590
69
197
130
-984
338
-18
285
350
312
889
-301
-417
427
-629
752
-585
125
-181
-864
-397
339
85
80
-249
-549
-236
499
367
282
25
1142
83
-1139
-522
119
445
815
194
145
-80
-206
-68
203
-133
-188
56
-711
314
-206
506
-685
19
-373
-43
704
-494
501
-215
121
-907
-222
-846
209
549
-61
-363
195
422
456
-380
-334
11
525
21
-43
-629
250
-225
-784
464
501
12
-407
315
118
-1
-3
-190
-138
-642
298
-712
476
202
-238
147
647
88
206
587
-138
-624
202
290
858
-414
801
-44
1008
450
186
-483
12
-864
1313
514
20
439
-406
348
-116
555
-368
61
332
128
-532
-370
-23
69
502
310
-164
429
-648
-561
128
-35
-498
433
328
250
-119
754
-344
-1047
976
-183
500
184
-54
22
-754
-275
-496
252
597
800
-133
-256
-363
204
-167
-923
-336
288
-23
-1432
-159
-1224
980
450
-32
-329
-351
230
210
-496
-172
518
-645
-260
-80
770
292
698
193
47
575
-350
-403
-437
-620
-393
-201
121
102
-359
-194
-153
-344
-282
-163
-320
32
-357
197
28
-398
-633
73
-510
-328
571
727
-393
265
-67
798
42
-389
-234
127
109
-482
-314
415
834
-261
744
-583
236
-401
289
-1534
-370
-290
16
-106
514
121
-1059
-774
673
-359
313
-309
384
-330
365
-1010
417
456
-479
-249
74
947
644
312
223
498
407
-1059
323
-63
-490
-184
-7
613
16
-485
641
-314
-1400
274
440
556
-33
-973
-320
667
392
-318
174
-82
344
105
-566
-875
-22
189
-779
-414
-228
71
-544
-310
-386
274
334
-314
143
299
-650
-179
-397
-673
285
-734
-357
767
-7
-31
373
296
215
856
69
322
8
425
292
464
-596
-65
-61
-55
177
821
815
18
-296
-337
493
-33
-728
-177
198
896
292
-905
-39
-322
93
513
226
-1072
-470
692
88
-211
854
-53
827
-872
-380
-964
315
-371
479
-835
266
191
-476
246
748
105
102
-334
760
970
-116
1234
354
-559
492
318
-365
275
-51
-824
-335
-595
242
-117
-123
787
184
142
206
-256
-96
977
-8
370
-626
597
-383
-1261
-154
-138
35
316
-926
-620
340
-428
754
-175
-831
108
625
-329
-260
191
34
32
351
-365
309
1072
460
-248
-757
-255
-339
569
436
-494
17
-429
416
356
634
-679
-263
179
332
194
-292
392
-457
-851
-167
-37
95
-120
730
-305
-296
764
-199
199
171
-209
991
1194
-664
381
426
-63
100
503
-345
-595
20
-716
-114
336
492
-664
133
396
-271
133
36
-465
74
-279
-817
866
108
-17
685
681
133
-143
181
184
-325
238
281
-698
61
-1
217
633
166
185
163
356
-672
-233
-38
78
-881
242
148
-333
558
187
-1065
608
29
-161
-290
-452
-997
150
174
-388
397
-42
131
-399
185
399
-31
231
118
356
923
661
101
591
642
168
-80
141
-320
-302
-314
-402
-79
363
92
15
-691
-225
-453
-676
-610
74
-602
-443
-49
-1007
248
-62
897
-157
445
650
-67
272
-451
61
640
242
-283
-544
-87
-25
-259
782
742
667
-118
-80
-159
-147
379
-239
391
587
-600
361
632
256
453
-176
-901
200
-405
234
315
-665
-125
247
453
-209
58
-641
227
763
-138
364
-50
701
283
-247
-525
408
-120
-185
578
-282
682
-218
-366
824
-1069
-563
-621
-531
-296
-258
-47
-144
-616
81
268
-624
1207
-243
633
-552
154
56
-46
-317
-516
42
784
50
354
880
416
-133
713
569
538
-167
656
-205
1150
-616
-109
-74
-416
-366
334
-88
286
81
-397
-143
-69
187
733
276
367
220
-587
-1007
-133
-823
353
-627
237
175
-328
-37
-882
-297
-380
10
-401
-412
-726
-137
-792
742
-583
-479
-755
343
1245
1210
-203
-589
104
83
234
-382
30
229
-179
-834
759
-130
203
170
140
-533
-501
471
103
-102
159
-78
420
674
192
317
-416
96
126
-263
351
168
421
-445
-615
204
87
-251
67
21
-110
139
77
164
-221
131
438
-174
-130
-129
892
-545
533
-149
269
194
319
329
736
-108
3
-428
539
-738
-1067
40
-195
468
721
263
-892
381
107
38
74
6
309
-148
37
258
1
-816
-249
666
499
-38
446
-344
-372
1
-934
574
-507
-673
-244
627
747
-550
519
-269
441
-670
176
114
-416
-236
538
-356
-891
259
-1411
-82
702
-72
794
362
-706
470
-188
-466
658
401
-1256
223
-3
-362
-214
-254
59
192
-311
-316
537
70
-111
-449
-738
265
1029
-230
-515
754
1
407
403
-324
-93
547
956
-189
266
78
-799
179
398
-656
997
721
-553
-211
85
-90
684
565
-1613
-40
-611
-12
-570
-219
-116
-764
-686
-76
-494
-18
402
767
-523
1057
-595
-108
496
-187
-100
-1157
611
-885
-543
-34
-630
2
-686
586
327
-931
-433
520
464
353
-1
-173
1282
-450
-180
-218
-24
-53
-80
-1039
-60
829
-435
-640
-134
340
-202
-354
755
523
-542
339
-384
229
31
179
-95
-122
744
444
213
-518
-741
394
274
624
-278
786
-452
-792
-88
-131
317
-84
142
304
1171
490
173
-151
-356
204
-593
-218
-95
519
168
-539
-51
507
-1309
-208
348
1215
237
201
624
799
-238
-741
182
329
-148
-799
-635
645
179
310
-208
-158
215
474
807
-488
1537
-503
132
576
-362
209
-175
263
70
649
4
-453
395
779
433
223
59
665
-254
-1265
-32
118
292
-101
-198
419
570
-490
-875
610
-262
-808
718
-327
73
-195
-602
536
22
-364
461
108
-90
587
-309
157
332
-14
251
-526
-37
-58
867
722
-659
-1073
-115
479
-765
-256
487
801
535
-777
704
-317
-826
233
-189
347
-111
677
1606
462
-601
-486
-399
-698
198
-51
893
-927
-207
57
146
-364
-190
-81
-106
4
-6
-576
-4
-61
-255
356
336
-390
588
145
-273
266
-553
1331
64
-76
-706
516
159
897
826
706
155
-188
282
577
89
279
215
-163
341
989
336
-942
225
547
321
-300
-622
15
-125
-451
-270
950
1208
521
-647
995
-464
4
675
-100
386
144
-155
-293
532
-416
-582
160
592
1075
200
564
479
-159
996
163
939
-1355
-156
-1070
463
371
552
-537
189
-111
301
843
140
61
-825
-57
-637
115
-1
-343
400
-485
739
673
-495
121
-219
-336
423
-657
-668
209
-13
201
-186
257
-904
-397
48
413
117
-159
-152
-183
682
504
285
66
-1104
332
894
-683
-456
-719
191
-1478
283
-473
-447
418
-837
532
590
-692
234
-91
-178
-11
-160
92
426
-558
-12
245
-216
-703
-652
365
-711
-217
306
506
52
77
137
-22
152
356
769
144
-567
-356
614
208
-833
-564
582
-314
487
483
570
23
-126
143
-321
590
-51
-82
723
193
44
710
-332
-602
538
-376
110
251
149
222
108
-125
136
-60
-251
-1104
-590
-821
428
-132
90
438
129
87
-287
202
-833
-501
484
-501
527
516
-188
-197
-277
217
1166
-39
-81
33
46
-345
631
-465
823
-175
-193
213
-940
-207
539
-72
-270
644
-186
-648
58
992
-161
-80
-443
-154
115
477
-137
-373
-175
192
0
-395
839
142
155
-310
407
1019
-916
-690
1209
-903
110
230
-181
267
-592
770
216
560
-659
-777
706
846
-342
566
403
-684
223
-144
-235
47
149
-506
798
-355
276
79
149
473
137
-65
-265
934
46
-356
-583
-62
126
161
383
-212
-852
437
597
106
-248
-507
-453
1046
-315
11
-180
-203
198
-745
-1197
76
-58
515
452
-1010
-316
-134
-402
-245
-422
701
477
-169
-320
-835
513
-347
-569
585
80
-520
-196
-807
-365
-86
751
-2
-477
271
193
-92
-37
582
-757
-403
-4
-131
328
-67
102
468
766
570
-257
-305
7
-674
46
-423
723
192
-339
176
208
-180
15
325
-354
78
1190
412
79
-62
363
-74
487
-631
-374
250
90
86
361
-634
-436
53
840
15
-92
445
264
-1371
183
-261
555
-125
-848
18
132
77
37
572
617
-362
667
-622
-354
209
165
279
-754
21
-351
-160
630
486
207
148
750
210
299
-102
412
136
734
227
374
-1045
-517
792
297
-117
-359
-381
6
601
-103
-28
-118
61
-7
-81
-296
661
-252
225
8
522
520
108
-263
-140
-421
1409
222
131
-98
-411
4
575
928
-397
989
-148
-728
-765
170
122
-182
-71
47
291
-76
-108
373
52
-1333
-597
799
-553
-32
94
1334
81
-477
99
-508
-265
582
-509
408
32
-83
472
-170
405
-850
529
-129
379
-159
419
65
-83
833
37
-222
-317
167
-1145
-613
51
194
366
21
-796
-317
-645
723
88
-487
-108
280
-902
-328
587
-910
-1431
584
-490
-883
467
720
738
-343
137
-882
-44
379
-10
-178
-373
267
65
150
-74
36
438
110
-702
339
194
-423
327
821
-453
585
-269
-288
-203
-314
121
258
-1192
343
141
82
202
-38
337
-462
190
322
-264
-39
932
561
209
354
577
-775
11
-616
-10
-145
338
281
211
-899
731
-482
-118
-401
-410
879
1314
-537
244
-593
240
-203
-535
-630
499
-766
158
-239
846
947
59
234
207
279
522
48
-397
-110
466
-793
608
846
791
66
-12
838
1064
619
-758
-275
-720
364
-215
-58
174
318
224
650
908
823
-522
-86
-160
-922
1277
-740
-50
-316
257
-74
193
-380
162
-370
-217
-237
62
-178
-341
348
919
488
246
187
42
157
-92
-626
-133
-613
-71
-560
-11
-373
460
824
769
310
-633
591
-455
-743
-533
225
-246
172
-255
758
500
310
969
-434
513
-392
-237
534
916
5
-553
619
-760
-1439
-674
-298
487
-74
660
-461
-186
533
-498
-385
387
17
-132
0
703
47
-558
-860
318
293
-983
-558
-36
-354
222
-531
-337
-427
1222
-243
-39
-236
-89
50
-388
-176
-36
195
-1080
-601
219
572
264
-438
4
-901
393
-172
-158
-311
-1602
435
-269
475
-423
-40
316
-30
-455
960
-250
-76
12
-234
275
-137
-424
-511
33
679
732
-135
449
-1017
18
83
190
-14
684
-250
496
27
777
156
-56
-724
12
-403
203
-664
7
224
-165
33
244
776
-319
317
204
-85
20
-645
-281
-193
-189
-308
640
1302
-834
311
-216
436
77
407
-79
568
24
-503
-123
88
270
-98
-157
-147
159
-314
347
193
327
36
-84
-765
299
9
1069
-727
506
-221
90
80
-253
-65
153
645
571
604
-72
-335
-782
878
31
45
491
-69
-1081
566
-250
-725
336
-345
-1092
456
-360
499
-367
268
-282
-409
-837
346
-1388
-546
-858
72
1218
-972
389
-260
126
-487
998
-223
-131
26
63
-7
64
669
-794
-381
-555
-189
-64
662
-353
-311
527
766
-445
54
-513
-488
-172
28
738
-322
-262
-216
-1274
-619
45
391
-178
-221
-386
-351
-161
-78
-778
14
-568
-338
260
21
281
-170
866
942
297
514
-66
-402
52
159
-19
-228
-295
812
-523
942
-625
197
43
-83
314
472
-480
223
436
278
-277
604
-541
181
-230
145
866
-85
169
-196
-153
-242
934
-41
-670
368
-105
-481
566
-685
48
-384
-188
49
-482
329
588
-744
-815
-389
-186
262
-316
811
327
-476
-479
-293
185
-337
-307
-223
101
-228
545
40
137
43
93
506
364
-203
387
111
-672
236
-203
331
-225
-129
-73
-128
-332
345
-70
410
423
-132
759
501
733
-397
-39
108
-26
277
-171
-616
283
387
187
117
-263
-416
-107
-271
-531
131
-378
145
-346
531
871
-74
137
224
280
-465
-140
-152
-153
729
-331
510
-93
-557
-867
-452
-842
-331
248
82
-670
367
354
71
228
-153
213
-250
-553
731
-75
-166
-200
-533
67
-240
-444
-606
242
537
219
-369
-372
536
-873
-256
788
201
-152
-1543
176
233
-650
54
110
-160
-142
180
172
1059
-517
-768
-195
-394
-118
480
588
-412
1
471
-28
-45
-419
213
-153
-839
-188
703
-366
811
-136
-451
610
-804
479
633
-1182
197
-204
1147
677
53
516
1327
-82
-364
370
44
-346
279
249
-802
-270
-385
-225
-447
-536
285
415
-831
89
895
124
573
-20
-413
218
37
-242
1
1352
477
-146
-27
112
-106
178
1042
-439
-658
-1002
-131
-878
990
334
-44
201
538
32
-339
440
781
344
-199
-1349
175
1246
-145
526
-101
470
-299
-194
-702
141
769
-603
-459
150
-539
-385
-390
22
-304
649
-6
733
-235
210
934
-71
-848
659
-73
62
-198
219
-216
37
53
-19
342
232
809
-357
-140
2
-366
253
-479
-199
211
-436
665
68
57
512
473
-196
29
242
970
448
-539
255
109
61
3
311
-430
-331
295
792
-160
-1075
-146
171
-547
805
-223
-391
-53
-406
-454
-407
185
-24
178
376
401
131
1157
-327
-172
-66
-5
-1
543
-375
-196
79
101
972
-38
-51
120
228
-322
-230
-137
226
328
-799
565
201
743
101
-1109
-216
1528
79
-136
474
-62
-721
124
739
-56
415
225
-174
-936
-407
-637
-262
-121
-271
-119
-334
429
-341
220
-536
-180
198
-11
370
31
-28
147
521
-618
-696
732
248
-680
104
-522
834
286
143
412
-318
-331
-1378
-483
632
-362
31
200
118
108
-345
-1224
153
-69
-462
1315
-598
367
17
-201
104
1155
721
265
-415
329
996
887
968
387
-524
163
108
871
742
654
-95
-373
732
99
-900
-123
-882
96
537
-175
464
1670
-24
343
-274
46
888
453
502
836
-245
-586
195
-484
372
57
-472
800
-128
-16
-335
-284
-160
-163
251
-505
-533
-783
597
-335
594
726
488
-10
-678
441
-306
106
292
240
-767
136
-877
238
-362
-30
617
-223
-319
-668
-93
235
505
179
604
-510
387
-433
-302
545
-222
-313
999
38
398
-489
-462
308
-349
-211
114
-238
654
407
250
1657
-1586
-4
-198
364
-43
1
-449
625
1082
806
-4
459
386
157
-324
503
380
437
944
801
220
-328
371
410
708
1140
-35
1059
526
724
551
-773
196
386
-28
361
689
781
-666
-13
-915
533
-481
-330
152
976
562
-32
-527
511
232
86
-829
-283
-542
-225
-45
-270
-62
360
613
-696
-333
-743
279
826
-379
213
-366
380
22
519
182
340
65
30
-606
663
468
300
-361
-29
-586
-327
223
79
-160
-61
-186
-358
-417
-292
-248
-364
765
89
780
752
-581
-286
-236
251
-434
-41
29
-203
918
-300
-137
567
237
-1429
139
-407
9
109
-545
277
259
533
-55
601
614
-108
131
441
-180
-549
198
-101
209
15
-559
-50
-425
126
401
-396
-6
-376
60
-779
75
223
492
106
-462
-201
422
201
559
286
-99
-58
-44
22
-196
-126
666
556
-609
746
-990
-21
90
-167
294
-524
-319
128
-390
167
-238
399
-457
-390
-298
703
125
382
880
226
-383
-349
40
-347
122
94
308
783
506
-371
-19
-786
344
-207
-313
-236
-106
-350
52
85
-180
263
889
203
-730
49
281
-404
-37
677
1115
-228
-426
730
183
-412
885
-903
-490
-28
-294
-31
588
409
-1098
-725
-957
-562
248
-1015
-243
-294
66
-202
-605
1254
-134
-302
373
-457
-79
-218
-824
-252
331
-399
414
-373
379
-541
272
376
-58
252
544
454
-167
-816
-278
-232
-306
308
358
281
558
-133
297
-133
-436
-32
546
1208
-197
366
245
115
-167
704
-405
345
283
726
-186
-409
333
-80
-1191
684
280
43
175
-170
393
827
-529
-419
-66
484
-185
-192
762
-1257
1323
863
-191
142
-210
122
344
-395
661
-253
-194
-287
-1172
-282
-623
-18
411
-10
-444
252
366
-201
727
-29
1125
-236
-22
-24
-345
-903
35
-331
-477
475
-382
-407
154
-974
-338
-263
-39
-577
386
-452
-17
239
414
74
-747
-33
847
222
371
-529
763
937
150
-81
-497
524
204
1205
-304
993
457
-517
55
960
-748
144
506
-95
-921
246
419
140
-198
29
238
311
250
267
-108
339
1601
533
-167
727
-377
-372
152
503
286
-308
0
720
345
-949
-350
-152
504
-124
-699
-314
-144
-310
226
-301
603
-92
429
774
195
-1359
424
107
414
-698
-144
-376
-183
256
544
61
-19
-739
864
-747
326
203
494
73
-468
629
-457
449
569
76
556
346
459
-37
392
1025
-446
-31
-459
145
264
-24
-61
203
-240
6
407
727
-611
1076
-567
25
652
258
281
-366
557
-364
-501
-423
138
478
444
41
-377
364
298
-523
-317
-316
99
-896
792
242
-285
615
-486
250
520
-634
54
276
-104
902
289
1363
113
1
158
-150
-273
-236
247
720
575
-679
-654
-289
-1123
873
-494
233
502
484
-152
-280
587
-213
30
959
-50
-333
-528
134
-214
-865
71
-279
292
-62
-45
-600
490
-80
538
-85
-17
188
-119
738
140
226
-28
-145
525
-1224
-181
-184
-402
-111
-1185
921
-189
-210
-313
-985
-301
1
-84
-340
-243
-526
-607
411
-12
-1018
462
248
-156
-300
-164
878
-9
-664
-422
-307
-831
263
591
-593
230
47
-58
102
-346
-275
446
-283
43
-396
-59
33
444
-622
-10
394
243
748
-136
489
369
-440
803
815
598
250
843
189
188
1046
76
624
-299
-441
-78
1010
67
775
452
171
132
-473
-1133
349
347
256
298
-363
341
-644
-739
779
-167
46
-873
-435
411
-554
278
233
474
-864
-435
-555
-151
633
539
302
-256
379
-351
259
75
270
-431
25
747
-176
318
-191
294
-450
294
-724
848
204
-855
855
-175
-928
-833
-571
1157
-76
-277
59
442
-636
241
-627
-442
515
-112
612
17
7
-187
-1026
-678
-373
-239
-531
-128
483
198
282
402
-343
-113
114
-917
357
-77
12
-497
-70
249
-655
503
-368
-1201
164
68
80
-375
-249
807
112
589
-115
-284
-646
599
225
-203
581
-777
59
-258
-148
566
-824
-557
-430
-234
332
-821
90
19
-160
-250
369
80
454
-318
411
200
-486
-175
95
199
-599
27
231
-908
536
960
855
34
-118
163
-77
114
-127
-791
62
-1162
707
-438
35
343
856
-122
-316
305
-883
455
85
711
53
458
116
508
-28
-14
493
472
-116
670
-533
430
-91
133
722
-166
173
529
-364
-755
-394
-166
450
-772
-121
-724
-158
-135
-487
-421
496
23
-351
441
-754
-691
-308
397
649
-347
-2
-604
-174
364
276
-555
684
112
704
-124
-710
539
-469
-538
422
16
-410
311
112
-175
-130
-940
107
-434
195
720
-44
-48
332
604
-724
-1042
-279
-75
208
-124
1080
816
-413
-521
179
-12
-325
439
-729
116
-132
235
448
802
-328
163
-130
-516
24
-396
346
652
-1278
-1209
-165
-131
969
-615
735
-258
69
-515
360
839
59
978
459
189
523
170
43
451
-176
-645
322
240
287
-530
386
-293
10
576
197
-508
-113
-282
830
226
-644
-605
-217
752
223
-697
-216
147
-555
806
545
-58
-167
-486
-300
-629
-797
352
230
-537
63
-1148
185
-1069
-835
-438
-9
-201
64
-906
-199
888
164
-115
32
523
50
892
-73
232
482
-448
576
-365
-371
-29
110
243
-28
-39
275
71
-473
-239
-370
829
-19
1404
475
-851
-199
273
944
258
303
-103
-76
-166
-360
215
-676
-663
-251
409
372
464
12
-767
-609
27
174
-660
290
332
241
179
-240
4
239
96
192
-212
-331
-90
-253
93
112
189
-1240
481
-189
336
-131
199
-130
327
-139
657
83
447
887
-817
-450
-251
-335
81
690
-803
154
503
520
614
290
-304
127
-188
-889
57
813
191
-214
-977
317
97
-397
-633
-304
-660
-1208
32
409
30
-156
-946
-126
-799
-393
-209
-156
-720
89
-304
241
130
710
-208
-237
-143
993
-652
-287
188
124
404
184
116
-1057
-80
13
243
-450
159
293
-121
27
-138
10
655
-728
-783
-190
178
179
725
-158
320
597
111
-988
26
500
241
-305
-354
-707
279
-661
490
-15
386
-471
-318
-92
946
155
676
-370
475
121
-25
716
-469
357
-554
-389
179
-720
-592
240
-767
-263
462
-660
-529
-259
-245
-359
-295
-507
11
294
72
616
-29
-101
-59
59
838
-444
577
-333
368
-182
-228
627
6
236
-72
-851
313
-122
-504
715
-133
-76
-496
770
-471
83
716
-300
-381
-40
-141
-239
2
612
-136
689
351
-534
-291
397
66
-570
243
321
-453
223
-237
16
-180
0
-1259
214
-469
362
584
-689
-52
55
193
158
125
-474
169
156
728
25
55
79
822
397
-108
-11
490
20
182
408
181
683
-640
-255
54
604
642
-129
523
847
-615
335
-573
-666
149
-534
544
199
-109
-19
-60
-419
272
-1133
743
18
-210
115
-29
336
-290
247
-416
458
-635
-144
18
-286
-19
443
11
1503
-742
357
-28
-442
326
-1036
548
-101
-185
-608
-121
-65
730
-231
-862
-393
-602
232
61
-320
388
243
397
-341
29
740
-645
245
-548
649
195
-25
-700
-471
-1066
-641
1045
243
208
-219
-109
-695
201
226
822
58
-689
-286
-241
-197
86
593
-35
386
-452
-244
210
7
490
161
-536
-591
-828
805
-47
-1301
985
-530
-379
-102
-74
-571
310
-304
-88
142
-510
-585
141
30
369
-341
-42
457
482
-64
93
-503
513
-517
370
458
-188
-347
159
-6
-33
688
194
-316
-933
699
-57
48
-39
569
-263
-663
-321
704
247
-165
-314
316
-129
587
-195
-788
-297
-57
-127
622
574
133
-136
-434
-699
395
-213
-551
155
814
-412
9
-260
499
-381
551
-79
242
-665
-156
-557
197
-48
-309
569
-96
83
317
192
27
-243
855
-1010
345
178
-270
-749
112
-179
180
-38
-205
585
106
-338
171
504
-783
570
-673
-395
253
-234
67
-218
353
646
-651
339
78
18
640
-209
-137
-177
165
4
-377
-1114
399
-508
-4
686
-592
0
-553
-87
-704
-443
315
-546
-849
10
-672
-328
-9
-76
-279
603
-152
-1130
841
-552
1201
832
-115
-518
-209
-229
83
-236
352
53
-135
187
320
-312
896
-125
205
616
315
98
-633
-99
-341
445
-789
-103
174
455
48
-518
186
68
220
707
-831
-797
-271
-239
-668
-824
-403
806
140
330
990
-25
902
-352
666
-290
-175
615
-221
-548
721
-819
-46
-235
214
40
-874
-204
100
-108
-138
-127
-1
-430
-204
-823
-139
-609
-158
278
-247
595
-1300
-346
-359
-124
-175
479
-129
-82
-660
517
220
-150
-322
840
267
-260
266
532
-572
107
-23
603
-12
61
721
-196
162
-333
-289
391
-327
165
521
-523
225
-403
-429
348
228
-674
286
351
-918
-417
11
639
-370
47
-26
-17
208
-353
-439
18
-40
633
925
80
153
767
513
-425
481
-20
346
-507
1169
310
-48
269
-444
121
654
-664
183
390
404
-97
352
317
-411
-108
350
1250
274
1326
54
144
147
552
125
608
-622
736
234
-477
-425
-138
608
461
962
-1428
161
81
184
365
32
-440
-173
-700
150
408
337
78
174
-557
-876
-42
-508
-624
97
278
-283
-54
188
19
215
151
306
-726
25
-7
154
-173
-653
-367
-904
436
343
639
-881
-236
740
-611
-5
-16
219
-38
622
136
-51
-91
-1399
1192
-201
-421
142
77
-224
508
153
-277
-1373
125
284
-399
-228
-491
647
-760
-393
156
-791
-611
192
119
191
-358
661
393
-605
-549
-255
-163
179
-36
733
997
-424
425
193
1000
-16
-746
337
38
-623
-158
100
-567
503
320
-115
46
-142
575
128
-470
213
252
-547
1048
756
388
-163
155
576
-636
-263
78
244
306
-78
188
-377
200
288
-787
542
-1373
-102
-293
147
211
-176
486
-408
808
491
-357
742
-130
259
734
481
129
-429
-684
-340
-703
-330
-720
578
576
-10
-632
710
-87
22
448
-576
-990
-126
91
-373
-142
-143
-323
-392
228
276
624
-217
-468
-310
350
157
922
103
222
800
-263
99
344
255
666
597
337
-838
-203
-751
476
372
27
-638
972
-880
-586
1024
138
-615
1183
154
322
-462
-704
481
908
818
-11
352
-233
213
1479
455
189
149
-2
449
-249
225
425
631
-250
148
-1347
-345
-189
1253
639
-278
-464
108
751
68
-199
654
807
303
223
291
-417
-425
-34
-426
-28
-461
112
394
177
167
-155
244
230
681
285
401
183
780
379
717
-1429
1044
-64
345
95
-34
-133
-55
-193
-374
145
381
452
-352
-729
-474
-121
363
-725
-313
-433
-622
-23
724
770
161
-51
-333
-50
-2
79
-23
-51
211
-349
-391
-328
-348
-1352
477
775
212
576
-327
180
449
278
331
402
85
-425
-344
33
-148
-114
-93
196
-283
231
88
0
-115
-590
-991
-938
-82
-54
496
250
0
-930
-482
-62
-110
-274
664
-1097
-257
-1121
393
67
636
-627
618
291
144
-157
728
-223
-444
-150
-309
412
-336
-411
-71
-172
978
1081
-204
-348
459
242
-223
-6
-983
198
-78
147
261
-939
-110
-508
645
250
-17
-32
-484
-85
484
147
-115
1006
533
-24
-490
791
682
-236
-102
118
-14
103
-536
-305
-348
27
500
-166
-62
-155
795
117
-365
-37
418
-158
68
202
-825
-321
-586
-555
81
466
-835
122
-146
23
-536
254
-357
197
-93
447
289
-257
1152
644
-71
-261
168
370
548
-52
-178
756
-79
-14
-342
-58
439
302
848
209
-240
-1020
254
720
-127
-10
-250
266
331
100
653
553
242
-231
228
-315
-181
26
-187
88
529
242
-272
-539
463
-374
-368
130
508
159
1592
-609
-1701
-1099
-10
140
648
-582
-477
-546
-539
119
592
-171
-452
-445
399
642
-30
-431
439
15
776
-587
441
-641
-622
697
-990
111
1213
-578
458
296
-281
170
374
498
507
1237
35
389
-382
339
-572
101
-337
-96
148
-736
-725
-399
-135
-787
-280
4
-182
-211
-68
-662
-243
117
206
510
-50
-186
325
165
-252
288
77
24
-230
630
190
-86
-478
-180
-222
321
417
295
-280
-432
719
-106
470
-621
-324
465
594
-17
-167
5
-475
17
-288
-7
826
-228
157
-393
406
1077
-419
319
-193
651
-306
361
616
245
742
-20
257
-421
-313
-907
-1171
-18
-677
444
52
274
108
509
-104
-337
-270
117
-207
-763
256
-272
-1102
427
68
334
524
-202
-401
1266
71
-229
-7
-33
-754
309
-919
101
39
420
188
-196
-571
-158
770
139
389
715
-509
-232
639
259
-447
357
-495
129
-309
-283
174
398
-643
310
16
632
176
-488
-158
131
217
337
-309
-250
456
-741
-995
-57
-1344
-178
149
-72
-240
-224
-485
117
-493
282
-415
1083
-693
-21
516
-156
266
-315
-634
-572
-797
-603
76
-73
364
106
-148
220
272
598
-852
245
300
-98
-166
19
-268
-1211
-331
81
435
-57
-257
468
309
-461
-720
-178
123
369
-59
-266
161
-393
177
-425
498
-232
-54
-458
435
-185
-265
-54
-375
337
-650
162
75
-17
-806
-756
32
-498
-572
203
-421
1
-28
-569
1191
-642
-460
216
270
-528
-504
165
168
-275
540
-132
773
-257
275
-552
-83
-62
123
-20
1099
-670
1151
605
590
-435
-50
138
-97
-194
-20
-730
-417
578
-486
336
-266
767
-182
-274
-584
-823
-153
652
391
-135
-228
18
918
649
-629
-675
323
-418
56
60
1163
365
1115
-1022
396
-626
-482
-463
-444
625
312
787
-19
-348
-364
-118
-70
-136
-366
-77
305
-541
225
-77
-301
882
50
-368
67
278
395
-209
-109
-935
-63
236
280
-216
-162
-520
-172
-56
910
199
-387
-679
339
-266
32
-112
-129
214
198
42
851
416
-321
462
109
275
-148
143
-889
392
43
-348
-346
48
-794
763
442
76
561
-160
-20
295
67
393
130
-4
-40
565
-478
379
456
131
-354
248
-390
-217
-280
338
-525
266
-1197
593
513
15
-154
101
570
33
151
-398
150
-605
42
-756
-447
-733
-476
-744
571
788
-54
-423
-190
-128
-388
-3
-297
209
-512
135
638
259
15
-125
-1004
1086
-128
447
-882
-824
424
-132
225
-82
-100
62
359
616
-18
635
-71
-218
-22
-179
505
9
363
-305
880
76
-32
403
660
155
551
671
122
188
-114
-237
-443
-34
111
738
632
109
-316
954
-928
-418
65
-313
108
981
-287
-380
-150
-243
-380
344
98
-146
119
203
429
445
-839
-164
-443
592
-158
240
760
36
597
-281
95
-109
-468
-16
-513
147
539
1060
-748
16
94
114
648
-36
-224
-285
55
526
219
-190
-465
-548
-456
365
12
34
-163
445
222
140
156
-112
-84
-138
-222
694
-221
78
978
107
454
288
-162
-272
-805
-12
109
392
-493
-1
365
-25
1194
827
369
364
-29
749
-100
-765
-39
469
-384
-846
-88
-508
-266
-454
296
-140
-1016
-348
-115
202
231
-288
545
-302
421
612
244
615
695
-510
777
205
-631
13
-273
716
-495
-285
-448
168
-208
-305
609
-24
-305
452
-440
-449
139
434
-162
-399
-1107
601
-119
-152
98
566
-780
-165
44
-299
-70
-379
-561
302
-368
-158
-697
-18
170
-28
384
-46
-143
-923
10
-619
271
-554
137
44
442
-42
-358
138
-426
-531
612
-331
-25
-444
111
-622
-224
62
164
-761
-46
129
293
-539
-61
-179
-327
-62
45
453
76
-190
73
-645
332
227
397
-500
200
602
-375
6
192
-67
-109
652
814
153
-586
-107
238
335
456
507
-356
-1169
-362
-135
767
-264
-539
-333
726
-19
-678
149
-729
-597
799
204
348
-359
342
-291
-179
762
831
-334
464
-44
633
108
485
88
384
290
-106
-500
493
451
-24
99
-105
-183
-420
515
-256
655
-305
-436
147
428
-446
-374
532
398
354
10
67
179
-148
124
-473
90
-592
-359
-783
367
-451
-242
29
-237
909
955
66
735
100
219
-686
-529
4
-228
-112
-174
-541
717
352
-507
263
-918
-332
-84
-858
535
-875
-429
306
183
116
434
690
-489
-424
-188
150
-237
-573
622
406
-123
-921
-662
433
1458
103
289
6
-329
-180
-925
634
-560
252
252
701
-97
-210
104
-626
458
61
29
125
-639
468
-176
-209
565
1175
-261
-515
477
221
-48
-265
-649
-360
-59
-93
-269
1140
216
-396
257
-572
-791
964
619
-215
583
-545
-362
-580
390
-569
-1132
361
-1203
-365
-522
-522
-172
-1120
24
847
-137
-988
-140
191
237
-65
213
-74
684
-219
-121
297
-207
-129
-39
136
612
705
-27
1404
-62
-934
-245
-574
837
257
718
-378
-82
333
-91
-164
548
77
344
649
266
-474
83
1158
865
709
-1018
87
-569
31
667
-821
438
137
-434
298
-264
892
-470
799
-202
272
443
180
62
262
-521
188
-257
-254
910
702
738
-113
-255
-20
165
598
-194
-93
-452
-744
-173
609
-267
-762
313
496
-385
226
357
87
-149
57
30
121
-598
-130
-156
-48
-486
45
443
-883
-459
164
489
544
-31
181
-658
-739
130
-396
-325
241
-223
582
836
470
-77
-37
471
-848
-247
-121
417
-567
-207
-527
-352
257
35
405
312
-57
761
262
-74
1051
-543
17
-56
-504
-792
-1095
-50
-223
590
456
-596
-393
159
139
100
-443
-499
452
-813
-359
141
-170
-905
520
-227
-889
-562
497
-242
-272
625
221
-37
40
41
64
-443
647
-77
-204
-469
-317
814
-348
-33
-19
55
496
-915
203
-286
-546
-53
-723
-204
124
-673
12
-138
108
233
193
-409
-344
-107
-722
-627
345
547
326
-661
14
229
-190
437
55
-798
-767
233
216
-391
-992
-370
228
1104
-494
-960
-92
13
-537
-506
98
146
950
-590
628
-212
608
-452
112
377
256
98
214
-810
107
-89
25
142
-391
-185
457
-162
419
-61
-100
-262
-1154
81
268
463
564
292
-305
-777
-1061
-1127
643
81
892
-27
331
-1231
-1025
156
193
-924
-41
-222
-32
-90
-413
181
-253
791
-181
666
-595
-506
-204
693
582
-329
-325
199
763
-629
44
46
196
-157
28
-622
154
-71
2
-423
409
204
-65
468
-379
174
756
-321
362
-2
462
-301
-164
222
-166
-187
321
63
800
-443
-1210
-332
898
553
-347
534
288
-235
-396
812
-72
252
-631
376
-88
-619
994
189
-675
-460
-720
284
-1137
-513
373
-182
-899
-184
272
-199
-61
123
-357
389
328
-967
667
1538
708
-36
422
337
708
-211
-678
-474
-217
-276
429
-73
10
264
-69
31
-263
-767
760
-403
-584
144
232
7
110
75
-287
-677
250
-412
-296
34
-131
378
-796
-742
-438
-105
-67
193
143
309
142
89
384
-1072
507
-655
52
-147
-405
507
26
-124
-252
-478
-72
478
542
157
96
1036
116
-319
-310
-365
-142
760
-593
451
887
587
320
-267
-723
181
-1
545
-169
124
305
455
613
-72
232
-609
-675
-388
253
1121
-478
4
-185
118
556
103
-297
-960
124
422
147
272
-721
-152
-327
-379
-59
221
-1062
18
-477
-494
424
191
-435
257
-147
254
1046
195
614
29
1313
215
301
275
229
-733
707
496
93
-371
-635
-911
413
99
-212
454
329
502
-639
139
659
570
129
-386
-40
-591
-447
386
207
641
218
294
832
-698
-274
593
435
473
339
-39
-4
628
232
-727
441
158
-125
-63
702
402
-593
404
-798
283
-366
788
106
282
872
-103
-211
-166
-338
-39
-30
-134
-157
-180
391
650
-545
226
305
534
-76
-106
-235
163
104
392
323
639
394
-286
699
148
-327
568
923
-273
558
-445
299
172
-1100
1196
561
-310
-663
-502
362
274
-184
-380
-157
111
-464
203
-584
93
652
212
-437
492
727
-823
-466
159
-636
245
-1375
390
218
-278
380
-290
-153
-57
-58
912
-905
-145
67
-25
381
768
421
778
-391
-154
219
-269
-363
468
171
784
140
349
158
-134
-91
290
-442
-773
-148
-167
441
1124
-9
64
-566
-40
101
106
-528
-293
32
694
872
-210
-429
-817
-378
233
-428
-14
-237
754
-108
-33
493
7
-581
615
-745
-554
390
-16
-155
740
174
634
-424
966
269
-611
-247
751
-32
745
272
-465
-1056
364
-105
-365
-516
719
-621
713
-923
375
652
-56
527
-195
-140
65
269
315
284
-334
7
394
5
-4
-755
575
1432
-380
130
239
-317
239
-106
277
480
108
332
429
1033
-973
-239
-188
520
-186
-267
-218
-732
498
-91
-883
-517
-1269
-166
-111
-199
-266
-424
151
-75
-110
-310
26
444
-511
-290
269
-15
675
-415
-928
486
125
-91
-177
269
153
-868
-199
419
-246
40
164
-429
380
-221
-164
157
1
-677
573
-78
162
-47
498
-638
-144
577
-410
-154
-720
-81
60
81
-741
-30
979
459
-8
755
0
160
311
-259
795
35
-501
-52
684
-34
-785
586
-232
-341
187
-330
-696
545
149
-99
-685
-904
365
-218
-607
71
-475
-355
275
670
21
-937
641
121
504
-870
229
28
876
-195
-440
-133
833
-234
-152
-195
-362
-259
-742
97
-250
-836
-88
-438
38
773
-426
-120
-246
351
439
640
599
60
117
-31
-965
388
140
365
145
470
296
428
117
-222
-304
869
329
-121
24
-404
1396
-63
-700
-464
-943
399
164
-90
232
51
975
-674
160
-416
-113
-459
-528
499
405
-590
-283
12
94
-274
173
518
360
334
-376
518
342
217
-335
272
-1038
-407
173
-331
-136
-44
-120
-1242
-422
-489
601
556
-630
-571
-276
32
-1194
-814
171
-661
-235
-127
-125
-687
147
270
595
126
-304
-428
78
110
-623
179
-314
1223
195
-270
-308
-326
514
347
-166
695
393
-63
115
393
578
1094
648
14
283
-283
-798
-477
1167
603
-425
37
-669
-759
-223
-229
359
-598
322
410
-208
-505
-387
-564
-828
856
359
-377
-1119
-528
-100
816
-119
-397
549
112
-348
-296
342
-485
-149
796
306
-234
940
794
-403
-402
-408
150
-658
717
464
-605
-14
580
-490
253
198
-758
24
310
-87
-99
-1150
-1327
-44
-1237
53
-542
319
392
1251
233
566
-9
424
1115
81
-312
401
69
-208
31
86
-478
200
12
-120
743
-430
182
-171
-248
-35
-262
492
254
-899
-831
-109
620
191
-218
-466
158
667
145
-161
-243
-858
103
-579
-24
-22
518
145
-568
150
-297
279
158
-1109
263
-972
197
58
-349
734
-111
-254
639
875
480
139
-88
-679
-259
36
618
670
55
357
-445
555
-850
-987
-614
135
216
-53
107
-119
137
-120
251
-313
24
-633
-536
-378
177
-22
-176
-434
141
726
769
420
-409
-44
786
-676
932
330
669
-74
682
-104
-459
201
-308
-616
-188
61
536
-249
-434
-189
-195
532
-201
-411
161
236
715
-212
109
-127
24
-14
151
-460
-77
227
-788
-201
-791
124
621
-56
-187
-20
387
417
36
-337
236
490
178
-604
-1023
600
-38
-345
-420
590
-7
304
422
11
418
-596
-121
-879
156
1217
-433
-297
-871
-94
-86
-675
410
38
-162
277
-403
278
815
-20
-297
-284
-398
914
-96
-349
-689
554
-58
700
-14
-881
-419
208
-514
867
-1143
-604
-325
532
278
-699
353
270
-126
292
-306
-523
-485
-350
845
167
47
-427
-160
-821
197
476
-84
738
-103
352
-267
-683
631
-330
98
-409
688
-468
-581
10
-535
184
756
693
-448
-189
72
436
-139
-322
30
600
249
-171
400
-161
449
560
-756
-798
-1075
-244
15
-674
844
-429
-306
-910
-897
-149
677
-331
-337
-274
292
-732
-451
101
-304
-602
218
367
178
105
-311
198
-7
14
473
547
-325
591
-828
-142
-509
173
-127
-123
166
-292
540
-134
-492
-380
99
303
-548
-794
653
372
-316
751
437
96
4
110
-670
-547
-294
-819
79
-262
-377
268
414
-693
-57
55
-448
9
-110
38
478
628
35
342
-331
-105
347
208
268
-201
392
378
-776
64
630
-854
281
-9
-837
-55
452
219
-522
209
-23
-206
640
-301
-566
-937
59
-565
476
-262
-428
756
393
-162
-41
-230
904
372
-1157
1183
-72
-387
172
420
677
15
345
107
239
55
-379
-380
-112
-715
-275
866
13
300
485
-317
-121
-923
-670
-132
509
-41
421
-44
-795
-659
152
26
13
774
64
-477
168
349
-180
40
655
-879
750
-220
150
211
245
-284
-46
581
118
-1029
-1239
328
439
100
741
-439
513
516
6
-867
-18
-166
-448
-336
257
-11
-181
88
-351
577
-20
217
239
-490
-780
239
-1094
136
3
603
191
92
430
426
-127
851
826
-449
-527
590
196
374
-123
-1140
520
5
-26
339
871
1124
-22
-226
-547
774
241
64
-159
735
195
-499
213
340
419
506
-1245
979
3
-77
-160
-92
-30
352
58
-366
354
572
-266
29
-771
-493
-294
461
271
206
45
882
-1048
35
346
245
-448
-306
-242
-1130
-1033
85
-58
-213
241
1156
319
-804
38
96
-14
-644
211
-50
118
-133
111
142
-187
-140
-975
-107
-26
853
705
193
-671
-32
691
-777
452
-125
-18
-125
-610
-153
704
420
276
-1174
-741
596
-148
584
165
79
-185
-855
-41
-600
-803
-405
-286
287
-290
-440
-170
125
-30
-702
400
47
1
-794
316
842
203
24
86
451
21
1109
-186
819
-1091
-829
-148
-29
456
-351
-714
258
-291
908
-263
-405
974
-408
-281
4
231
-319
549
15
-657
-85
142
-131
475
785
604
-303
416
-296
46
493
-699
672
555
422
-642
-42
1078
-211
-786
881
-108
-295
-92
-193
-564
483
-230
-695
-1840
-506
-667
-13
-94
-384
573
-151
-243
164
-3
-981
529
-266
-31
257
639
-405
293
467
-845
-340
206
817
-763
-179
-389
-165
-668
1192
106
44
136
-319
-735
-110
272
353
73
-278
-97
-374
-403
44
-236
413
-483
-872
322
670
-626
-230
-429
585
-398
820
-836
-641
319
-268
-96
171
-718
392
543
-186
201
123
-90
-567
144
-327
325
-295
-461
575
-287
-630
-386
536
-353
560
381
270
-837
9
-263
429
-263
-584
-584
-115
-514
-404
-378
-312
-546
230
-386
78
324
-116
201
311
903
24
-164
366
329
1240
633
-1223
400
269
550
201
-1131
54
159
-422
-453
366
359
608
-86
-434
-772
406
778
314
-382
543
26
-282
411
1032
-846
-128
646
-565
-11
-726
-262
451
611
-59
-642
-138
204
-177
925
95
548
353
-411
620
342
-957
-207
-1167
296
-337
195
-116
1307
-148
-519
213
-352
-645
-81
140
379
-2
254
276
-426
-312
171
86
267
-181
-67
-137
1255
163
59
243
235
269
228
148
203
124
139
-907
-833
540
317
-876
201
647
-440
112
151
1052
351
-24
146
-133
50
-241
-271
-942
-871
595
74
-206
844
-194
752
186
-340
415
-230
-243
-65
-356
473
-731
-97
-125
294
86
-937
416
-1189
-49
-577
-561
-192
-233
206
93
-398
487
893
-33
-53
-49
352
-43
-436
746
-500
-1135
720
-646
1213
-37
-206
-700
-863
714
321
393
-777
176
147
409
-545
172
-127
1015
343
166
408
-276
-340
-218
565
-427
446
-765
-967
803
693
-537
-78
229
546
-328
-17
-274
-327
-381
205
-694
-245
377
-72
-251
-405
-15
325
-204
367
476
98
441
-658
-315
237
-287
-607
-13
986
-186
923
-713
772
63
-406
-718
-145
15
171
-91
973
-507
-285
-333
-766
319
428
338
-467
-647
-179
-186
-403
199
266
207
-114
927
166
-372
-396
476
-476
-908
335
-116
458
-375
-262
-108
-481
140
-850
666
162
-223
244
365
-717
746
-668
-23
-657
820
-317
193
522
-751
-161
172
20
-1070
416
111
-661
-506
-336
119
-830
173
-682
379
121
-246
754
1627
810
-1194
-687
588
167
59
-349
-126
-279
-429
84
396
-453
338
-191
339
202
342
-384
-93
-431
-325
-985
-16
-262
169
428
-598
-243
103
-6
-110
-224
749
72
544
-156
-108
-859
-70
-965
432
-1023
-801
718
439
-813
-62
-469
-381
-64
-464
512
-629
61
-370
-139
-535
860
326
398
-110
-700
102
151
-158
97
171
-168
1065
342
-600
341
-219
288
-44
-1184
-183
-129
-449
-33
39
-893
780
1030
170
-74
-108
-1004
-650
-322
375
1244
-483
431
-903
290
693
-149
-315
-280
-368
7
340
509
-318
-403
466
-397
-584
-78
257
105
121
519
-218
112
-413
-740
460
-635
-70
1091
287
535
572
738
-4
185
928
181
-211
-646
15
-484
813
237
-794
-509
-102
-114
-66
-428
-338
-271
-133
-725
-735
336
262
65
-389
-374
-1243
-207
-34
566
-52
-775
205
-355
391
321
509
1656
445
-296
571
1140
-267
152
-557
-71
108
-205
37
837
154
-357
-375
179
-389
381
634
-220
-141
-81
-967
-28
47
-257
504
-390
-306
548
104
1081
-674
-438
738
1006
-384
-175
98
-763
409
424
-786
-619
-459
-1154
9
-87
102
177
-8
328
-53
179
-278
105
230
-702
-411
-82
-630
191
318
-335
286
423
-505
-562
-155
-169
-86
32
-523
270
1
5
-382
-443
564
731
-55
316
397
-193
442
-742
381
566
1371
236
128
293
-1100
-67
-265
-622
645
102
159
-405
-488
-589
401
-434
752
-400
514
379
165
349
453
-829
-173
-129
-494
-703
-281
273
306
345
-353
-447
350
-485
937
-357
263
-387
422
-142
-525
-230
186
-383
-148
-726
159
-419
244
-285
1100
55
40
60
-395
-269
-358
368
-489
163
-271
-736
980
140
-421
-133
164
603
550
454
-619
-66
-118
-260
291
-194
681
522
-236
884
692
96
-464
-263
565
-208
-379
-491
-583
-339
549
-8
-1073
-155
-193
-339
-434
-619
-361
313
-81
-87
-384
-324
79
-123
-727
-477
-641
609
-189
-7
99
784
2
244
-510
-470
-19
132
12
-736
-493
-111
52
-503
998
-280
382
-90
574
369
502
-46
436
-204
926
89
651
390
-494
1114
256
-1021
-374
-425
298
-94
-81
83
-494
263
-423
396
65
-24
559
207
-189
1143
-501
-87
1298
-408
324
-721
448
-766
70
858
511
-12
-9
70
546
-312
-156
442
-516
41
-340
545
-520
-109
572
2
-122
71
-607
-712
-22
-451
333
82
-63
-1171
287
-135
-95
81
677
168
273
253
-130
-527
200
269
383
484
107
-87
-591
118
546
-301
-198
85
652
-1349
124
811
-267
908
-365
-685
883
-67
-276
-109
-315
-340
45
-69
503
-151
-63
-1028
192
-228
207
-557
178
-117
-542
-541
717
-70
57
-26
117
-297
309
-319
478
-764
-140
-142
176
-978
-352
536
-23
236
-352
-556
619
-665
-329
1116
514
44
247
-614
341
-294
174
345
111
382
238
-339
77
-326
283
208
568
546
594
589
738
-246
-91
-589
-308
317
-171
59
194
536
-153
1016
604
408
-371
-840
-913
-370
238
-956
-11
-93
846
161
317
157
227
112
381
-77
-865
-350
379
-939
-700
-107
-1173
-444
505
-5
-305
-562
90
-9
107
-184
-1096
-100
378
232
1128
301
296
353
1810
-1143
894
843
111
-3
56
111
71
271
33
397
767
32
-249
736
-387
-9
431
722
207
910
-576
-617
645
-488
-640
902
-295
43
276
390
-433
191
216
-2
-272
-480
-424
21
1416
551
547
-208
309
-749
119
-28
211
-672
393
-367
-558
-506
-421
-96
509
495
318
195
-106
-795
192
-113
-166
511
13
400
799
-855
224
217
534
54
-251
224
959
-615
-451
-684
110
271
-1049
-364
24
-208
-155
-323
-230
-447
-245
-72
-22
-689
-1002
-59
-600
-557
-90
-376
-420
-164
56
627
28
212
-45
-215
112
-122
97
-440
368
23
77
494
-298
233
56
-231
1057
184
352
-86
-119
-1022
217
864
-1405
481
-883
-219
-422
836
-816
-126
21
484
-441
294
-104
-145
162
160
-255
-1169
-75
-174
55
-106
496
248
-28
-334
127
-338
-253
-168
-853
-1067
67
139
-668
118
347
960
-686
-309
385
-179
-329
534
-970
309
-384
-39
-262
1053
343
607
-190
-341
166
267
-736
44
-624
-479
-165
-412
-373
682
-408
783
7
874
122
55
-486
-246
-282
156
-436
-1106
-412
-372
-315
-1
473
-87
-120
-907
66
-522
467
-247
-396
-181
-664
-923
1371
-160
1018
-557
-846
-135
529
930
222
-89
303
-169
-613
381
349
541
-275
248
204
-354
350
335
-558
74
-924
1033
905
-598
-357
571
-514
-604
-328
-290
-477
15
439
-463
-522
613
345
20
87
209
-430
-1570
428
-558
-5
315
338
238
793
435
97
412
135
1026
145
-129
272
1051
126
-20
-506
420
-906
-138
570
-42
-509
231
632
-49
225
324
-100
447
-717
-509
-153
-633
0
78
-389
-835
276
-129
396
-466
314
103
-65
-36
-37
316
-184
-674
-133
268
495
-988
-826
-88
304
640
71
-38
323
321
101
941
442
-29
294
-516
231
421
573
-213
714
340
-304
-230
-103
528
-269
-387
313
-446
-650
441
-124
104
-15
68
-96
13
-240
160
19
-228
-621
193
-359
246
-488
-647
-128
256
1
-127
-775
168
304
-236
102
-198
458
-733
-165
142
591
493
-505
-880
-422
-856
-205
468
346
458
-382
-575
-128
980
240
201
-70
-282
159
-453
93
392
850
874
63
-777
24
933
720
-330
-36
963
384
109
-632
-275
-84
87
-1011
-121
-288
120
615
2
751
-343
739
-94
-256
-793
487
-209
359
901
-555
-52
-77
912
307
-330
-154
-176
139
1190
234
31
14
449
307
-442
423
-630
158
-241
-708
-590
-448
-573
573
684
-262
-152
-188
313
275
211
-343
1232
-650
872
357
539
-669
194
229
-249
103
24
-1461
-421
34
-4
-504
24
-136
609
53
-788
-464
-211
-432
-259
-147
-147
-442
-40
97
2362
-269
888
-477
-445
796
-220
559
-474
-450
-517
-111
-31
-325
678
429
263
541
-70
870
335
-561
641
-105
293
492
-102
-197
898
-862
-268
564
-300
-75
-807
667
-349
154
-44
-914
-82
-374
-86
369
564
-197
-58
839
-347
-427
469
-355
628
-33
-236
423
-197
146
80
-54
-1062
317
489
-484
-412
-95
372
-195
-161
605
-334
-365
311
-382
451
91
65
262
-463
842
-623
-857
-159
-701
810
424
651
945
441
74
-486
-441
-314
580
375
-909
76
-956
-338
-601
-144
-212
-842
203
732
953
520
-46
-89
-146
-1059
198
-483
510
-55
140
-253
-344
-328
3
967
83
202
-75
176
113
-263
-447
835
375
388
-1095
-781
560
11
-524
-271
86
-656
-456
-618
428
-823
758
219
-231
380
314
-382
124
336
11
-133
584
-568
-285
-291
400
24
-91
298
-343
39
403
-629
-403
-477
289
-882
420
-168
90
-239
194
694
310
-6
-145
90
-381
-240
-104
123
331
-510
984
-339
-155
306
678
139
248
-359
143
0
647
-84
406
478
-43
241
0
304
-405
-12
-232
154
574
-481
-322
1075
713
-229
-325
434
-164
1438
57
839
-419
501
623
-926
-575
-625
509
1888
172
388
259
218
705
503
277
-290
704
-139
55
44
-148
-537
-26
-514
88
627
323
-100
-1031
-737
117
-139
708
-130
-104
-113
671
374
-31
16
-596
-604
259
725
20
-23
-167
-325
34
224
311
484
832
-71
-88
294
38
255
40
523
470
87
-191
596
300
-231
838
-676
-655
-290
-198
-302
-19
-77
276
482
-705
-18
221
-1
-309
-133
534
-94
-627
-147
1076
100
46
693
-537
-1026
285
767
-774
-507
-242
-56
-533
-684
-382
-8
335
-58
232
789
797
-13
-172
435
-103
-475
1048
457
-438
-179
-161
635
95
-309
-285
658
691
-58
-357
-522
703
202
-546
683
803
604
491
474
-87
-205
-677
82
932
-336
398
456
-750
-266
-389
179
546
-270
-215
528
-5
-364
469
-235
384
-42
214
38
-51
17
-312
593
-729
330
-142
-997
-33
-113
-265
-236
-491
427
345
-337
513
351
-319
341
-66
341
-133
-152
-483
343
-286
577
-880
300
210
-1
-111
777
-170
171
-186
381
-181
-70
384
-842
-104
-16
195
339
-262
-44
-142
963
-295
-94
154
102
534
267
673
147
-895
591
-97
-384
-293
46
1072
-1197
-90
494
-603
351
-644
-159
-366
-549
-246
737
63
225
-334
329
-1115
54
-50
255
42
339
-1018
-176
-607
39
676
-1475
-188
498
-295
454
-256
-30
696
489
-527
-146
644
-529
326
418
-582
352
-685
-184
-861
-899
36
235
388
-216
58
518
-160
-26
639
941
-728
883
-385
-776
-1097
-349
61
686
221
-1045
574
-697
-811
161
1
449
-445
123
-23
-868
382
-358
-41
859
-382
245
-307
13
457
-888
-148
-734
-692
-649
-20
31
-111
810
76
-942
479
-431
246
329
451
395
896
-484
450
-328
-802
41
-166
-460
-389
254
-447
-461
790
-604
54
966
130
-530
-737
285
662
-245
-96
119
28
683
445
-621
680
347
811
140
343
22
-917
837
-57
394
-209
-325
315
-589
98
-604
100
44
47
-161
-25
-337
-187
514
760
-697
473
759
74
364
-475
-101
530
191
-15
95
-354
212
520
-233
-817
696
-603
59
-197
215
53
186
701
-308
584
-946
244
-692
344
-524
-850
-537
537
-214
-108
583
113
30
24
-463
531
-468
768
85
-113
432
812
1427
-238
-606
348
-201
-382
-500
1106
173
266
302
51
18
530
427
-188
1277
261
42
1009
-795
241
507
56
187
26
-735
170
-643
537
-575
407
280
600
-1093
-178
-73
156
-85
-494
632
120
-393
-569
285
471
249
-595
547
268
-260
517
112
-311
217
-527
-188
-106
-273
125
-337
295
182
113
43
915
-257
752
-520
59
-1027
457
-1185
-7
333
777
206
6
-841
109
-85
-347
-560
-540
-659
-368
-173
466
-412
-576
337
-187
556
1023
-400
-111
639
-183
-244
100
584
316
-63
184
-14
578
-482
-300
-382
3
174
158
-255
-101
630
345
747
-428
221
592
302
-1003
398
-146
-392
916
-225
-294
-219
768
-517
-36
454
319
-648
455
947
-102
-1232
148
-666
301
-800
751
-195
130
174
700
711
-131
574
259
315
492
162
717
-472
40
612
342
-15
-273
-278
557
-384
-289
253
50
70
-572
-475
322
410
-168
846
49
-447
518
-498
115
14
515
145
-926
103
83
15
297
-686
458
-455
-864
1111
-289
-602
-1676
408
309
-240
184
-138
75
-366
-681
-274
-392
-794
-444
157
-526
-124
1158
57
973
211
677
-33
233
-51
1146
334
-684
-292
360
-540
-516
-326
-164
-139
63
-75
-122
836
-450
-325
40
-859
-434
-230
693
113
-459
-422
64
-299
-173
-375
-555
75
-611
847
-499
-198
-247
-1030
82
-496
-551
376
252
570
-741
-201
882
-54
106
846
-571
-954
174
-153
-153
-61
245
-161
-203
508
50
142
656
162
59
-662
666
-209
139
345
1139
552
116
179
-14
-5
-684
619
-62
475
171
-243
-470
-551
324
70
-413
665
298
-628
-353
284
-1255
996
103
-528
185
-157
-398
-235
452
-613
-187
54
-11
-60
134
-718
-96
-482
-52
6
-725
-515
-245
-295
233
-284
-879
376
-179
16
-3
-173
-60
890
-471
992
35
-1124
269
-337
536
59
57
-592
-440
-287
-259
-223
1001
893
20
543
224
33
-12
-940
-159
-218
21
792
-110
646
-26
623
936
148
-45
160
-811
642
415
494
-1096
522
-142
-310
358
108
-330
145
236
333
-130
873
983
-854
350
199
356
268
-180
-459
81
149
758
227
3
-397
-75
43
416
-31
845
-113
-325
-180
129
-556
-358
-13
-425
252
338
-840
-141
-499
59
493
391
-346
-214
-454
137
-401
705
172
430
-500
-119
-49
628
-70
275
293
-601
234
-529
70
-412
-198
86
521
-463
-602
684
37
438
384
-23
330
-548
45
1248
-343
1020
247
-1045
101
671
204
14
425
223
410
-412
-641
289
635
-300
-173
310
-912
334
-177
-406
81
-149
107
-354
-7
102
583
-188
-312
-467
-191
166
173
234
-625
-356
790
78
872
801
149
587
-664
-182
340
609
302
921
116
410
109
-788
-8
276
-548
-678
-90
-796
174
847
100
193
-745
240
396
562
206
-198
275
-162
-647
177
451
-715
620
-266
4
-423
188
-629
391
