25 60 529
0 5
0 11
0 14
0 23
0 24
1 10
2 4
3 1
3 13
4 5
4 7
4 16
4 18
5 9
5 24
6 7
8 9
8 13
9 3
9 17
10 7
11 9
11 24
12 2
12 11
12 21
12 23
13 6
13 7
13 13
13 21
14 1
15 3
15 23
16 1
16 15
16 20
17 23
18 14
18 20
18 24
19 11
19 13
19 17
19 19
20 4
20 6
20 17
20 19
21 10
21 18
21 20
22 4
22 10
22 18
23 0
23 5
24 6
24 11
24 17
24
7
33
37
13
43
0
4
42
39
17
56
41
58
22
30
44
5
6
59
29
2
10
40
8
53
49
34
57
21
35
55
23
46
38
47
50
28
3
48
1
26
36
32
52
14
54
27
19
25
15
45
51
9
11
18
31
16
20
12
-852
1453
-862
-623
-748
250
141
298
104
270
-233
753
473
709
-105
-729
203
157
-580
415
411
429
-371
141
295
-144
-578
318
111
-282
-590
-837
-282
-26
189
5
15
-147
293
-531
620
169
132
-257
-82
-1158
-397
-136
32
738
-267
325
909
463
-248
988
-80
1376
-1349
-433
-80
-64
1023
-364
-271
383
94
347
523
258
-863
-15
533
129
-152
-76
-332
-496
-916
836
-179
-58
621
-1100
-41
-168
-78
-483
372
591
-887
-425
316
-645
76
215
142
-1076
369
-19
311
382
341
972
-329
-456
466
-688
822
-639
136
-198
-945
-434
371
93
88
-272
-600
-258
545
401
308
27
1248
91
-1244
-570
130
486
890
212
158
-87
-226
-74
222
-146
-205
62
-777
343
-226
554
-749
21
-408
-47
770
-540
548
-235
133
-991
-243
-925
228
600
-67
-397
213
461
498
-415
-365
12
574
23
-47
-687
273
-246
-857
507
547
13
-445
344
129
-2
-4
-208
-150
-701
326
-778
521
221
-260
161
708
96
225
641
-151
-681
221
317
938
-452
876
-48
1102
492
203
-528
13
-944
1436
562
22
479
-444
380
-127
607
-402
66
363
140
-581
-404
-25
76
549
339
-179
469
-709
-613
140
-38
-545
473
358
273
-130
824
-376
-1144
1067
-200
546
202
-59
24
-824
-300
-542
275
653
875
-145
-280
-397
223
-183
-1009
-367
314
-25
-1565
-174
-1338
1071
492
-35
-360
-384
251
229
-542
-188
566
-705
-285
-87
841
319
763
210
51
628
-383
-441
-477
-678
-430
-220
132
111
-393
-212
-167
-376
-308
-178
-349
35
-390
215
30
-435
-692
80
-557
-358
624
795
-429
290
-74
872
46
-425
-256
139
119
-527
-343
453
912
-285
813
-637
258
-438
316
-1676
-404
-317
17
-116
562
133
-1158
-846
736
-392
342
-337
420
-361
399
-1104
456
498
-524
-272
81
1035
704
342
244
544
445
-1157
354
-69
-536
-201
-8
670
18
-530
701
-344
-1531
299
480
607
-36
-1063
-350
729
429
-347
190
-90
376
115
-619
-956
-24
207
-851
-452
-250
77
-594
-339
-422
300
365
-343
157
327
-710
-196
-434
-736
311
-803
-391
838
-7
-34
408
323
236
936
75
351
8
464
319
507
-652
-71
-67
-60
193
897
890
20
-323
-368
539
-37
-795
-193
216
980
319
-990
-42
-351
102
560
247
-1172
-514
756
96
-231
933
-57
904
-953
-415
-1054
344
-406
523
-912
291
208
-521
269
817
115
111
-366
831
1061
-126
1349
387
-611
537
348
-399
301
-56
-900
-366
-650
264
-128
-135
860
201
155
225
-279
-105
1068
-9
404
-684
653
-419
-1379
-168
-151
39
346
-1013
-678
371
-468
824
-192
-908
118
683
-360
-284
209
37
35
383
-399
338
1171
503
-271
-827
-279
-371
622
477
-540
18
-469
454
389
693
-742
-287
195
362
212
-320
428
-500
-930
-183
-40
104
-131
798
-334
-323
835
-218
217
187
-229
1083
1305
-726
416
466
-69
109
549
-377
-650
22
-783
-125
367
538
-725
145
433
-296
146
39
-508
81
-304
-893
947
118
-18
748
745
146
-157
197
201
-355
260
307
-763
67
-1
238
692
182
203
178
389
-734
-255
-42
86
-963
265
162
-363
609
204
-1164
664
32
-176
-317
-494
-1090
164
190
-424
434
-45
143
-436
202
436
-34
253
129
389
1009
722
111
646
702
184
-88
154
-349
-330
-344
-439
-87
397
101
17
-755
-246
-495
-739
-667
81
-657
-484
-53
-1101
271
-68
980
-172
486
711
-74
298
-493
67
699
264
-309
-594
-95
-27
-283
855
811
729
-129
-88
-174
-161
415
-261
427
641
-656
395
691
280
495
-193
-985
218
-443
256
344
-727
-136
269
495
-229
63
-700
248
834
-151
398
-54
766
309
-270
-573
446
-131
-202
632
-308
746
-238
-400
901
-1168
-615
-679
-580
-323
-282
-51
-158
-673
89
293
-681
1320
-265
692
-603
168
61
-50
-346
-564
46
857
55
387
962
455
-146
779
622
588
-183
717
-224
1256
-673
-119
-81
-454
-400
365
-96
313
88
-433
-157
-76
204
801
302
401
240
-642
-1101
-146
-899
386
-685
259
191
-359
-40
-964
-325
-416
11
-438
-451
-793
-150
-866
811
-638
-524
-825
375
1360
1322
-222
-643
113
91
255
-418
33
250
-196
-911
830
-142
222
186
153
-583
-547
515
113
-111
173
-85
460
737
210
347
-455
105
138
-287
384
183
460
-487
-672
223
95
-274
73
23
-121
152
84
179
-241
143
479
-190
-142
-141
975
-596
582
-163
295
212
348
359
804
-118
3
-467
589
-806
-1166
44
-213
512
788
288
-975
416
116
41
81
6
338
-162
41
282
1
-892
-272
728
545
-41
487
-376
-406
1
-1021
627
-554
-735
-267
686
817
-601
567
-294
482
-733
192
125
-455
-258
588
-389
-974
283
-1542
-89
767
-79
867
396
-772
514
-206
-509
720
438
-1373
243
-3
-395
-234
-278
64
210
-340
-346
586
76
-122
-491
-806
290
1124
-251
-563
824
1
445
440
-354
-102
598
1045
-206
291
86
-873
196
435
-717
1090
788
-604
-230
93
-99
748
617
-1763
-44
-668
-13
-623
-239
-126
-835
-750
-84
-540
-20
439
838
-571
1155
-650
-118
542
-205
-109
-1265
667
-967
-594
-37
-689
2
-750
641
357
-1018
-473
569
507
386
-1
-189
1401
-492
-197
-238
-26
-57
-88
-1136
-66
906
-475
-700
-147
372
-220
-387
826
572
-593
370
-419
250
34
195
-104
-133
814
486
232
-566
-810
430
300
682
-304
859
-494
-865
-96
-143
347
-92
156
332
1279
536
189
-165
-389
223
-648
-238
-104
567
184
-590
-56
554
-1430
-228
381
1328
259
220
682
874
-260
-810
199
359
-161
-873
-694
705
196
339
-227
-173
236
518
882
-533
1680
-550
144
629
-396
228
-191
287
76
709
4
-495
432
851
473
244
65
726
-278
-1383
-34
129
319
-110
-216
458
623
-536
-956
667
-286
-883
785
-357
80
-213
-658
585
25
-398
504
118
-99
641
-338
172
363
-16
275
-575
-40
-63
947
790
-720
-1173
-125
524
-837
-280
533
876
584
-849
769
-347
-903
255
-206
380
-122
740
1756
504
-656
-531
-437
-763
216
-55
976
-1013
-226
63
160
-398
-207
-89
-116
4
-6
-630
-4
-67
-279
389
367
-427
643
158
-298
291
-604
1454
70
-83
-771
564
173
980
903
772
169
-205
308
630
98
305
235
-178
372
1081
367
-1030
246
597
351
-328
-679
17
-136
-493
-296
1038
1320
570
-708
1087
-507
4
738
-110
421
158
-170
-320
582
-454
-636
174
647
1175
219
616
523
-174
1089
178
1026
-1481
-171
-1170
506
406
604
-587
207
-121
329
921
154
67
-902
-62
-696
126
-1
-375
438
-531
807
735
-541
132
-240
-367
462
-718
-730
229
-15
220
-203
281
-989
-434
53
451
128
-173
-166
-200
745
551
311
72
-1207
363
977
-747
-499
-786
208
-1615
310
-517
-489
456
-915
582
645
-757
256
-100
-194
-12
-174
100
465
-610
-14
268
-236
-768
-713
399
-777
-237
334
553
57
84
149
-24
166
389
841
157
-619
-389
671
227
-910
-616
636
-343
533
528
623
25
-137
156
-351
645
-56
-90
790
211
48
776
-363
-658
588
-410
120
275
162
243
118
-137
148
-66
-275
-1207
-644
-897
468
-145
99
479
141
95
-314
221
-911
-547
529
-547
576
564
-205
-216
-303
238
1275
-43
-89
36
50
-377
689
-508
899
-192
-210
233
-1028
-226
589
-79
-295
704
-203
-708
64
1084
-176
-88
-484
-169
126
521
-150
-408
-191
210
0
-432
917
155
170
-339
445
1114
-1001
-754
1321
-987
120
252
-198
292
-647
842
236
612
-720
-849
772
925
-374
618
440
-748
244
-158
-257
52
163
-553
873
-388
301
87
163
517
150
-71
-290
1021
50
-390
-637
-68
138
176
418
-232
-932
477
653
116
-271
-555
-495
1143
-345
12
-197
-222
216
-815
-1308
83
-63
562
494
-1104
-345
-146
-439
-268
-461
766
522
-185
-350
-912
561
-380
-622
640
87
-569
-214
-882
-399
-94
820
-2
-521
297
211
-100
-41
636
-828
-441
-5
-143
359
-74
111
511
837
623
-280
-334
7
-736
51
-463
791
209
-371
192
228
-197
17
356
-387
85
1300
450
87
-68
397
-81
533
-689
-409
274
99
94
394
-693
-477
58
918
17
-100
486
288
-1499
200
-286
606
-136
-927
19
145
84
40
625
675
-395
729
-679
-387
228
180
305
-824
23
-383
-175
689
531
226
162
820
230
327
-111
450
149
802
248
409
-1142
-565
866
324
-128
-392
-416
7
657
-113
-31
-130
66
-8
-89
-324
722
-276
246
8
571
569
118
-288
-153
-460
1540
243
143
-107
-449
5
628
1014
-434
1081
-161
-796
-836
186
133
-199
-77
52
318
-83
-118
408
57
-1457
-652
873
-604
-35
102
1458
89
-522
108
-555
-289
636
-556
446
35
-91
516
-186
442
-930
578
-141
414
-174
458
71
-91
911
41
-243
-346
182
-1252
-670
56
212
400
23
-870
-347
-705
791
96
-533
-118
306
-985
-359
641
-995
-1564
639
-535
-965
510
787
807
-375
150
-964
-48
414
-11
-194
-408
292
71
164
-81
39
479
120
-767
371
212
-462
358
897
-495
639
-294
-315
-222
-344
132
281
-1303
375
154
89
221
-41
368
-505
207
352
-289
-42
1018
613
229
387
631
-847
12
-673
-11
-158
370
307
230
-983
798
-527
-129
-438
-448
961
1436
-587
267
-648
262
-221
-585
-688
545
-837
172
-261
924
1036
64
256
226
305
571
52
-434
-120
510
-867
664
925
864
72
-13
916
1163
676
-828
-300
-787
398
-234
-63
190
348
245
711
992
900
-570
-94
-175
-1007
1395
-808
-55
-345
281
-81
210
-415
177
-404
-237
-259
68
-194
-373
380
1005
533
268
204
46
171
-100
-684
-145
-670
-78
-613
-12
-408
503
900
840
338
-692
646
-497
-812
-583
246
-268
188
-279
829
546
339
1059
-475
561
-428
-260
583
1001
5
-605
677
-831
-1573
-736
-326
533
-81
721
-504
-203
583
-545
-421
423
19
-144
0
768
51
-609
-940
348
320
-1074
-610
-40
-387
242
-581
-368
-467
1335
-265
-43
-258
-97
55
-424
-192
-39
213
-1180
-657
239
625
289
-479
4
-984
430
-188
-173
-340
-1751
475
-294
519
-462
-44
346
-33
-498
1050
-274
-83
13
-255
300
-150
-463
-559
37
742
800
-148
491
-1112
20
91
208
-15
748
-273
542
30
849
170
-62
-791
14
-440
221
-725
8
245
-181
36
267
848
-349
346
223
-93
22
-705
-308
-211
-206
-336
700
1423
-912
340
-236
477
85
445
-86
621
26
-549
-134
96
295
-108
-172
-160
174
-344
380
211
357
40
-92
-836
326
10
1168
-794
553
-242
98
87
-277
-71
167
705
624
660
-78
-366
-854
959
34
49
537
-76
-1181
619
-274
-792
368
-377
-1193
498
-393
545
-401
293
-309
-447
-915
378
-1517
-597
-938
79
1331
-1063
425
-285
137
-533
1090
-244
-143
28
69
-8
70
731
-868
-416
-607
-207
-70
724
-385
-340
576
837
-486
59
-561
-533
-188
31
807
-352
-286
-236
-1393
-677
49
427
-194
-241
-422
-384
-176
-85
-850
15
-620
-369
284
23
307
-186
947
1030
325
562
-72
-439
57
174
-21
-250
-322
887
-572
1029
-683
215
47
-91
343
515
-525
244
477
303
-303
661
-591
198
-251
159
947
-93
185
-214
-167
-265
1021
-45
-732
402
-115
-526
618
-748
53
-419
-206
53
-527
360
643
-813
-890
-425
-204
286
-346
886
357
-520
-523
-320
202
-368
-336
-243
111
-249
595
44
150
47
102
553
397
-222
423
121
-734
258
-222
361
-246
-141
-80
-140
-363
377
-76
448
462
-144
830
548
801
-434
-42
118
-29
303
-187
-673
310
423
205
128
-288
-454
-117
-296
-580
143
-413
159
-378
581
952
-81
150
244
306
-508
-153
-166
-167
797
-361
557
-102
-609
-947
-494
-920
-361
271
90
-732
401
387
78
250
-168
232
-273
-604
799
-82
-182
-218
-583
73
-262
-486
-662
264
586
239
-403
-406
585
-954
-280
861
219
-166
-1687
192
255
-710
59
120
-175
-155
197
188
1157
-565
-839
-213
-430
-129
525
643
-451
1
515
-30
-49
-458
233
-167
-917
-205
768
-400
886
-149
-493
667
-878
524
692
-1292
216
-223
1253
740
58
563
1450
-90
-398
404
48
-378
305
272
-876
-296
-421
-246
-489
-586
311
454
-909
97
978
136
626
-21
-451
239
41
-265
1
1478
521
-160
-29
122
-115
195
1139
-480
-719
-1095
-143
-960
1082
365
-48
220
588
35
-371
481
854
376
-218
-1475
192
1362
-159
575
-111
513
-327
-212
-768
154
841
-659
-501
164
-589
-421
-426
24
-332
709
-7
801
-257
229
1020
-77
-926
721
-80
68
-217
239
-236
40
58
-21
374
253
884
-390
-152
2
-400
277
-523
-218
231
-477
727
74
63
559
517
-214
32
265
1060
490
-589
279
120
67
3
340
-470
-362
322
866
-175
-1175
-160
187
-598
880
-244
-427
-58
-444
-497
-445
202
-26
194
411
438
143
1264
-357
-188
-72
-6
-2
593
-410
-214
86
111
1062
-42
-55
131
249
-352
-251
-150
247
358
-873
618
219
812
111
-1212
-236
1670
86
-148
518
-68
-788
136
807
-61
453
246
-190
-1023
-444
-696
-287
-132
-296
-130
-365
469
-372
240
-585
-197
216
-12
404
34
-31
160
569
-676
-761
800
271
-744
114
-571
911
313
156
450
-347
-362
-1506
-528
691
-396
34
219
129
118
-377
-1338
167
-76
-505
1438
-654
401
18
-220
113
1262
788
290
-453
360
1089
970
1058
423
-572
178
117
952
811
715
-104
-407
800
109
-984
-134
-964
105
587
-191
508
1825
-26
374
-300
50
970
495
548
914
-268
-640
213
-529
406
62
-516
874
-140
-18
-366
-310
-175
-178
275
-552
-583
-855
653
-366
649
793
533
-11
-742
482
-334
115
319
263
-838
148
-959
260
-396
-33
675
-244
-348
-730
-102
256
552
195
660
-557
423
-473
-331
596
-243
-342
1092
41
434
-534
-505
337
-381
-230
125
-260
715
445
273
1812
-1734
-4
-216
398
-47
1
-491
683
1183
881
-5
502
422
172
-354
550
416
477
1032
875
241
-359
406
448
773
1246
-38
1158
575
791
602
-845
215
422
-31
395
753
853
-728
-14
-1000
583
-526
-361
167
1067
614
-35
-576
558
253
94
-906
-309
-592
-246
-49
-295
-68
394
670
-761
-364
-812
305
903
-415
232
-400
415
24
568
199
371
71
33
-662
725
511
328
-394
-32
-641
-357
243
86
-175
-67
-203
-392
-455
-319
-272
-397
836
97
852
822
-635
-313
-258
275
-474
-45
31
-222
1003
-328
-150
619
259
-1561
152
-445
9
119
-596
303
283
582
-60
657
672
-118
144
482
-197
-600
216
-110
229
17
-611
-55
-464
137
439
-433
-7
-411
66
-851
82
243
537
116
-505
-219
461
220
611
313
-108
-64
-48
24
-214
-138
728
608
-666
815
-1082
-23
98
-182
321
-573
-349
140
-426
182
-261
436
-499
-427
-326
769
136
417
962
247
-419
-381
44
-379
133
102
337
856
553
-406
-21
-859
376
-227
-342
-258
-116
-382
57
93
-197
288
971
222
-797
54
307
-442
-40
740
1219
-250
-465
798
200
-451
967
-987
-535
-30
-322
-34
643
447
-1200
-792
-1046
-615
271
-1109
-266
-322
72
-220
-662
1371
-146
-330
408
-499
-86
-238
-900
-275
361
-436
452
-408
414
-591
298
411
-64
275
595
496
-182
-892
-304
-253
-335
337
392
308
610
-146
324
-145
-477
-35
597
1320
-215
400
268
126
-182
770
-443
377
309
794
-204
-447
364
-87
-1302
748
305
47
192
-185
430
904
-578
-458
-72
528
-202
-210
833
-1374
1446
943
-209
155
-229
133
376
-432
723
-277
-212
-314
-1281
-308
-680
-19
449
-11
-485
276
400
-220
794
-32
1229
-258
-24
-26
-377
-987
38
-361
-522
519
-418
-445
169
-1065
-369
-287
-43
-631
422
-494
-19
261
452
81
-816
-36
926
242
405
-579
834
1024
164
-88
-543
573
223
1317
-332
1086
500
-565
60
1049
-818
158
554
-104
-1007
269
458
153
-216
32
260
340
274
292
-118
371
1750
583
-182
795
-412
-406
166
549
312
-336
0
787
377
-1037
-382
-167
551
-135
-764
-343
-157
-339
247
-329
660
-100
469
845
213
-1485
463
117
452
-763
-158
-411
-200
280
595
66
-20
-808
944
-817
357
222
540
80
-511
687
-500
491
621
83
608
378
501
-41
429
1121
-488
-34
-502
158
288
-26
-67
222
-263
7
445
795
-668
1176
-620
27
713
282
307
-400
609
-398
-548
-462
151
523
485
45
-412
398
326
-571
-346
-346
108
-980
865
264
-312
672
-531
273
569
-693
59
302
-114
985
316
1490
123
2
173
-164
-298
-258
270
787
629
-742
-715
-316
-1227
955
-540
254
548
529
-167
-306
641
-233
33
1048
-55
-364
-577
146
-234
-946
77
-305
319
-68
-50
-656
536
-88
588
-92
-19
205
-130
806
153
247
-30
-158
574
-1338
-198
-201
-439
-122
-1295
1007
-206
-229
-342
-1076
-329
1
-91
-372
-266
-575
-663
449
-13
-1112
505
271
-171
-327
-179
960
-10
-725
-461
-335
-908
288
646
-648
251
51
-64
112
-379
-301
487
-309
47
-433
-65
36
485
-680
-11
430
265
817
-149
535
403
-481
878
891
653
273
921
207
205
1143
83
682
-327
-482
-85
1104
74
847
495
187
144
-517
-1239
382
380
279
326
-397
373
-704
-808
852
-183
50
-954
-476
449
-605
304
254
518
-944
-475
-606
-165
692
589
330
-280
414
-384
283
82
295
-471
28
817
-193
348
-209
321
-492
321
-792
927
223
-935
935
-191
-1015
-911
-624
1264
-83
-303
64
483
-696
263
-685
-483
562
-122
668
19
7
-204
-1122
-741
-408
-262
-581
-140
528
216
308
440
-375
-123
125
-1002
390
-85
13
-543
-76
272
-716
550
-403
-1313
180
74
87
-410
-272
882
122
644
-125
-310
-706
655
246
-222
635
-849
65
-282
-162
619
-900
-609
-470
-256
362
-897
99
21
-175
-273
404
88
496
-347
449
219
-531
-191
104
218
-655
30
253
-993
585
1050
934
37
-129
178
-84
124
-139
-864
67
-1270
773
-478
38
375
935
-134
-345
334
-965
497
93
777
58
501
127
555
-31
-15
539
516
-127
732
-583
470
-100
145
789
-182
189
579
-398
-825
-431
-181
491
-844
-133
-792
-173
-147
-532
-460
543
25
-384
482
-824
-755
-337
434
709
-379
-2
-661
-190
398
302
-606
748
122
770
-135
-776
589
-513
-588
462
18
-448
339
122
-191
-142
-1027
116
-475
213
787
-48
-53
362
660
-791
-1139
-305
-82
228
-135
1180
892
-451
-569
195
-14
-355
480
-797
126
-144
257
490
877
-359
178
-142
-564
26
-433
378
713
-1397
-1321
-180
-143
1060
-673
803
-282
76
-563
394
917
64
1068
501
207
572
186
47
493
-193
-705
352
262
314
-579
422
-320
11
630
215
-555
-123
-309
907
247
-704
-662
-238
822
244
-762
-236
160
-606
880
595
-63
-182
-531
-328
-687
-871
384
251
-587
69
-1255
202
-1169
-913
-479
-10
-220
70
-991
-217
971
180
-126
35
572
54
975
-79
254
527
-490
630
-399
-405
-32
120
266
-30
-42
300
77
-517
-261
-404
906
-21
1535
519
-930
-218
298
1032
282
331
-112
-83
-181
-393
235
-739
-724
-274
447
407
507
13
-838
-666
30
190
-722
317
362
263
196
-263
4
262
105
210
-232
-361
-98
-277
102
122
207
-1356
526
-206
367
-143
218
-142
357
-152
718
91
489
970
-893
-492
-274
-366
89
755
-878
169
549
569
672
317
-332
138
-205
-971
62
888
209
-234
-1068
347
106
-434
-691
-332
-721
-1320
35
447
32
-170
-1034
-138
-874
-429
-228
-170
-786
97
-333
263
142
776
-228
-260
-156
1086
-713
-314
205
136
442
201
127
-1156
-87
14
265
-492
174
321
-132
29
-151
11
716
-796
-856
-208
195
195
792
-173
349
652
122
-1080
29
547
264
-333
-387
-773
305
-722
536
-16
422
-515
-347
-100
1034
170
739
-405
519
132
-28
783
-513
390
-606
-426
196
-787
-647
263
-839
-287
505
-721
-579
-283
-268
-392
-323
-554
12
321
79
673
-31
-111
-65
64
916
-485
630
-364
402
-199
-250
686
7
258
-78
-931
343
-134
-551
782
-145
-83
-542
841
-515
90
783
-328
-416
-44
-155
-261
2
668
-149
753
384
-583
-318
434
72
-623
265
350
-495
243
-259
18
-196
0
-1376
234
-513
396
639
-753
-56
60
210
173
136
-518
184
170
796
27
60
86
898
434
-118
-12
536
21
198
446
198
747
-699
-279
59
661
701
-141
572
926
-672
366
-626
-728
163
-583
595
218
-119
-21
-65
-458
297
-1239
812
20
-229
125
-32
368
-317
270
-455
500
-694
-157
20
-313
-20
484
13
1643
-811
390
-30
-483
356
-1132
598
-110
-202
-664
-133
-71
798
-252
-942
-429
-658
254
67
-350
424
266
434
-373
32
809
-705
267
-599
709
213
-28
-765
-514
-1165
-700
1142
266
227
-239
-120
-760
220
247
898
64
-753
-312
-263
-216
94
648
-39
422
-494
-267
230
8
535
176
-586
-646
-905
880
-51
-1421
1076
-579
-414
-112
-80
-624
339
-332
-96
156
-558
-639
154
33
404
-373
-46
500
527
-70
102
-549
560
-565
404
501
-206
-379
174
-6
-36
752
212
-345
-1020
764
-63
52
-42
622
-288
-725
-350
770
270
-181
-343
346
-141
642
-213
-861
-324
-62
-139
680
627
145
-149
-474
-764
432
-233
-602
169
889
-450
10
-284
546
-417
602
-86
264
-727
-171
-609
215
-53
-337
622
-105
91
347
209
30
-265
934
-1104
377
195
-295
-819
123
-196
197
-42
-224
640
116
-369
187
551
-856
623
-735
-432
276
-255
74
-238
386
706
-712
371
85
20
700
-228
-150
-193
180
4
-412
-1217
436
-555
-5
750
-647
0
-604
-96
-769
-484
345
-597
-928
10
-735
-359
-10
-83
-305
659
-167
-1235
919
-604
1313
909
-126
-566
-229
-250
91
-257
384
58
-147
204
350
-341
980
-137
224
673
344
108
-691
-108
-373
487
-862
-113
190
497
53
-566
203
74
241
773
-909
-871
-296
-261
-730
-901
-441
881
153
360
1082
-27
986
-384
728
-317
-191
672
-241
-599
788
-895
-50
-257
234
44
-956
-223
109
-118
-151
-139
-1
-470
-223
-899
-152
-666
-173
304
-270
650
-1421
-378
-392
-136
-191
524
-141
-90
-722
565
240
-164
-352
918
292
-284
291
581
-625
117
-26
659
-14
66
788
-214
177
-364
-316
428
-357
180
569
-572
246
-440
-468
380
249
-737
313
384
-1004
-456
12
698
-404
51
-29
-19
228
-386
-479
20
-44
692
1011
88
167
838
561
-465
526
-21
378
-554
1277
338
-53
294
-485
132
714
-726
200
426
441
-107
384
347
-450
-118
383
1367
299
1449
59
157
161
603
136
664
-680
805
256
-521
-465
-150
665
504
1051
-1561
176
88
201
399
35
-480
-189
-766
164
446
369
85
190
-609
-958
-46
-556
-682
106
304
-309
-59
205
20
235
165
334
-794
27
-8
168
-189
-714
-401
-988
476
375
698
-963
-258
809
-668
-6
-18
240
-42
679
149
-56
-99
-1529
1302
-220
-460
155
84
-245
555
168
-303
-1501
137
310
-436
-250
-536
708
-830
-429
171
-865
-668
210
130
209
-391
722
429
-661
-600
-279
-178
195
-39
802
1090
-464
464
211
1093
-17
-815
369
41
-681
-172
109
-619
549
350
-126
50
-156
628
140
-513
233
275
-598
1146
826
424
-178
169
629
-695
-287
85
266
334
-85
205
-413
218
315
-860
593
-1501
-111
-320
160
230
-192
532
-446
883
536
-390
811
-142
283
802
526
140
-469
-748
-372
-768
-361
-787
631
630
-11
-690
776
-95
24
489
-630
-1082
-138
100
-408
-155
-156
-353
-428
249
301
682
-237
-512
-339
383
172
1008
113
243
874
-287
108
376
278
728
653
368
-916
-222
-820
521
407
30
-697
1062
-962
-640
1119
151
-673
1293
169
352
-505
-769
526
992
895
-12
385
-255
233
1616
498
206
163
-2
491
-272
246
464
690
-273
162
-1472
-377
-207
1370
699
-304
-507
118
821
74
-218
715
882
331
243
318
-455
-464
-37
-466
-30
-504
123
431
194
182
-169
266
252
744
311
439
200
853
415
783
-1561
1142
-70
378
104
-37
-146
-60
-211
-408
159
416
494
-385
-797
-518
-132
397
-793
-342
-474
-679
-25
791
842
176
-56
-364
-54
-2
86
-25
-55
230
-382
-427
-358
-380
-1478
521
847
232
630
-358
197
491
304
362
439
93
-465
-376
36
-161
-125
-102
214
-310
253
97
0
-126
-645
-1083
-1025
-90
-59
542
273
0
-1017
-526
-68
-121
-300
726
-1199
-281
-1225
430
74
695
-685
676
318
158
-171
796
-243
-485
-164
-338
451
-367
-449
-77
-188
1069
1181
-223
-381
502
265
-244
-7
-1075
216
-85
160
285
-1027
-120
-555
705
274
-18
-35
-529
-92
528
161
-126
1100
582
-26
-535
864
746
-258
-111
129
-15
113
-586
-334
-381
29
547
-181
-68
-170
868
128
-399
-40
457
-173
75
221
-902
-350
-641
-607
88
509
-913
134
-159
25
-586
278
-390
215
-102
489
316
-281
1259
704
-78
-285
184
404
599
-56
-194
826
-86
-15
-374
-63
480
330
927
228
-263
-1115
278
787
-139
-11
-273
291
362
110
714
604
265
-253
249
-344
-198
29
-204
96
578
264
-297
-589
506
-408
-403
142
555
174
1740
-665
-1859
-1201
-11
153
709
-636
-521
-597
-589
130
647
-187
-494
-487
436
702
-33
-471
480
17
848
-642
482
-701
-680
762
-1082
121
1325
-632
500
324
-307
186
409
544
555
1352
38
425
-417
370
-626
110
-368
-105
161
-805
-793
-436
-147
-860
-306
4
-199
-231
-74
-724
-266
128
225
558
-54
-204
356
180
-275
315
84
26
-252
688
208
-94
-522
-197
-242
351
455
322
-306
-472
786
-116
513
-679
-355
508
649
-18
-183
6
-519
19
-314
-8
903
-250
172
-430
444
1177
-458
349
-211
712
-335
395
673
268
811
-22
281
-460
-342
-992
-1279
-20
-740
485
57
300
119
557
-114
-368
-296
128
-227
-834
280
-297
-1204
466
74
365
572
-221
-438
1383
78
-251
-8
-36
-824
337
-1004
110
42
459
206
-214
-625
-172
842
152
426
782
-557
-253
698
283
-489
390
-541
141
-338
-310
190
435
-702
339
17
691
192
-534
-173
144
237
369
-337
-273
498
-810
-1088
-63
-1469
-194
163
-79
-263
-245
-530
128
-539
308
-453
1184
-757
-23
564
-171
290
-345
-693
-626
-871
-660
83
-79
397
115
-161
240
298
654
-932
268
328
-107
-182
21
-293
-1323
-362
89
475
-62
-281
511
338
-504
-787
-194
134
403
-65
-290
176
-430
194
-465
545
-253
-59
-501
476
-203
-290
-59
-410
368
-710
177
82
-19
-881
-826
35
-545
-626
222
-460
1
-31
-622
1302
-701
-503
237
295
-577
-551
180
184
-300
591
-145
845
-281
300
-604
-91
-68
134
-21
1201
-732
1258
661
644
-475
-54
151
-106
-212
-22
-797
-456
632
-531
367
-291
838
-199
-300
-638
-900
-167
712
427
-148
-249
19
1004
709
-687
-738
353
-457
61
66
1271
399
1219
-1117
433
-684
-527
-506
-485
684
341
860
-21
-380
-397
-129
-77
-149
-400
-84
333
-591
246
-85
-329
964
55
-402
73
304
431
-228
-120
-1022
-69
258
306
-237
-177
-569
-188
-61
995
217
-423
-743
370
-291
35
-123
-141
234
216
46
930
455
-350
505
119
300
-162
157
-972
428
47
-381
-378
53
-868
834
483
83
614
-174
-22
322
74
429
142
-4
-44
617
-523
415
498
143
-387
271
-426
-237
-306
370
-574
290
-1309
648
561
17
-168
110
623
36
165
-435
164
-661
46
-826
-489
-801
-521
-814
624
862
-59
-462
-208
-140
-425
-4
-324
228
-559
147
697
283
17
-137
-1097
1187
-140
489
-964
-900
464
-145
246
-89
-109
68
392
673
-19
694
-78
-238
-24
-196
552
10
397
-333
962
83
-35
440
721
169
603
734
133
205
-124
-259
-484
-37
121
807
691
119
-345
1042
-1014
-456
71
-342
118
1072
-314
-415
-164
-266
-415
376
107
-160
130
222
469
486
-917
-179
-484
647
-173
263
831
40
653
-307
104
-119
-511
-18
-561
161
589
1159
-817
18
103
125
709
-39
-245
-311
60
575
240
-207
-508
-599
-498
399
13
37
-179
486
242
153
171
-123
-92
-151
-243
759
-242
86
1069
116
497
315
-177
-297
-879
-13
119
429
-538
-1
399
-28
1305
904
403
397
-32
819
-109
-836
-43
512
-420
-924
-96
-555
-291
-497
324
-152
-1110
-381
-125
221
253
-315
595
-330
460
669
267
672
759
-557
849
224
-690
15
-298
783
-541
-312
-490
184
-227
-333
665
-27
-333
494
-481
-491
152
475
-177
-437
-1210
657
-130
-166
107
618
-853
-180
48
-327
-76
-414
-613
330
-402
-173
-762
-19
186
-31
419
-50
-156
-1008
11
-677
297
-605
150
48
483
-46
-391
151
-465
-580
669
-362
-28
-485
121
-680
-245
68
180
-831
-51
141
320
-589
-67
-195
-357
-67
50
495
83
-208
80
-705
363
249
434
-547
218
658
-410
6
209
-73
-119
713
890
168
-641
-117
260
366
498
554
-389
-1277
-396
-147
838
-289
-590
-364
793
-21
-741
163
-797
-652
874
223
380
-392
374
-318
-196
833
908
-365
507
-48
692
118
530
96
420
316
-116
-546
539
493
-26
109
-115
-200
-459
563
-280
715
-334
-476
161
468
-487
-408
581
434
386
11
73
196
-161
136
-517
98
-647
-393
-856
401
-493
-265
32
-259
993
1043
72
803
109
240
-750
-578
5
-250
-122
-190
-591
784
385
-554
288
-1003
-363
-92
-938
585
-957
-469
335
200
127
475
754
-534
-463
-205
164
-259
-626
680
444
-134
-1007
-724
473
1594
112
316
7
-360
-196
-1011
693
-612
276
275
766
-106
-229
114
-684
501
67
32
137
-698
511
-193
-229
617
1284
-285
-563
521
242
-53
-290
-709
-394
-65
-101
-294
1246
236
-433
281
-625
-865
1054
677
-235
637
-596
-396
-634
426
-622
-1237
395
-1315
-399
-571
-571
-188
-1225
26
926
-150
-1080
-153
209
259
-71
233
-81
748
-240
-132
324
-227
-141
-43
148
669
770
-29
1534
-67
-1021
-267
-627
914
281
784
-414
-90
364
-100
-179
599
84
377
709
291
-519
91
1266
945
775
-1112
95
-622
34
729
-897
479
150
-475
325
-288
975
-514
873
-221
297
484
197
68
286
-569
206
-281
-278
994
767
806
-123
-279
-22
180
654
-213
-101
-494
-814
-189
665
-292
-833
342
542
-420
247
391
95
-163
62
33
132
-654
-142
-170
-53
-531
49
485
-965
-501
179
534
594
-34
198
-719
-807
142
-433
-355
263
-244
636
914
514
-84
-40
515
-927
-270
-133
456
-620
-226
-576
-384
281
38
443
341
-63
832
286
-81
1149
-594
19
-62
-550
-866
-1197
-54
-243
644
499
-651
-429
174
152
109
-484
-546
494
-889
-393
154
-186
-989
568
-248
-972
-614
544
-264
-297
683
242
-41
44
44
70
-485
707
-84
-223
-513
-347
890
-380
-36
-20
60
542
-1000
222
-313
-597
-58
-790
-222
136
-735
13
-151
118
254
210
-447
-376
-116
-789
-685
377
598
357
-722
15
250
-208
477
60
-872
-838
255
236
-427
-1085
-404
249
1207
-540
-1050
-100
15
-587
-553
107
159
1039
-644
686
-232
664
-494
123
412
279
107
233
-885
117
-97
27
155
-428
-202
499
-177
458
-66
-110
-287
-1261
89
293
506
617
319
-333
-849
-1160
-1232
703
88
975
-30
362
-1345
-1121
170
211
-1010
-45
-242
-35
-99
-451
198
-277
864
-197
728
-651
-554
-223
757
636
-359
-355
217
834
-687
48
50
214
-172
31
-680
169
-78
2
-462
447
224
-71
511
-414
190
826
-350
396
-2
505
-329
-180
243
-182
-205
351
69
875
-485
-1323
-363
981
605
-379
584
314
-257
-432
887
-79
275
-689
411
-96
-677
1087
206
-737
-503
-787
310
-1243
-561
407
-199
-983
-201
298
-217
-66
134
-391
425
358
-1057
729
1681
774
-39
461
368
773
-230
-741
-518
-237
-302
469
-79
11
288
-75
34
-288
-838
831
-440
-639
158
254
7
120
82
-314
-740
273
-451
-323
37
-144
413
-870
-811
-478
-114
-73
211
156
338
156
98
419
-1172
554
-716
56
-160
-443
554
28
-135
-275
-523
-78
522
592
171
104
1132
127
-349
-339
-399
-155
830
-648
493
969
642
349
-291
-791
197
-1
595
-185
136
334
497
670
-79
254
-665
-737
-424
276
1225
-522
4
-202
129
608
113
-325
-1050
135
462
161
298
-788
-166
-357
-414
-65
241
-1161
20
-522
-539
463
209
-475
281
-160
278
1143
213
671
31
1435
235
329
301
250
-801
773
542
102
-406
-694
-996
451
109
-232
496
360
549
-699
152
720
623
140
-422
-44
-645
-488
422
226
701
238
321
909
-763
-299
648
476
517
371
-43
-4
686
254
-795
482
173
-136
-69
767
439
-648
441
-872
310
-400
861
116
309
953
-112
-231
-182
-369
-42
-33
-146
-171
-196
427
710
-595
247
333
583
-83
-116
-256
178
114
428
353
699
431
-312
763
162
-357
620
1008
-299
610
-486
327
188
-1203
1308
613
-338
-725
-549
395
299
-201
-415
-172
122
-507
222
-638
102
713
232
-477
538
794
-899
-509
174
-696
268
-1502
426
239
-304
415
-317
-167
-62
-64
997
-990
-159
73
-27
417
839
460
850
-427
-168
239
-294
-397
511
187
857
153
381
173
-147
-99
317
-483
-845
-162
-183
482
1228
-10
70
-618
-43
111
116
-577
-320
35
759
953
-229
-469
-893
-413
255
-468
-15
-259
824
-118
-36
539
7
-635
673
-814
-606
426
-17
-170
809
190
693
-463
1056
294
-668
-270
821
-35
814
298
-508
-1154
398
-115
-399
-564
786
-678
779
-1009
410
713
-62
576
-213
-153
71
294
344
311
-365
8
430
6
-5
-826
628
1565
-415
142
261
-346
262
-116
303
525
118
363
468
1129
-1064
-261
-206
568
-203
-292
-238
-800
544
-99
-965
-565
-1387
-181
-122
-217
-291
-463
165
-82
-120
-339
28
486
-558
-317
294
-16
737
-454
-1015
531
136
-100
-193
294
167
-948
-217
457
-269
43
179
-469
415
-242
-179
171
1
-740
626
-85
177
-52
544
-697
-157
630
-448
-168
-787
-88
65
89
-809
-33
1070
501
-9
825
0
175
340
-283
869
39
-547
-57
747
-37
-858
640
-254
-373
204
-361
-761
596
163
-108
-749
-988
399
-239
-663
77
-519
-388
301
732
23
-1024
700
132
551
-951
251
30
957
-213
-481
-145
911
-256
-167
-213
-396
-283
-812
106
-274
-914
-96
-479
42
845
-466
-131
-269
383
480
700
654
65
128
-34
-1055
424
153
399
158
514
324
467
127
-243
-333
950
359
-133
27
-442
1525
-69
-765
-507
-1031
436
179
-98
254
56
1066
-736
175
-455
-123
-501
-577
546
442
-644
-309
13
103
-300
189
566
393
365
-411
567
374
237
-366
297
-1134
-445
189
-362
-149
-48
-131
-1358
-462
-534
657
607
-689
-624
-302
35
-1305
-890
187
-722
-257
-139
-136
-751
161
296
651
138
-332
-468
86
120
-681
196
-343
1337
213
-295
-337
-356
562
380
-181
760
430
-69
125
429
631
1196
708
15
309
-309
-872
-521
1276
659
-464
40
-732
-829
-244
-250
392
-654
352
448
-227
-552
-423
-617
-905
935
392
-412
-1223
-577
-110
892
-131
-434
600
123
-380
-324
374
-531
-162
870
334
-256
1027
868
-440
-439
-446
164
-719
784
507
-661
-16
634
-536
276
217
-828
26
339
-95
-108
-1257
-1451
-49
-1351
58
-592
348
428
1368
255
619
-10
464
1219
88
-342
438
75
-227
34
94
-522
219
13
-131
812
-470
198
-187
-271
-39
-286
538
278
-983
-908
-119
678
208
-239
-509
173
729
158
-176
-265
-938
112
-633
-26
-24
566
158
-621
164
-325
305
173
-1212
287
-1063
215
63
-381
802
-121
-277
699
956
525
152
-96
-742
-283
39
675
732
60
390
-486
606
-929
-1079
-671
148
236
-58
117
-130
150
-131
274
-342
26
-692
-586
-414
194
-24
-192
-475
154
793
840
459
-447
-48
859
-738
1019
361
731
-81
746
-114
-502
220
-337
-673
-205
67
586
-272
-474
-206
-213
581
-220
-449
176
258
782
-231
119
-139
26
-15
165
-503
-84
248
-861
-219
-864
136
679
-61
-205
-22
423
456
39
-368
258
535
195
-660
-1118
655
-42
-377
-459
645
-7
332
461
12
457
-651
-133
-960
171
1330
-473
-325
-952
-102
-94
-738
448
41
-178
303
-440
304
891
-22
-324
-310
-435
999
-105
-381
-753
605
-63
765
-16
-963
-458
227
-562
948
-1249
-660
-356
581
304
-764
386
295
-137
319
-334
-572
-530
-383
924
182
52
-466
-175
-897
216
520
-92
807
-112
385
-292
-746
690
-361
107
-447
752
-511
-635
11
-585
202
827
757
-490
-207
79
477
-152
-352
32
655
272
-187
437
-176
490
612
-827
-872
-1175
-267
17
-737
923
-469
-335
-995
-981
-163
740
-362
-368
-300
319
-801
-493
111
-332
-658
238
401
194
114
-340
216
-7
15
517
598
-356
646
-905
-156
-557
189
-138
-135
182
-319
591
-147
-538
-416
108
331
-599
-867
714
406
-346
821
478
105
4
120
-732
-598
-321
-895
86
-286
-412
293
453
-757
-62
60
-489
9
-120
42
522
687
38
374
-361
-115
380
228
293
-220
428
413
-848
70
688
-933
307
-10
-915
-60
494
239
-571
228
-25
-225
700
-329
-619
-1024
65
-618
520
-286
-468
826
429
-177
-45
-252
988
406
-1265
1293
-79
-423
187
459
740
16
377
117
261
60
-414
-415
-122
-781
-300
946
15
328
530
-346
-132
-1009
-732
-145
557
-45
461
-48
-869
-720
166
28
14
846
70
-521
183
382
-196
43
715
-961
819
-240
164
230
268
-310
-51
635
129
-1125
-1354
358
480
109
809
-479
560
564
7
-947
-19
-181
-490
-368
281
-12
-198
96
-384
630
-22
237
261
-535
-852
261
-1196
149
3
659
208
101
470
466
-139
930
903
-490
-576
645
215
409
-135
-1246
568
5
-29
371
952
1229
-24
-247
-598
846
264
70
-174
803
213
-546
233
372
458
553
-1361
1070
4
-84
-175
-100
-33
385
63
-400
387
625
-291
31
-843
-539
-321
504
296
225
49
964
-1146
38
378
268
-489
-335
-265
-1235
-1129
93
-64
-232
264
1263
348
-878
42
105
-15
-704
231
-54
129
-146
122
156
-204
-152
-1065
-117
-29
933
770
211
-734
-35
756
-850
494
-137
-20
-136
-667
-168
769
459
302
-1283
-810
651
-162
639
180
86
-202
-935
-44
-655
-878
-443
-312
314
-317
-481
-186
137
-33
-767
437
51
1
-868
345
921
222
27
94
493
23
1212
-203
895
-1193
-906
-161
-31
499
-383
-781
282
-318
993
-287
-442
1064
-445
-307
4
253
-349
600
17
-718
-93
155
-143
519
858
661
-332
455
-324
51
539
-764
735
607
461
-701
-46
1178
-230
-859
963
-118
-323
-100
-211
-616
528
-252
-760
-2011
-553
-729
-14
-103
-420
627
-165
-265
179
-3
-1073
579
-291
-34
281
699
-442
320
511
-924
-372
225
892
-834
-196
-425
-181
-730
1303
115
48
148
-349
-803
-120
298
386
80
-304
-106
-409
-441
48
-257
451
-528
-953
352
733
-685
-251
-469
639
-434
897
-914
-701
349
-292
-105
186
-785
428
593
-204
220
134
-98
-620
157
-358
355
-322
-504
629
-314
-688
-422
585
-385
612
417
295
-915
10
-287
469
-288
-638
-639
-125
-562
-442
-413
-341
-597
251
-422
86
354
-127
219
340
986
26
-179
400
359
1355
691
-1337
437
294
602
220
-1236
59
174
-461
-495
400
393
665
-94
-474
-844
444
851
343
-417
593
28
-308
450
1128
-924
-140
706
-618
-12
-794
-286
493
668
-64
-702
-151
223
-194
1011
104
599
386
-449
678
374
-1046
-226
-1275
323
-369
213
-127
1429
-162
-567
233
-385
-705
-89
153
415
-2
278
302
-466
-341
187
94
292
-198
-73
-149
1372
178
65
265
257
295
250
161
222
136
152
-992
-911
590
346
-957
219
707
-481
123
165
1150
384
-26
159
-145
54
-263
-296
-1029
-952
650
81
-225
923
-212
822
203
-372
454
-252
-266
-72
-389
517
-799
-106
-136
322
94
-1025
455
-1300
-53
-630
-614
-210
-255
225
102
-435
532
976
-36
-58
-54
384
-48
-477
816
-546
-1241
787
-706
1326
-41
-225
-765
-944
781
350
430
-850
192
160
447
-595
188
-139
1109
375
182
445
-301
-371
-239
618
-466
487
-836
-1056
878
757
-587
-85
250
596
-358
-18
-300
-357
-417
224
-759
-268
412
-78
-275
-443
-17
356
-223
401
521
107
482
-719
-345
259
-314
-663
-14
1078
-203
1009
-779
844
69
-444
-785
-158
17
187
-100
1064
-554
-311
-363
-837
349
467
369
-510
-707
-196
-204
-441
218
291
226
-124
1014
181
-406
-432
521
-520
-993
366
-127
500
-410
-286
-118
-526
153
-929
728
177
-244
266
399
-784
815
-730
-25
-718
896
-346
211
571
-821
-176
188
22
-1169
454
121
-723
-553
-368
130
-907
189
-746
415
133
-269
824
1778
885
-1305
-750
643
183
64
-382
-138
-305
-468
92
433
-495
369
-209
371
221
373
-420
-102
-471
-355
-1076
-18
-286
184
468
-654
-266
113
-7
-120
-245
818
79
595
-171
-118
-938
-76
-1055
472
-1118
-875
785
480
-889
-68
-512
-417
-70
-507
559
-687
67
-405
-152
-585
940
357
435
-120
-766
112
165
-173
107
186
-183
1164
374
-655
372
-240
315
-49
-1294
-200
-141
-491
-36
42
-977
853
1126
186
-81
-118
-1097
-710
-351
410
1360
-528
471
-987
317
758
-163
-345
-306
-402
8
372
556
-348
-441
509
-434
-638
-85
281
114
133
567
-238
122
-452
-809
503
-695
-76
1193
314
585
625
806
-4
202
1014
198
-230
-706
17
-529
889
259
-868
-556
-112
-125
-72
-467
-369
-297
-145
-793
-804
367
286
71
-425
-408
-1359
-226
-37
618
-57
-847
224
-388
428
351
556
1810
486
-324
624
1245
-292
166
-609
-78
118
-224
40
915
168
-390
-410
195
-425
416
693
-241
-154
-89
-1057
-31
52
-281
551
-427
-335
599
113
1182
-737
-479
806
1099
-420
-192
107
-834
447
463
-859
-677
-502
-1261
10
-95
112
194
-9
359
-58
196
-304
115
251
-768
-449
-89
-688
209
348
-366
313
462
-552
-614
-169
-184
-94
35
-571
295
1
6
-417
-484
616
798
-61
345
434
-211
483
-811
417
619
1498
258
140
320
-1202
-73
-290
-680
705
111
173
-443
-533
-644
438
-474
822
-437
561
415
180
381
495
-906
-189
-141
-540
-768
-307
298
334
377
-385
-488
383
-530
1024
-390
287
-423
461
-155
-574
-251
204
-419
-162
-793
174
-458
266
-311
1202
60
44
66
-431
-294
-391
402
-534
178
-296
-804
1071
153
-460
-145
179
659
601
496
-677
-72
-129
-284
318
-212
744
570
-258
966
756
105
-507
-288
617
-227
-414
-536
-637
-370
600
-9
-1173
-170
-211
-371
-475
-676
-394
342
-88
-95
-420
-354
86
-135
-794
-522
-700
665
-207
-8
108
857
2
266
-557
-513
-21
144
13
-805
-539
-122
57
-550
1091
-306
417
-98
628
403
549
-50
477
-223
1012
97
712
426
-540
1217
280
-1116
-409
-465
326
-102
-89
90
-540
287
-463
433
71
-26
611
226
-207
1249
-548
-95
1418
-446
354
-788
489
-837
77
938
559
-13
-10
77
597
-342
-170
484
-564
44
-371
596
-568
-119
626
2
-134
78
-663
-778
-24
-493
364
90
-69
-1280
314
-148
-104
88
740
183
298
277
-142
-576
219
295
418
529
117
-95
-646
129
597
-329
-217
93
713
-1475
135
886
-292
992
-398
-748
965
-74
-301
-119
-344
-372
50
-76
550
-165
-69
-1123
210
-249
226
-609
195
-127
-592
-591
784
-76
63
-28
128
-324
338
-348
522
-835
-153
-155
192
-1069
-384
585
-25
258
-385
-608
677
-727
-360
1220
561
48
270
-671
372
-321
190
377
122
417
260
-370
84
-357
309
227
620
597
650
643
806
-269
-100
-644
-337
346
-187
64
212
586
-168
1111
660
446
-406
-918
-997
-404
260
-1045
-12
-102
925
175
347
171
248
122
417
-85
-946
-382
414
-1026
-765
-117
-1282
-486
552
-5
-333
-614
98
-10
116
-201
-1198
-109
413
253
1232
329
324
386
1979
-1249
977
922
121
-3
61
121
78
296
36
434
838
35
-272
804
-423
-10
471
789
226
995
-630
-675
705
-534
-699
986
-322
47
301
426
-473
209
236
-2
-298
-525
-463
23
1548
602
598
-227
338
-819
131
-31
230
-734
430
-401
-609
-553
-461
-105
557
541
348
213
-116
-869
210
-124
-182
558
14
437
873
-934
245
237
584
59
-275
244
1048
-672
-493
-748
120
296
-1146
-398
26
-227
-170
-353
-252
-488
-268
-79
-25
-753
-1095
-64
-656
-609
-99
-411
-460
-179
61
685
30
231
-50
-235
122
-133
106
-481
402
25
84
540
-326
254
61
-253
1155
202
385
-94
-130
-1117
237
945
-1535
525
-966
-240
-461
914
-891
-138
23
529
-482
321
-114
-159
177
175
-278
-1278
-81
-190
60
-116
542
271
-30
-365
139
-370
-276
-183
-932
-1167
73
152
-730
129
379
1049
-750
-337
421
-195
-360
584
-1060
338
-419
-43
-286
1151
375
663
-208
-372
182
292
-805
48
-682
-524
-180
-450
-407
746
-446
856
8
955
133
60
-531
-269
-308
170
-477
-1209
-450
-407
-345
-1
517
-95
-131
-991
72
-570
510
-270
-433
-198
-726
-1008
1498
-175
1112
-609
-924
-148
578
1017
242
-97
331
-185
-670
417
382
591
-301
271
223
-387
383
367
-610
80
-1010
1129
989
-654
-390
624
-562
-660
-359
-317
-522
16
480
-506
-570
670
377
21
95
228
-470
-1716
467
-610
-5
344
370
261
867
475
106
451
148
1121
158
-141
297
1149
138
-22
-553
459
-990
-151
623
-46
-557
252
691
-54
246
354
-109
488
-784
-556
-168
-692
0
85
-426
-913
302
-141
433
-509
343
112
-71
-39
-40
345
-202
-736
-146
293
541
-1080
-903
-96
333
700
78
-41
353
351
111
1028
483
-31
321
-564
252
460
627
-233
781
372
-332
-251
-112
578
-294
-422
342
-487
-710
482
-135
114
-17
75
-105
15
-262
175
21
-249
-679
211
-392
269
-533
-707
-140
280
1
-138
-847
184
332
-258
112
-216
501
-801
-181
155
646
539
-552
-961
-461
-936
-224
512
378
501
-417
-628
-140
1071
263
220
-77
-308
173
-495
102
428
929
955
69
-850
27
1020
786
-361
-40
1053
419
120
-690
-301
-92
95
-1105
-133
-315
132
673
3
820
-375
808
-102
-280
-867
533
-228
392
984
-607
-57
-85
997
335
-360
-168
-193
152
1300
256
34
15
491
336
-483
462
-689
173
-263
-774
-644
-490
-627
626
748
-286
-166
-205
342
300
231
-375
1347
-710
953
390
589
-731
212
250
-272
113
26
-1597
-460
37
-4
-551
26
-148
666
58
-861
-508
-231
-473
-283
-160
-161
-483
-43
106
2582
-295
971
-521
-486
870
-241
611
-518
-492
-565
-121
-34
-356
741
469
287
591
-76
951
366
-613
701
-115
321
538
-112
-215
981
-943
-293
617
-328
-82
-882
729
-381
168
-48
-999
-90
-409
-94
403
616
-215
-64
918
-379
-467
513
-388
686
-37
-258
462
-215
160
87
-60
-1161
347
534
-529
-451
-104
407
-213
-176
661
-365
-398
340
-418
493
99
71
286
-506
921
-681
-937
-174
-766
885
463
711
1033
482
81
-531
-482
-343
634
410
-994
84
-1045
-369
-657
-158
-232
-920
221
800
1041
568
-50
-97
-160
-1157
217
-528
557
-60
153
-276
-376
-359
3
1057
90
221
-82
193
123
-287
-488
912
410
424
-1197
-854
612
12
-573
-296
94
-717
-498
-675
468
-900
829
240
-252
416
344
-417
135
368
12
-145
638
-621
-312
-318
437
27
-100
326
-374
43
440
-688
-441
-521
316
-964
459
-184
98
-261
212
759
339
-6
-158
99
-416
-263
-114
135
361
-557
1076
-371
-170
334
741
151
271
-393
157
0
707
-92
443
522
-47
264
0
332
-442
-13
-253
169
628
-525
-352
1175
779
-250
-355
474
-180
1571
62
917
-458
548
681
-1012
-628
-683
556
2064
188
424
284
238
771
550
303
-317
770
-151
60
48
-162
-587
-28
-562
96
685
353
-109
-1127
-806
128
-152
773
-142
-114
-124
733
408
-34
17
-651
-660
283
793
22
-25
-182
-356
37
245
340
529
909
-77
-96
321
42
279
44
571
514
95
-209
651
328
-252
915
-739
-716
-317
-216
-331
-20
-84
302
527
-771
-20
242
-1
-337
-146
584
-103
-686
-161
1176
110
50
757
-587
-1122
312
839
-845
-555
-265
-61
-583
-747
-417
-8
366
-63
254
862
871
-14
-187
475
-113
-519
1145
500
-478
-195
-176
694
104
-338
-312
719
755
-63
-390
-570
768
221
-596
747
878
660
537
519
-95
-224
-740
90
1018
-367
435
499
-820
-291
-425
196
597
-295
-235
577
-5
-398
513
-257
420
-46
234
42
-55
19
-341
648
-796
361
-155
-1089
-36
-123
-290
-258
-536
467
377
-368
560
384
-349
373
-72
372
-145
-166
-527
374
-313
630
-962
327
230
-1
-121
850
-185
187
-203
417
-198
-77
420
-920
-114
-17
213
370
-286
-48
-155
1052
-323
-103
169
112
583
292
735
161
-978
646
-106
-420
-320
50
1172
-1308
-98
540
-659
384
-704
-174
-400
-600
-269
806
68
246
-365
359
-1219
59
-55
279
46
371
-1113
-192
-664
43
739
-1612
-205
544
-322
496
-280
-33
760
535
-576
-159
704
-578
356
457
-636
384
-749
-202
-941
-982
39
256
425
-236
63
566
-175
-29
698
1029
-796
965
-421
-849
-1199
-381
67
750
242
-1142
628
-762
-887
176
1
491
-486
134
-25
-948
418
-391
-45
938
-417
267
-336
14
499
-970
-162
-802
-756
-710
-22
34
-121
885
83
-1030
523
-471
269
360
492
432
979
-530
491
-358
-876
45
-182
-503
-425
277
-489
-504
864
-660
59
1056
142
-579
-806
312
724
-267
-105
130
30
746
486
-678
743
379
887
152
375
24
-1002
914
-63
430
-228
-355
345
-644
107
-660
109
48
51
-176
-28
-368
-204
562
831
-761
517
830
81
398
-520
-111
580
208
-17
104
-386
232
569
-254
-893
761
-659
64
-216
235
57
203
766
-336
638
-1033
267
-757
375
-573
-930
-587
587
-234
-118
637
123
32
27
-506
581
-512
840
93
-124
472
887
1560
-260
-663
380
-219
-417
-546
1209
189
290
330
56
20
579
467
-206
1396
285
46
1103
-869
264
554
61
204
28
-803
186
-703
587
-629
445
306
655
-1194
-194
-79
171
-93
-539
691
132
-430
-622
312
515
272
-650
597
293
-284
565
122
-340
237
-576
-206
-116
-298
136
-369
322
199
123
47
1000
-281
822
-568
64
-1123
500
-1295
-8
364
849
225
6
-919
119
-93
-380
-612
-590
-721
-403
-189
510
-450
-630
369
-204
608
1118
-438
-122
699
-200
-267
109
639
345
-69
201
-15
632
-527
-327
-417
3
190
172
-279
-110
688
377
816
-467
242
647
330
-1096
435
-159
-429
1001
-246
-321
-239
839
-565
-39
496
349
-708
497
1035
-112
-1346
162
-728
329
-875
821
-213
142
190
765
778
-143
627
283
345
537
177
783
-516
44
669
373
-16
-298
-304
609
-420
-316
276
54
77
-625
-519
352
448
-184
925
54
-488
566
-545
125
15
563
159
-1012
112
91
17
324
-749
501
-498
-944
1214
-316
-658
-1832
446
338
-262
201
-151
82
-400
-745
-299
-428
-868
-485
171
-575
-136
1265
62
1063
230
740
-36
255
-55
1252
365
-748
-319
393
-590
-564
-356
-179
-152
69
-81
-133
914
-492
-355
44
-939
-474
-251
757
123
-501
-461
70
-326
-189
-410
-607
82
-668
926
-545
-216
-270
-1125
90
-542
-602
411
276
623
-810
-220
964
-59
116
925
-624
-1043
190
-167
-168
-66
267
-176
-222
555
55
156
717
177
65
-724
727
-228
152
378
1244
603
127
196
-15
-5
-747
677
-67
519
187
-265
-513
-602
354
77
-452
727
326
-686
-386
310
-1372
1089
113
-577
203
-171
-435
-257
494
-671
-204
59
-12
-66
146
-785
-105
-527
-57
6
-792
-563
-268
-322
255
-310
-960
411
-195
18
-3
-189
-66
973
-515
1084
38
-1229
294
-368
586
65
63
-648
-481
-313
-283
-244
1094
976
22
594
245
36
-13
-1028
-174
-238
23
865
-120
706
-28
681
1023
162
-49
175
-886
702
454
540
-1198
571
-155
-338
391
118
-361
159
258
364
-142
954
1074
-933
383
217
389
293
-197
-501
88
163
828
248
3
-434
-82
48
455
-34
924
-124
-355
-197
141
-607
-391
-15
-465
276
370
-918
-154
-546
64
539
427
-378
-233
-496
150
-438
770
188
470
-546
-131
-53
687
-77
301
321
-657
255
-579
76
-450
-216
94
570
-506
-658
747
41
479
420
-25
361
-599
49
1365
-375
1115
270
-1142
111
733
223
16
464
244
448
-451
-701
316
694
-328
-189
339
-996
365
-193
-444
88
-163
117
-387
-8
112
638
-205
-341
-511
-209
181
189
255
-683
-389
863
85
953
876
162
641
-725
-199
372
665
330
1007
126
448
119
-862
-8
301
-599
-741
-98
-870
190
926
110
210
-814
263
432
615
225
-216
301
-177
-707
193
493
-781
677
-290
4
-462
205
-687
427
