25 60 576
0 5
0 11
0 14
0 23
0 24
1 10
2 4
3 1
3 13
4 5
4 7
4 16
4 18
5 9
5 24
6 7
8 9
8 13
9 3
9 17
10 7
11 9
11 24
12 2
12 11
12 21
12 23
13 6
13 7
13 13
13 21
14 1
15 3
15 23
16 1
16 15
16 20
17 23
18 14
18 20
18 24
19 11
19 13
19 17
19 19
20 4
20 6
20 17
20 19
21 10
21 18
21 20
22 4
22 10
22 18
23 0
23 5
24 6
24 11
24 17
24
7
33
37
13
43
0
4
42
39
17
56
41
58
22
30
44
5
6
59
29
2
10
40
8
53
49
34
57
21
35
55
23
46
38
47
50
28
3
48
1
26
36
32
52
14
54
27
19
25
15
45
51
9
11
18
31
16
20
12
-928
1582
-939
-678
-814
272
154
324
114
294
-254
820
515
772
-114
-793
221
171
-632
451
447
467
-404
153
321
-156
-629
347
121
-307
-642
-912
-307
-29
206
5
16
-160
319
-578
675
184
144
-280
-89
-1261
-433
-148
35
804
-291
354
989
504
-270
1076
-88
1498
-1468
-472
-87
-69
1114
-396
-295
417
102
377
569
281
-939
-17
580
141
-165
-83
-361
-540
-997
910
-195
-63
677
-1198
-44
-183
-85
-526
405
643
-965
-462
344
-702
82
234
154
-1171
402
-21
339
416
372
1058
-358
-496
508
-749
895
-696
148
-215
-1028
-473
404
101
96
-296
-653
-281
594
437
335
30
1359
99
-1355
-621
142
529
969
230
172
-95
-246
-81
242
-158
-224
67
-846
373
-246
603
-815
22
-444
-52
838
-588
597
-256
144
-1079
-265
-1007
249
654
-73
-433
232
502
543
-452
-398
13
625
25
-51
-748
298
-268
-933
553
596
14
-485
375
141
-2
-4
-226
-164
-764
355
-847
567
241
-283
175
770
104
245
698
-164
-742
241
345
1021
-492
953
-53
1200
536
222
-575
14
-1028
1563
612
24
522
-483
414
-138
661
-438
72
395
152
-633
-440
-28
82
598
369
-195
510
-772
-667
153
-41
-593
515
390
297
-142
897
-409
-1246
1162
-218
595
219
-64
26
-897
-327
-590
300
711
952
-158
-304
-432
243
-199
-1098
-400
342
-27
-1704
-189
-1457
1166
536
-38
-392
-418
274
250
-591
-205
617
-767
-310
-95
916
347
831
229
55
684
-417
-480
-520
-738
-468
-240
144
121
-427
-231
-182
-410
-335
-194
-381
38
-424
234
33
-473
-754
87
-606
-390
680
865
-467
316
-80
950
50
-462
-278
152
129
-574
-374
493
993
-310
886
-694
280
-477
344
-1825
-440
-345
19
-126
612
144
-1261
-922
801
-427
372
-367
457
-393
434
-1203
496
542
-570
-297
88
1127
766
372
266
593
485
-1260
385
-76
-583
-218
-9
729
19
-577
763
-374
-1667
326
523
661
-39
-1158
-381
793
467
-378
207
-97
409
125
-674
-1041
-27
225
-927
-492
-272
84
-647
-369
-460
327
397
-373
170
356
-773
-213
-473
-801
339
-874
-425
912
-8
-37
444
352
256
1019
82
383
9
505
347
552
-710
-77
-73
-66
211
977
969
22
-352
-401
587
-40
-866
-210
235
1067
348
-1078
-46
-383
111
610
269
-1276
-560
823
104
-252
1016
-63
984
-1038
-452
-1147
375
-442
570
-993
317
227
-567
293
890
125
121
-398
905
1155
-138
1469
422
-665
585
379
-435
327
-61
-980
-399
-708
288
-139
-147
936
219
168
245
-304
-114
1163
-9
440
-745
711
-456
-1501
-183
-164
42
377
-1103
-738
404
-510
898
-209
-989
128
743
-392
-309
227
40
38
417
-434
368
1275
548
-295
-901
-303
-404
678
519
-588
20
-511
495
423
754
-808
-313
213
395
231
-348
466
-544
-1013
-199
-44
113
-143
869
-363
-352
910
-237
237
204
-249
1179
1420
-791
453
507
-75
119
598
-411
-708
24
-852
-136
400
586
-790
158
471
-322
158
43
-553
88
-332
-972
1031
129
-20
815
811
159
-170
215
219
-387
283
334
-831
73
-1
259
753
198
221
194
424
-800
-277
-46
93
-1048
288
176
-396
664
223
-1268
723
35
-192
-345
-538
-1187
178
207
-462
472
-49
156
-474
220
475
-37
275
141
424
1098
786
121
703
764
200
-96
167
-381
-360
-374
-478
-94
432
110
18
-822
-268
-539
-804
-726
89
-716
-527
-58
-1199
295
-74
1067
-187
529
774
-80
324
-536
73
761
288
-337
-647
-104
-29
-308
931
884
794
-140
-96
-189
-175
451
-284
465
698
-715
430
753
305
539
-210
-1073
237
-482
278
374
-792
-148
293
539
-249
69
-762
270
908
-164
433
-59
834
337
-294
-624
486
-143
-220
688
-335
812
-260
-436
981
-1272
-670
-739
-632
-352
-307
-55
-172
-733
97
319
-742
1437
-289
754
-656
183
67
-55
-377
-614
50
933
60
421
1048
495
-158
848
677
640
-199
780
-244
1368
-733
-130
-88
-495
-436
398
-104
341
96
-472
-171
-82
222
872
328
436
262
-699
-1199
-159
-979
421
-746
282
208
-391
-44
-1050
-354
-453
12
-477
-491
-864
-163
-942
883
-694
-570
-898
409
1481
1440
-242
-701
123
99
278
-455
36
273
-213
-992
904
-155
241
202
167
-635
-596
561
123
-121
189
-92
500
802
228
377
-495
114
150
-313
418
200
501
-530
-732
243
103
-299
80
25
-131
166
92
195
-263
156
521
-207
-155
-153
1061
-649
634
-178
321
231
379
391
876
-129
3
-509
642
-878
-1269
48
-232
557
858
313
-1062
453
127
45
88
7
368
-176
45
307
1
-971
-297
792
593
-45
531
-409
-442
1
-1112
683
-603
-801
-291
747
889
-654
617
-320
525
-798
210
136
-496
-281
640
-423
-1061
308
-1679
-97
835
-86
945
431
-841
560
-224
-554
783
477
-1495
265
-4
-430
-255
-303
70
228
-370
-377
639
83
-132
-534
-878
315
1224
-273
-613
898
1
485
479
-386
-111
651
1138
-225
317
93
-951
214
474
-781
1187
858
-658
-251
102
-108
814
672
-1920
-48
-727
-14
-678
-261
-138
-909
-816
-91
-588
-21
478
912
-622
1258
-708
-129
590
-223
-119
-1378
727
-1053
-647
-40
-750
2
-816
698
389
-1108
-515
619
552
420
-1
-206
1526
-535
-215
-259
-28
-63
-95
-1237
-72
987
-517
-762
-160
405
-240
-422
899
623
-645
403
-457
272
37
213
-114
-145
886
529
253
-616
-882
468
327
742
-331
935
-538
-942
-105
-156
378
-100
169
362
1393
583
205
-179
-424
243
-705
-259
-113
617
200
-642
-61
603
-1558
-248
414
1446
282
240
742
951
-283
-882
217
391
-176
-950
-755
768
213
369
-247
-188
256
564
961
-581
1830
-599
157
685
-431
248
-208
313
83
772
4
-539
470
927
515
265
71
791
-303
-1505
-38
141
347
-120
-236
498
678
-583
-1041
726
-311
-962
855
-389
87
-232
-717
637
27
-433
548
128
-107
698
-368
187
395
-17
299
-626
-44
-69
1031
860
-784
-1277
-136
570
-911
-305
580
954
636
-924
838
-377
-983
277
-225
413
-132
806
1912
549
-715
-578
-475
-831
236
-60
1062
-1103
-246
68
174
-433
-226
-97
-126
4
-7
-686
-4
-73
-304
424
399
-465
700
173
-325
317
-658
1584
76
-90
-840
614
189
1067
984
840
184
-224
335
686
106
333
256
-194
405
1177
400
-1121
268
650
382
-357
-740
18
-149
-537
-322
1130
1437
620
-770
1184
-552
5
804
-120
459
172
-185
-348
633
-495
-692
190
704
1280
238
671
570
-189
1185
194
1117
-1613
-186
-1273
551
442
657
-639
226
-132
358
1003
167
73
-982
-68
-758
137
-1
-409
476
-578
879
800
-590
144
-261
-400
503
-782
-795
249
-16
239
-221
306
-1076
-473
57
492
139
-189
-181
-218
812
599
339
78
-1314
395
1064
-813
-543
-856
227
-1759
337
-563
-532
497
-996
633
703
-824
279
-109
-211
-13
-190
109
507
-664
-15
291
-257
-837
-776
434
-846
-258
364
602
62
92
163
-26
181
424
915
171
-674
-424
731
248
-991
-671
692
-373
580
574
679
27
-150
170
-382
702
-61
-98
861
230
52
844
-395
-717
640
-447
131
299
177
265
128
-149
162
-72
-299
-1314
-702
-977
509
-157
107
521
154
103
-341
241
-992
-596
576
-596
627
614
-223
-235
-330
259
1388
-47
-97
39
55
-411
751
-553
979
-209
-229
254
-1119
-246
642
-86
-322
767
-221
-771
69
1180
-192
-96
-527
-184
137
568
-163
-444
-208
228
0
-471
998
169
185
-369
485
1213
-1090
-821
1439
-1075
131
274
-215
317
-705
917
257
667
-784
-925
840
1007
-407
673
479
-814
265
-172
-280
56
177
-603
950
-422
328
94
178
563
163
-78
-315
1112
55
-424
-694
-74
150
192
456
-252
-1014
520
711
127
-295
-604
-539
1244
-375
13
-215
-242
235
-887
-1424
90
-69
612
538
-1202
-376
-159
-479
-292
-502
834
568
-201
-381
-993
611
-413
-678
697
95
-619
-233
-961
-435
-103
893
-2
-567
323
230
-109
-44
693
-901
-480
-5
-156
390
-80
121
556
911
678
-305
-363
8
-802
55
-504
861
228
-404
209
248
-215
18
387
-422
92
1416
490
94
-74
432
-88
580
-750
-446
298
108
102
429
-754
-519
64
999
18
-109
529
314
-1632
218
-311
660
-148
-1010
21
158
91
44
681
735
-431
794
-740
-421
248
196
332
-897
25
-417
-191
750
578
246
176
893
250
356
-121
490
162
874
270
445
-1243
-615
943
353
-140
-427
-453
8
716
-123
-34
-141
72
-9
-97
-353
786
-300
268
9
622
619
128
-314
-167
-501
1676
264
156
-116
-489
5
684
1104
-472
1177
-176
-866
-910
202
145
-217
-84
56
346
-90
-128
444
62
-1586
-710
950
-658
-38
111
1588
97
-568
118
-604
-315
693
-606
485
38
-99
561
-202
482
-1012
629
-154
451
-189
498
77
-99
992
44
-265
-377
198
-1363
-729
61
231
436
25
-947
-378
-768
861
104
-580
-128
334
-1073
-390
698
-1083
-1703
696
-583
-1051
556
857
879
-408
163
-1050
-52
451
-12
-211
-444
318
77
178
-88
43
522
131
-835
404
231
-503
390
977
-539
696
-320
-342
-242
-374
143
306
-1419
408
167
97
241
-45
401
-549
226
383
-314
-46
1109
667
249
422
687
-922
13
-733
-12
-172
403
334
251
-1070
869
-574
-140
-477
-488
1046
1564
-639
290
-706
285
-241
-637
-749
594
-912
188
-284
1006
1128
70
278
246
332
622
57
-472
-131
555
-944
723
1007
941
78
-14
998
1266
736
-902
-327
-857
433
-255
-69
207
379
267
774
1080
980
-621
-102
-191
-1097
1519
-880
-60
-376
306
-88
229
-452
193
-440
-258
-282
74
-212
-406
414
1094
581
292
223
50
186
-109
-745
-158
-730
-85
-667
-13
-444
547
980
915
368
-753
704
-541
-884
-635
268
-292
205
-304
902
595
369
1153
-517
611
-466
-283
635
1090
6
-658
737
-905
-1713
-802
-355
580
-89
785
-548
-221
634
-593
-458
460
21
-157
0
836
56
-664
-1023
378
349
-1169
-664
-43
-421
264
-632
-401
-508
1454
-289
-47
-281
-106
60
-462
-209
-43
232
-1285
-715
260
681
314
-522
5
-1072
468
-205
-188
-370
-1907
518
-320
565
-503
-48
376
-36
-542
1143
-298
-90
14
-278
327
-163
-505
-609
40
808
871
-161
534
-1210
21
99
226
-17
814
-297
590
32
924
185
-67
-861
15
-479
241
-790
8
267
-197
39
291
924
-380
377
243
-101
24
-767
-335
-230
-225
-366
762
1550
-993
370
-257
519
92
484
-94
676
29
-598
-146
104
321
-117
-187
-175
189
-374
413
229
389
43
-100
-910
355
10
1272
-865
602
-263
107
95
-301
-77
182
768
680
718
-85
-399
-930
1044
37
54
585
-82
-1286
674
-298
-863
400
-411
-1299
542
-428
594
-437
319
-336
-487
-997
411
-1652
-650
-1022
86
1449
-1157
462
-310
149
-580
1187
-266
-156
30
75
-9
76
796
-945
-453
-661
-225
-76
788
-420
-371
627
911
-530
64
-611
-580
-205
33
879
-383
-311
-257
-1517
-737
54
465
-211
-263
-460
-418
-191
-92
-926
16
-676
-402
309
25
335
-203
1031
1121
354
612
-78
-478
62
189
-22
-272
-351
966
-623
1121
-744
234
51
-99
374
561
-571
266
519
330
-330
719
-644
215
-274
173
1031
-102
201
-233
-182
-289
1112
-49
-797
438
-125
-572
673
-815
57
-456
-224
58
-573
392
700
-886
-969
-463
-222
311
-377
965
389
-566
-570
-348
220
-401
-366
-265
120
-271
648
48
163
51
111
602
433
-242
461
132
-799
281
-242
394
-268
-153
-87
-152
-395
411
-83
488
503
-157
904
597
872
-473
-46
129
-32
330
-203
-733
337
461
223
139
-313
-495
-128
-322
-632
156
-450
173
-412
632
1037
-88
163
266
334
-553
-167
-181
-182
867
-393
607
-111
-663
-1031
-538
-1002
-393
295
98
-797
437
422
84
272
-183
253
-297
-658
870
-89
-198
-238
-635
80
-286
-529
-721
288
639
260
-439
-442
637
-1039
-305
937
239
-181
-1837
209
277
-773
64
131
-190
-169
215
205
1260
-616
-914
-232
-469
-141
571
700
-491
1
560
-33
-53
-499
254
-182
-998
-224
836
-435
965
-162
-537
726
-956
571
753
-1407
235
-242
1365
806
63
614
1579
-98
-434
440
53
-412
332
297
-954
-322
-458
-267
-532
-638
339
494
-989
105
1065
148
681
-23
-492
260
45
-288
2
1609
567
-174
-32
133
-126
212
1240
-522
-783
-1192
-155
-1045
1178
397
-52
239
640
38
-404
524
930
409
-237
-1606
209
1483
-173
626
-120
559
-356
-231
-836
167
916
-718
-546
179
-641
-458
-464
26
-361
772
-7
872
-280
250
1111
-84
-1009
785
-87
74
-236
260
-257
44
63
-23
407
276
963
-424
-166
2
-436
301
-570
-237
251
-519
792
80
68
609
563
-233
35
289
1155
533
-642
304
130
73
3
370
-512
-394
351
943
-190
-1280
-174
204
-651
958
-266
-465
-63
-483
-541
-485
220
-28
212
448
477
155
1377
-389
-205
-78
-6
-2
646
-446
-233
94
121
1157
-45
-60
143
271
-383
-273
-163
269
390
-951
673
239
884
120
-1320
-257
1818
94
-161
564
-74
-858
148
879
-67
494
268
-207
-1113
-484
-758
-312
-144
-322
-142
-398
510
-405
262
-637
-215
235
-13
440
37
-33
174
620
-736
-828
871
295
-810
124
-621
992
341
170
490
-378
-394
-1640
-575
752
-431
37
238
140
128
-410
-1457
182
-83
-550
1565
-712
436
20
-239
123
1374
858
316
-494
392
1186
1056
1152
460
-623
194
128
1037
883
779
-113
-444
871
118
-1071
-146
-1050
114
640
-208
553
1987
-29
408
-326
55
1057
539
597
995
-291
-697
232
-576
442
68
-562
952
-153
-19
-398
-338
-190
-194
299
-601
-635
-932
711
-399
707
864
581
-12
-807
525
-364
126
347
286
-912
162
-1044
283
-431
-36
735
-266
-379
-794
-111
279
602
213
719
-607
461
-516
-360
649
-264
-373
1189
45
473
-582
-549
367
-415
-251
136
-283
778
484
298
1972
-1888
-5
-236
434
-51
1
-534
744
1288
959
-5
547
459
187
-385
599
453
520
1124
953
262
-391
442
487
842
1357
-41
1261
626
861
656
-920
234
460
-34
430
820
929
-792
-16
-1088
635
-573
-393
181
1162
669
-38
-627
608
276
103
-987
-336
-645
-268
-53
-321
-74
429
729
-828
-397
-884
333
983
-451
253
-436
452
26
618
217
404
77
36
-721
789
557
357
-429
-35
-698
-389
265
94
-190
-73
-221
-426
-496
-347
-296
-433
910
106
928
895
-692
-341
-281
299
-516
-49
34
-242
1092
-357
-163
675
282
-1700
165
-484
10
130
-649
330
308
634
-65
715
731
-129
156
525
-214
-653
235
-120
249
18
-665
-59
-505
149
478
-472
-8
-447
72
-927
89
265
585
126
-550
-239
502
239
666
341
-118
-70
-52
26
-233
-150
792
662
-725
887
-1178
-25
107
-198
350
-624
-380
153
-464
198
-284
475
-544
-465
-355
837
148
454
1047
269
-456
-415
48
-413
145
112
367
932
602
-442
-23
-936
410
-247
-373
-281
-127
-416
62
101
-215
313
1057
241
-868
59
334
-481
-44
806
1327
-272
-507
869
218
-491
1053
-1074
-583
-33
-350
-37
700
487
-1307
-862
-1139
-669
295
-1208
-289
-350
79
-240
-720
1493
-159
-359
444
-543
-94
-260
-981
-300
393
-474
492
-444
451
-644
324
447
-69
300
648
541
-198
-971
-331
-276
-364
366
427
335
664
-159
353
-158
-519
-38
650
1438
-234
435
292
137
-198
838
-482
410
337
864
-222
-487
397
-95
-1418
814
333
52
209
-202
468
984
-630
-499
-78
575
-220
-228
907
-1496
1574
1027
-228
169
-250
145
410
-470
787
-301
-231
-341
-1394
-336
-741
-21
489
-12
-528
300
436
-239
865
-35
1338
-281
-26
-29
-411
-1075
42
-393
-568
565
-455
-484
184
-1159
-402
-312
-47
-687
459
-538
-20
284
492
88
-889
-39
1008
264
441
-630
908
1115
178
-96
-591
623
243
1434
-362
1182
544
-615
66
1143
-891
172
603
-114
-1096
293
499
166
-236
35
283
370
298
318
-129
404
1905
634
-198
865
-448
-442
181
598
340
-366
0
857
411
-1129
-416
-181
600
-147
-832
-374
-171
-369
269
-358
718
-109
511
921
232
-1617
504
127
493
-831
-172
-447
-217
305
648
72
-22
-879
1028
-889
388
241
588
87
-557
748
-544
535
677
91
662
412
546
-44
467
1220
-531
-37
-546
172
314
-29
-73
242
-286
7
485
865
-727
1280
-675
29
776
307
334
-436
663
-433
-596
-504
164
569
528
49
-449
434
355
-622
-377
-376
118
-1067
942
288
-339
732
-578
298
619
-755
65
329
-124
1073
344
1622
134
2
188
-178
-325
-281
294
857
684
-808
-779
-344
-1336
1039
-588
277
597
576
-181
-333
698
-254
36
1141
-60
-397
-628
159
-255
-1030
84
-332
348
-74
-54
-714
584
-95
640
-101
-21
223
-142
878
167
269
-33
-172
625
-1456
-215
-218
-478
-133
-1410
1096
-225
-250
-373
-1172
-358
1
-99
-405
-289
-626
-722
489
-14
-1211
549
295
-186
-356
-195
1045
-11
-790
-502
-365
-989
313
703
-706
274
56
-69
122
-412
-328
530
-336
51
-471
-71
40
528
-740
-12
468
289
890
-162
582
439
-524
956
970
711
297
1003
225
223
1244
91
742
-356
-525
-93
1202
80
922
538
204
157
-563
-1349
416
413
304
355
-432
406
-767
-879
927
-199
55
-1039
-518
489
-659
331
277
564
-1028
-518
-660
-180
754
642
360
-305
451
-418
308
89
321
-513
30
889
-210
379
-228
350
-536
350
-862
1009
243
-1018
1018
-208
-1105
-992
-680
1376
-91
-330
70
526
-757
286
-746
-526
612
-133
728
20
8
-222
-1221
-807
-444
-285
-632
-152
575
235
336
479
-408
-134
136
-1091
425
-92
15
-591
-83
296
-780
599
-438
-1429
196
81
95
-446
-296
960
133
701
-136
-337
-769
713
268
-242
691
-924
71
-307
-176
674
-980
-663
-512
-279
395
-977
107
23
-190
-298
440
96
540
-378
489
239
-578
-208
113
237
-713
33
275
-1081
637
1143
1017
41
-140
194
-92
135
-152
-941
73
-1383
842
-521
41
409
1018
-146
-376
363
-1051
541
102
846
63
545
138
604
-34
-16
586
562
-138
797
-635
512
-108
158
859
-198
206
630
-433
-899
-469
-197
535
-919
-144
-862
-188
-160
-580
-501
591
27
-418
525
-897
-822
-367
473
772
-413
-2
-719
-207
433
328
-660
814
133
838
-147
-845
642
-558
-640
503
19
-488
370
133
-208
-154
-1118
127
-517
232
857
-52
-58
395
719
-862
-1240
-332
-89
248
-147
1285
971
-491
-620
213
-15
-387
522
-868
137
-157
280
533
955
-391
194
-155
-615
29
-471
412
776
-1521
-1438
-196
-156
1154
-732
874
-307
82
-613
429
998
70
1163
546
225
622
203
51
537
-210
-767
383
286
341
-630
459
-349
12
686
234
-604
-134
-336
988
269
-766
-721
-259
895
265
-829
-257
175
-660
959
648
-69
-198
-579
-357
-748
-948
419
273
-639
75
-1367
220
-1273
-994
-521
-11
-240
77
-1079
-237
1057
196
-137
38
622
59
1062
-86
277
574
-533
686
-435
-441
-35
131
289
-33
-46
327
84
-563
-284
-440
986
-23
1671
565
-1013
-237
325
1123
307
360
-122
-91
-197
-428
255
-804
-788
-299
487
443
552
15
-913
-725
32
207
-786
345
395
286
213
-286
5
285
115
229
-252
-393
-107
-301
111
133
225
-1476
573
-224
400
-155
237
-154
389
-165
781
99
533
1056
-973
-536
-299
-399
97
822
-956
184
598
619
731
345
-362
151
-223
-1058
67
967
228
-255
-1163
377
116
-472
-753
-361
-786
-1437
39
487
35
-185
-1126
-150
-951
-468
-248
-186
-856
105
-362
287
154
845
-248
-283
-170
1182
-776
-341
223
148
481
219
139
-1258
-95
15
289
-536
189
349
-144
32
-164
12
780
-867
-932
-226
212
213
862
-188
380
710
132
-1176
31
596
287
-362
-422
-842
332
-786
584
-18
460
-560
-378
-109
1126
185
804
-441
565
144
-30
853
-558
425
-659
-463
213
-857
-705
286
-913
-313
550
-786
-630
-308
-291
-427
-351
-604
13
349
86
733
-34
-121
-70
70
997
-528
686
-396
438
-217
-272
747
8
281
-85
-1013
373
-146
-600
851
-158
-90
-590
916
-561
98
852
-357
-453
-48
-168
-284
2
728
-162
820
418
-635
-346
473
79
-678
289
381
-539
265
-282
19
-214
0
-1498
255
-559
431
695
-820
-61
65
229
188
148
-564
201
186
866
30
66
94
978
473
-128
-13
583
23
216
486
215
813
-762
-304
64
719
763
-153
622
1008
-731
399
-682
-792
177
-635
648
237
-130
-23
-71
-498
323
-1349
884
22
-250
136
-35
400
-345
294
-495
545
-756
-171
21
-341
-22
527
14
1789
-883
425
-33
-526
388
-1233
652
-120
-220
-723
-145
-77
869
-275
-1025
-467
-716
277
73
-381
462
289
472
-406
35
881
-768
291
-653
772
232
-30
-833
-560
-1269
-762
1243
290
247
-261
-130
-827
239
269
978
70
-820
-340
-287
-235
103
705
-42
459
-538
-290
250
9
583
192
-638
-704
-985
958
-56
-1548
1172
-631
-451
-121
-88
-679
370
-361
-104
169
-608
-696
168
36
440
-406
-50
544
574
-76
111
-598
610
-615
440
545
-224
-413
189
-7
-39
819
231
-376
-1111
832
-68
57
-46
677
-313
-789
-381
838
294
-197
-373
376
-153
699
-232
-938
-353
-67
-151
740
683
158
-162
-516
-832
470
-254
-656
184
968
-490
10
-309
594
-454
655
-93
288
-791
-186
-663
234
-57
-367
677
-114
99
378
228
33
-289
1017
-1202
410
212
-321
-892
134
-213
214
-46
-244
697
126
-402
204
600
-932
678
-801
-470
301
-278
80
-259
420
769
-775
404
93
22
762
-249
-163
-210
197
5
-448
-1325
475
-605
-5
816
-704
0
-658
-104
-837
-527
375
-650
-1011
11
-800
-391
-11
-90
-332
718
-181
-1345
1001
-657
1429
990
-137
-616
-249
-272
99
-280
419
63
-161
223
381
-372
1067
-149
244
733
375
117
-753
-117
-406
530
-939
-123
207
541
58
-617
221
81
262
842
-989
-948
-322
-284
-795
-981
-480
960
167
392
1178
-29
1073
-418
793
-345
-208
732
-263
-652
858
-975
-55
-280
255
47
-1040
-243
119
-128
-164
-151
-1
-512
-243
-979
-166
-725
-188
331
-294
708
-1547
-412
-427
-148
-209
570
-153
-98
-786
615
261
-178
-383
999
318
-309
316
633
-681
127
-28
717
-15
72
858
-233
193
-396
-344
466
-389
196
620
-623
267
-480
-510
414
271
-802
341
418
-1093
-496
13
760
-440
56
-31
-21
248
-420
-522
21
-47
753
1100
95
182
913
611
-506
573
-23
412
-603
1391
369
-58
320
-528
144
778
-790
218
464
481
-116
419
378
-490
-129
417
1488
326
1578
64
171
175
657
148
723
-740
876
279
-568
-506
-164
724
549
1144
-1699
192
96
219
435
38
-523
-206
-834
178
486
401
93
207
-663
-1043
-51
-605
-743
115
331
-337
-64
223
22
255
180
364
-864
30
-9
183
-206
-778
-437
-1076
518
408
760
-1049
-281
881
-728
-6
-20
261
-46
740
162
-60
-108
-1665
1418
-240
-501
169
91
-267
605
183
-330
-1634
149
338
-475
-272
-584
771
-904
-467
186
-941
-727
229
141
227
-426
787
467
-720
-653
-304
-194
212
-42
873
1187
-505
506
230
1190
-18
-887
402
45
-742
-188
119
-674
598
381
-137
55
-169
684
152
-559
253
299
-651
1247
899
462
-194
184
685
-757
-313
93
290
364
-92
224
-449
238
343
-936
646
-1634
-121
-348
175
251
-209
579
-485
961
584
-425
883
-154
308
874
572
153
-511
-814
-405
-836
-393
-857
688
686
-12
-752
845
-104
26
533
-686
-1178
-150
109
-444
-168
-170
-384
-466
271
328
742
-258
-558
-369
417
187
1098
123
264
952
-313
118
409
303
793
711
401
-997
-242
-893
567
443
33
-759
1156
-1047
-697
1219
164
-732
1407
184
383
-550
-838
573
1081
974
-13
419
-277
254
1760
542
225
178
-3
534
-296
267
506
751
-298
176
-1602
-410
-225
1492
761
-331
-552
129
894
81
-237
778
961
361
265
346
-496
-506
-40
-507
-33
-548
134
469
211
199
-184
290
274
810
339
478
218
929
451
853
-1700
1243
-76
411
113
-40
-159
-65
-230
-445
173
453
538
-419
-868
-564
-144
432
-863
-372
-516
-740
-27
861
917
191
-61
-397
-59
-2
94
-27
-60
251
-416
-465
-390
-414
-1609
567
922
253
686
-390
214
535
331
394
478
101
-506
-410
39
-176
-136
-111
233
-337
275
105
0
-137
-702
-1179
-1116
-98
-64
590
298
0
-1107
-573
-74
-131
-327
791
-1305
-306
-1334
468
80
757
-746
736
346
172
-187
867
-265
-528
-179
-368
491
-399
-489
-84
-205
1164
1286
-243
-414
546
288
-266
-7
-1170
235
-92
175
310
-1118
-131
-604
767
298
-20
-38
-577
-101
575
175
-137
1197
634
-29
-583
941
812
-281
-121
141
-17
123
-638
-363
-415
32
595
-198
-74
-185
946
140
-434
-44
498
-188
81
241
-982
-382
-697
-661
96
554
-994
145
-173
28
-638
303
-425
234
-111
533
344
-306
1371
767
-85
-310
200
440
653
-61
-211
900
-94
-16
-407
-69
522
360
1009
249
-286
-1214
303
857
-151
-12
-297
317
394
119
777
658
288
-275
272
-375
-216
31
-222
105
630
288
-323
-641
551
-445
-439
154
604
189
1895
-724
-2025
-1308
-11
166
772
-692
-567
-650
-642
142
705
-204
-538
-530
475
764
-36
-512
523
18
923
-699
525
-763
-741
829
-1178
132
1443
-688
545
353
-335
202
445
593
604
1473
41
462
-454
403
-681
120
-401
-114
176
-876
-863
-475
-160
-937
-333
5
-216
-251
-81
-788
-290
139
245
607
-59
-222
387
196
-300
343
92
29
-274
750
227
-103
-568
-214
-264
382
496
351
-334
-514
856
-126
559
-739
-386
553
707
-20
-199
7
-565
20
-342
-9
983
-272
187
-468
483
1282
-499
380
-230
775
-365
430
733
292
883
-24
306
-501
-373
-1080
-1393
-22
-806
528
62
326
129
606
-124
-401
-322
140
-247
-908
305
-323
-1311
508
81
397
623
-241
-477
1506
85
-273
-9
-39
-897
367
-1093
120
46
500
224
-233
-680
-188
916
166
463
851
-606
-276
760
308
-532
425
-589
154
-368
-337
207
473
-765
369
18
753
209
-581
-188
156
258
402
-367
-298
542
-882
-1185
-68
-1599
-211
178
-86
-286
-267
-577
139
-586
335
-493
1289
-825
-25
614
-186
316
-375
-755
-681
-949
-718
90
-86
433
126
-176
261
324
712
-1014
292
357
-117
-198
22
-319
-1441
-394
97
518
-68
-306
557
368
-549
-857
-211
146
439
-71
-316
192
-468
211
-506
593
-276
-65
-546
518
-221
-315
-64
-446
401
-773
192
89
-21
-960
-899
38
-593
-681
242
-501
1
-34
-677
1417
-764
-547
258
321
-628
-600
196
200
-327
643
-158
920
-306
327
-657
-99
-74
146
-23
1308
-797
1370
720
702
-517
-59
165
-116
-231
-24
-868
-496
688
-578
400
-317
913
-217
-326
-695
-980
-182
776
465
-161
-271
21
1093
772
-748
-804
384
-497
66
72
1384
435
1327
-1217
472
-745
-574
-551
-528
744
371
937
-23
-414
-433
-141
-84
-162
-435
-91
362
-643
268
-92
-358
1050
60
-437
80
331
469
-248
-130
-1113
-75
281
334
-258
-192
-619
-205
-66
1083
237
-460
-809
403
-317
38
-134
-153
254
235
50
1013
496
-382
550
129
327
-176
170
-1058
467
52
-415
-412
58
-945
909
526
91
668
-190
-24
351
80
468
154
-5
-48
672
-569
452
542
155
-422
295
-464
-258
-333
402
-625
316
-1425
705
610
18
-183
120
678
39
180
-474
178
-720
50
-899
-532
-872
-567
-886
680
938
-64
-504
-227
-153
-462
-4
-353
249
-609
161
759
308
18
-149
-1194
1292
-152
532
-1049
-980
505
-158
268
-97
-119
74
427
733
-21
756
-85
-260
-26
-213
601
11
432
-363
1047
91
-39
479
785
184
656
799
145
223
-135
-282
-527
-40
132
879
752
130
-376
1135
-1104
-497
78
-372
129
1167
-342
-452
-178
-290
-452
409
116
-174
141
241
510
530
-998
-195
-527
705
-188
286
905
43
711
-334
113
-130
-557
-19
-610
175
642
1262
-890
19
112
136
772
-43
-267
-339
66
627
261
-226
-554
-652
-542
434
14
41
-194
529
264
166
186
-134
-100
-165
-264
826
-263
93
1164
127
541
343
-193
-323
-957
-14
130
467
-586
-1
435
-30
1420
985
439
433
-35
891
-119
-910
-47
558
-457
-1007
-105
-604
-317
-541
352
-166
-1209
-415
-136
241
275
-343
648
-359
501
729
291
732
827
-607
925
244
-751
16
-325
852
-589
-340
-533
200
-247
-363
724
-29
-363
538
-524
-535
165
517
-193
-475
-1318
715
-141
-181
117
673
-929
-196
52
-356
-83
-451
-668
359
-438
-189
-829
-21
203
-33
456
-54
-170
-1098
12
-737
323
-659
163
52
526
-50
-426
164
-506
-632
728
-394
-30
-528
132
-741
-266
74
196
-905
-55
154
349
-641
-73
-213
-389
-73
54
539
91
-227
87
-768
395
271
473
-596
238
716
-447
7
228
-79
-130
776
969
183
-698
-127
283
398
543
603
-423
-1391
-431
-160
912
-314
-642
-396
864
-23
-806
177
-868
-710
951
242
414
-427
407
-347
-213
907
989
-397
552
-52
754
128
577
105
457
345
-126
-595
587
537
-29
118
-125
-218
-500
613
-305
779
-363
-519
175
510
-531
-445
633
473
421
12
80
213
-176
148
-563
107
-705
-428
-932
437
-536
-288
35
-282
1081
1136
79
875
119
261
-817
-629
5
-272
-133
-207
-644
853
419
-603
313
-1093
-396
-100
-1021
637
-1042
-511
365
218
138
517
821
-582
-504
-223
179
-282
-682
741
483
-146
-1096
-788
515
1735
122
344
7
-392
-214
-1101
754
-666
300
299
834
-115
-250
124
-745
545
73
35
149
-760
557
-210
-249
672
1398
-311
-613
567
263
-58
-315
-772
-429
-70
-110
-321
1356
257
-471
306
-681
-942
1147
737
-255
694
-649
-431
-691
464
-677
-1347
430
-1432
-435
-621
-621
-205
-1333
29
1008
-163
-1176
-166
228
283
-78
254
-88
815
-261
-144
353
-247
-153
-46
161
729
839
-32
1670
-73
-1112
-291
-683
996
305
854
-450
-98
397
-109
-195
652
92
410
772
317
-565
99
1378
1029
844
-1211
104
-678
37
794
-977
522
163
-517
354
-314
1062
-560
951
-240
324
527
215
74
312
-620
224
-305
-303
1083
836
878
-134
-304
-24
196
712
-231
-110
-538
-886
-206
725
-318
-906
373
590
-458
268
425
104
-177
68
36
144
-712
-155
-186
-57
-578
54
528
-1051
-546
195
582
647
-37
216
-783
-879
155
-472
-386
287
-266
693
995
559
-92
-44
561
-1009
-293
-144
497
-675
-246
-627
-418
306
41
482
371
-68
906
312
-88
1251
-647
20
-67
-599
-943
-1303
-59
-265
702
543
-709
-467
189
165
119
-527
-594
538
-968
-428
168
-202
-1077
618
-270
-1058
-669
592
-287
-323
744
263
-45
48
48
76
-528
769
-92
-242
-558
-378
969
-414
-39
-22
65
590
-1089
241
-341
-650
-63
-860
-242
148
-801
14
-164
129
277
229
-486
-409
-127
-859
-746
411
651
388
-786
17
272
-226
519
65
-949
-913
277
257
-465
-1181
-440
271
1314
-588
-1143
-109
16
-639
-602
116
173
1131
-702
747
-253
723
-538
133
448
304
116
254
-963
127
-106
29
169
-466
-220
543
-193
499
-72
-120
-312
-1373
96
319
551
672
348
-363
-924
-1263
-1342
765
96
1061
-32
394
-1465
-1220
186
229
-1100
-49
-264
-39
-108
-491
216
-302
941
-215
793
-708
-603
-242
824
692
-391
-387
237
908
-748
52
54
233
-187
34
-740
184
-85
2
-504
487
243
-77
557
-451
207
900
-382
431
-2
550
-358
-196
265
-198
-223
382
76
952
-528
-1440
-395
1069
658
-413
636
342
-280
-471
966
-86
300
-750
447
-104
-737
1183
225
-803
-547
-857
337
-1353
-610
443
-217
-1070
-219
324
-237
-72
146
-425
463
390
-1151
793
1831
842
-43
502
401
842
-251
-807
-564
-258
-329
511
-87
12
314
-82
37
-313
-913
905
-480
-695
172
277
8
131
89
-342
-806
297
-491
-352
41
-156
450
-948
-883
-521
-125
-80
230
170
368
170
106
457
-1276
603
-779
62
-175
-482
603
31
-147
-300
-569
-85
569
645
187
114
1233
139
-380
-369
-435
-169
904
-706
536
1055
699
380
-317
-861
215
-1
648
-201
148
364
541
729
-86
276
-724
-803
-462
301
1334
-569
5
-220
141
662
123
-353
-1143
147
503
175
324
-858
-181
-389
-451
-71
263
-1264
22
-568
-587
504
227
-518
305
-175
302
1244
232
731
34
1562
256
358
327
272
-873
841
590
111
-442
-756
-1084
491
118
-253
540
392
598
-761
166
784
679
153
-459
-48
-703
-532
459
246
763
259
350
990
-831
-326
706
518
562
404
-47
-5
747
276
-865
525
188
-149
-75
835
478
-706
481
-949
337
-435
937
126
336
1037
-122
-251
-198
-402
-46
-36
-159
-187
-214
465
773
-648
269
363
635
-91
-126
-279
194
124
466
384
761
469
-340
831
176
-389
675
1098
-325
664
-530
356
204
-1310
1424
667
-368
-789
-598
430
326
-219
-452
-187
132
-552
241
-695
111
776
253
-520
586
865
-979
-555
189
-757
291
-1636
464
260
-331
452
-345
-182
-68
-69
1085
-1078
-173
79
-29
454
914
501
925
-465
-183
260
-320
-432
557
204
933
166
415
188
-160
-108
345
-526
-920
-176
-199
525
1337
-11
76
-673
-47
120
126
-629
-349
38
826
1037
-250
-510
-972
-449
277
-509
-16
-282
897
-129
-39
587
8
-691
732
-886
-660
464
-19
-185
880
207
755
-504
1150
320
-727
-293
894
-39
887
324
-553
-1256
434
-125
-434
-615
856
-739
848
-1099
447
776
-67
627
-232
-166
77
320
375
338
-397
9
468
6
-5
-899
684
1704
-452
155
284
-377
285
-126
329
571
128
395
510
1230
-1158
-284
-224
618
-221
-318
-260
-871
592
-108
-1050
-616
-1511
-197
-133
-237
-317
-504
179
-90
-131
-369
31
529
-608
-345
320
-18
803
-494
-1105
578
148
-108
-211
321
182
-1033
-237
498
-293
47
195
-511
452
-263
-195
186
1
-806
682
-92
193
-56
593
-759
-171
686
-488
-183
-856
-96
71
97
-881
-36
1165
546
-9
898
0
190
370
-309
946
42
-596
-62
814
-40
-935
697
-276
-406
223
-393
-829
649
177
-118
-816
-1076
434
-260
-722
84
-566
-423
328
797
25
-1115
763
144
599
-1036
273
33
1042
-232
-524
-158
992
-278
-181
-232
-431
-308
-884
115
-298
-995
-105
-522
46
920
-507
-142
-293
418
523
762
712
71
139
-37
-1149
461
167
435
173
559
353
509
139
-264
-362
1035
391
-144
29
-481
1661
-75
-833
-552
-1122
475
195
-107
277
61
1160
-802
191
-496
-134
-546
-628
594
482
-702
-337
14
112
-326
206
616
428
398
-447
617
407
258
-399
324
-1235
-484
206
-394
-162
-53
-143
-1479
-503
-582
716
661
-750
-680
-328
38
-1420
-969
204
-786
-280
-151
-148
-818
175
322
709
150
-362
-509
93
131
-741
214
-373
1455
231
-321
-366
-388
612
414
-197
827
468
-75
136
467
688
1302
771
17
337
-336
-949
-568
1389
717
-505
44
-797
-903
-266
-272
427
-712
383
488
-247
-601
-461
-671
-985
1018
427
-449
-1331
-628
-119
972
-142
-473
653
134
-414
-352
407
-578
-177
947
364
-278
1118
945
-480
-478
-486
179
-783
853
552
-720
-17
691
-583
301
236
-902
28
369
-104
-118
-1368
-1580
-53
-1472
63
-645
379
466
1489
278
674
-11
505
1327
96
-372
477
82
-248
37
103
-569
238
14
-143
884
-512
216
-204
-295
-42
-312
586
303
-1070
-989
-130
738
227
-260
-555
188
794
172
-192
-289
-1021
122
-689
-28
-26
617
172
-676
179
-354
333
188
-1320
313
-1157
234
69
-415
873
-132
-302
761
1041
571
165
-104
-808
-308
42
735
797
65
425
-529
660
-1011
-1175
-730
161
257
-63
127
-142
163
-143
299
-373
28
-753
-638
-450
211
-26
-209
-517
168
864
915
500
-487
-52
935
-804
1109
393
796
-89
812
-124
-546
239
-366
-733
-224
73
638
-296
-516
-224
-232
633
-240
-489
191
281
851
-252
129
-151
29
-16
180
-548
-92
270
-938
-239
-941
148
739
-66
-223
-24
460
497
43
-401
281
583
212
-719
-1217
714
-46
-410
-500
703
-8
361
502
13
498
-709
-144
-1046
186
1449
-515
-354
-1037
-111
-102
-803
488
45
-193
330
-479
331
970
-24
-353
-338
-474
1088
-114
-415
-820
659
-69
832
-17
-1049
-499
247
-612
1032
-1360
-718
-387
633
331
-832
420
321
-149
348
-364
-622
-577
-417
1006
198
56
-508
-190
-977
235
566
-100
879
-122
419
-318
-812
751
-393
117
-487
818
-557
-691
12
-637
220
900
825
-533
-225
86
519
-165
-383
35
714
296
-203
476
-192
534
667
-900
-949
-1280
-291
18
-802
1005
-511
-364
-1083
-1068
-177
805
-394
-401
-326
347
-872
-537
121
-362
-717
259
436
212
124
-370
235
-8
16
563
651
-387
704
-985
-169
-606
206
-151
-147
198
-347
643
-160
-586
-452
118
360
-652
-945
777
442
-376
894
520
114
5
130
-797
-651
-350
-975
94
-312
-449
319
493
-824
-68
65
-533
10
-131
45
569
748
41
407
-393
-125
414
248
320
-239
466
449
-923
77
749
-1016
334
-11
-996
-66
538
260
-621
249
-27
-245
762
-358
-673
-1115
70
-672
566
-311
-509
900
467
-193
-49
-274
1076
442
-1378
1408
-86
-461
204
500
806
18
410
127
284
65
-451
-452
-133
-850
-327
1030
16
357
577
-377
-144
-1099
-797
-158
606
-49
502
-52
-947
-784
180
30
15
922
76
-567
199
415
-214
47
779
-1047
892
-262
179
251
292
-338
-55
692
140
-1225
-1475
390
522
119
881
-522
610
614
7
-1031
-21
-197
-533
-400
306
-13
-215
105
-418
686
-24
258
284
-583
-928
284
-1302
162
4
717
227
110
511
507
-151
1013
983
-534
-628
702
234
445
-147
-1357
619
6
-32
403
1037
1338
-27
-269
-651
922
287
76
-190
874
232
-594
254
405
498
603
-1482
1165
4
-92
-191
-109
-36
419
69
-435
422
681
-317
34
-918
-587
-350
549
323
245
54
1050
-1248
41
412
291
-533
-364
-288
-1345
-1229
101
-69
-253
287
1375
379
-956
46
114
-16
-766
252
-59
140
-158
133
169
-222
-166
-1160
-128
-31
1015
838
229
-799
-38
823
-925
538
-149
-21
-148
-726
-182
837
500
329
-1397
-882
709
-177
695
196
94
-220
-1018
-48
-713
-956
-482
-340
342
-345
-524
-202
149
-36
-835
476
55
1
-945
376
1002
241
29
102
537
26
1319
-221
974
-1299
-986
-176
-34
543
-417
-850
307
-346
1081
-313
-481
1159
-485
-335
4
275
-380
653
18
-781
-102
169
-155
566
935
719
-361
495
-353
55
587
-832
800
661
502
-764
-50
1283
-251
-935
1049
-128
-351
-109
-230
-671
575
-274
-827
-2190
-602
-794
-15
-112
-457
682
-179
-289
195
-3
-1168
630
-317
-37
306
761
-481
348
556
-1006
-405
245
972
-908
-213
-463
-197
-795
1418
126
52
162
-380
-875
-130
324
420
87
-331
-116
-446
-480
52
-280
491
-575
-1038
384
798
-745
-273
-511
696
-473
976
-995
-763
380
-318
-114
203
-854
466
646
-222
240
146
-107
-675
171
-390
386
-351
-549
684
-342
-749
-460
637
-420
666
454
321
-997
11
-313
511
-314
-695
-696
-136
-612
-481
-450
-372
-650
273
-460
93
386
-138
239
370
1074
28
-195
436
391
1475
753
-1456
476
320
655
239
-1346
64
189
-502
-539
435
427
724
-102
-516
-919
483
926
374
-454
646
31
-336
490
1228
-1006
-152
768
-673
-14
-864
-312
537
727
-70
-764
-164
243
-211
1101
113
652
420
-489
738
408
-1139
-246
-1388
352
-401
232
-138
1556
-176
-617
253
-419
-768
-97
166
451
-3
303
329
-507
-371
203
102
318
-216
-80
-163
1494
194
70
289
280
321
272
176
242
148
165
-1080
-992
642
377
-1042
239
770
-524
133
180
1252
418
-29
173
-158
59
-286
-322
-1121
-1037
708
88
-245
1005
-230
895
221
-405
494
-274
-289
-78
-424
563
-870
-115
-148
350
102
-1116
495
-1416
-58
-686
-668
-229
-278
245
111
-474
580
1063
-40
-64
-59
418
-52
-519
888
-595
-1351
856
-769
1444
-44
-245
-833
-1028
850
382
468
-925
209
175
487
-648
204
-152
1208
409
198
485
-328
-404
-260
672
-508
530
-911
-1150
956
824
-639
-93
272
649
-390
-20
-326
-389
-454
244
-826
-292
448
-85
-299
-482
-18
387
-243
437
567
116
525
-783
-375
282
-342
-722
-15
1174
-221
1098
-848
919
75
-484
-855
-172
18
204
-108
1158
-603
-339
-396
-912
380
509
402
-556
-770
-213
-222
-480
237
316
246
-135
1104
197
-442
-471
567
-566
-1081
398
-138
544
-446
-311
-128
-573
166
-1012
793
193
-266
290
435
-853
887
-794
-27
-782
976
-377
230
621
-894
-192
205
24
-1273
495
132
-787
-602
-400
142
-988
206
-812
452
145
-293
897
1936
964
-1421
-817
700
199
70
-416
-150
-332
-510
100
472
-539
402
-227
404
241
406
-457
-111
-513
-387
-1172
-19
-312
201
509
-712
-289
123
-7
-131
-267
891
86
648
-186
-129
-1022
-83
-1149
514
-1217
-953
855
523
-968
-74
-558
-454
-76
-552
609
-748
73
-441
-166
-637
1023
388
474
-131
-834
122
180
-188
116
203
-200
1268
407
-713
405
-261
343
-53
-1409
-217
-154
-535
-39
46
-1063
928
1226
202
-88
-129
-1195
-773
-383
446
1480
-575
513
-1075
345
825
-178
-375
-334
-438
9
405
606
-379
-480
554
-472
-695
-93
306
124
144
618
-259
133
-492
-881
547
-756
-83
1299
342
637
681
878
-5
220
1104
215
-251
-768
18
-576
968
282
-945
-605
-122
-136
-78
-509
-402
-323
-158
-863
-875
400
311
77
-463
-445
-1480
-246
-41
673
-62
-922
244
-422
465
383
605
1971
529
-352
680
1356
-318
181
-663
-85
128
-244
44
997
183
-425
-446
213
-462
453
754
-262
-168
-97
-1151
-34
56
-306
600
-465
-364
652
123
1287
-803
-521
878
1197
-458
-209
116
-908
486
504
-935
-737
-546
-1373
11
-103
122
211
-9
391
-63
213
-331
125
273
-836
-489
-97
-749
227
379
-399
341
503
-601
-669
-184
-201
-102
38
-622
322
1
6
-454
-527
671
869
-66
376
472
-230
525
-883
454
674
1631
281
153
348
-1309
-79
-315
-740
767
121
189
-482
-581
-701
477
-517
895
-476
611
451
196
415
539
-986
-206
-154
-588
-836
-335
325
364
411
-420
-532
417
-577
1115
-425
313
-460
502
-169
-624
-274
222
-456
-176
-864
189
-498
290
-339
1309
66
48
71
-470
-320
-426
438
-582
194
-323
-876
1167
167
-501
-158
195
718
654
541
-737
-79
-140
-309
346
-231
810
621
-281
1052
824
114
-552
-313
672
-248
-451
-584
-694
-403
653
-10
-1277
-185
-230
-404
-517
-736
-429
373
-96
-103
-457
-386
93
-147
-865
-568
-762
724
-225
-8
117
933
2
290
-607
-559
-23
157
15
-876
-586
-132
62
-599
1188
-333
454
-107
683
439
598
-55
519
-242
1102
105
775
464
-588
1325
305
-1215
-446
-506
354
-111
-97
98
-588
313
-504
471
77
-28
665
246
-225
1360
-597
-104
1544
-486
386
-858
533
-912
83
1021
609
-14
-11
83
650
-372
-185
527
-614
48
-404
649
-619
-129
681
2
-145
85
-722
-847
-26
-537
396
98
-75
-1394
342
-161
-113
96
806
199
325
301
-155
-627
238
321
455
576
128
-103
-703
140
650
-358
-236
101
777
-1606
147
965
-318
1080
-434
-815
1051
-80
-328
-129
-375
-405
54
-82
598
-179
-75
-1223
229
-271
246
-663
212
-139
-645
-644
853
-83
68
-31
139
-353
368
-379
569
-909
-166
-168
209
-1164
-418
637
-28
281
-419
-662
737
-791
-392
1328
611
53
294
-731
406
-350
207
411
133
454
283
-403
91
-388
336
248
675
650
707
700
878
-293
-109
-701
-366
377
-203
70
231
638
-182
1210
719
486
-442
-1000
-1086
-440
283
-1138
-13
-111
1007
191
377
187
271
133
454
-92
-1030
-416
451
-1117
-833
-128
-1396
-529
601
-5
-363
-669
107
-11
127
-219
-1304
-119
449
276
1342
358
353
420
2155
-1360
1064
1004
132
-4
67
132
85
323
39
472
912
38
-297
875
-460
-11
513
860
246
1083
-686
-734
768
-581
-761
1074
-351
51
328
464
-515
228
257
-2
-324
-571
-504
26
1685
655
651
-248
368
-891
142
-33
251
-800
468
-436
-664
-602
-502
-115
606
590
379
232
-126
-946
229
-135
-198
608
15
476
951
-1017
267
258
635
65
-299
266
1141
-732
-536
-814
131
323
-1248
-433
28
-248
-185
-384
-274
-532
-291
-86
-27
-820
-1192
-70
-714
-663
-107
-447
-500
-195
67
746
33
252
-54
-256
133
-145
115
-524
438
27
92
588
-355
277
67
-275
1258
219
419
-102
-141
-1216
258
1029
-1672
572
-1051
-261
-502
995
-971
-150
25
576
-525
349
-124
-173
193
190
-303
-1392
-89
-207
66
-127
591
296
-33
-398
151
-403
-301
-200
-1015
-1270
79
166
-795
141
413
1142
-817
-367
459
-213
-392
636
-1155
368
-457
-47
-311
1253
409
722
-226
-406
198
318
-876
53
-742
-570
-196
-490
-444
812
-486
932
9
1040
145
66
-578
-293
-335
186
-519
-1317
-490
-443
-375
-1
563
-103
-143
-1079
78
-621
556
-293
-471
-216
-791
-1098
1632
-190
1211
-663
-1006
-161
629
1107
264
-106
361
-202
-729
454
416
644
-328
295
243
-422
417
399
-664
87
-1100
1229
1077
-712
-425
680
-612
-718
-391
-346
-568
17
523
-551
-621
730
410
23
104
248
-512
-1869
509
-664
-6
375
403
284
944
518
115
491
161
1221
172
-154
323
1251
150
-23
-602
500
-1078
-164
678
-50
-606
274
752
-58
267
385
-119
532
-853
-605
-183
-754
0
93
-463
-994
328
-154
471
-554
373
122
-78
-42
-44
376
-219
-802
-159
319
589
-1176
-983
-105
362
762
85
-45
385
382
120
1119
526
-34
350
-614
275
500
682
-253
850
405
-361
-274
-122
629
-320
-460
373
-531
-773
525
-147
124
-18
81
-114
16
-286
191
23
-271
-740
230
-427
293
-581
-770
-153
305
1
-151
-922
200
361
-281
122
-236
545
-872
-197
168
704
586
-601
-1047
-502
-1019
-244
557
412
546
-454
-684
-152
1166
286
239
-84
-335
189
-539
111
466
1012
1040
75
-925
29
1110
856
-393
-43
1146
457
130
-752
-327
-100
104
-1203
-144
-343
143
732
3
893
-408
879
-111
-305
-944
580
-248
427
1072
-661
-62
-92
1086
365
-392
-183
-210
166
1416
278
37
16
535
366
-526
503
-750
188
-286
-843
-702
-533
-682
681
814
-312
-180
-224
372
327
251
-408
1466
-773
1037
425
641
-796
231
272
-297
123
28
-1739
-501
40
-4
-600
29
-161
725
63
-938
-553
-251
-515
-308
-174
-175
-526
-47
115
2811
-321
1057
-567
-529
947
-262
666
-564
-536
-615
-132
-37
-387
807
511
312
644
-83
1036
398
-667
763
-126
349
586
-121
-234
1068
-1026
-319
672
-357
-89
-960
793
-415
183
-52
-1088
-98
-445
-102
439
671
-234
-69
999
-413
-508
558
-422
747
-40
-281
503
-234
174
95
-65
-1264
378
582
-576
-491
-113
443
-232
-191
720
-398
-434
370
-455
537
108
78
311
-551
1002
-742
-1020
-190
-834
963
504
775
1125
524
88
-578
-525
-373
690
447
-1082
91
-1138
-402
-715
-172
-252
-1002
241
871
1134
618
-54
-106
-174
-1260
236
-575
607
-65
167
-301
-409
-391
4
1151
98
240
-89
210
134
-313
-532
993
446
462
-1303
-930
666
14
-624
-322
102
-781
-542
-736
509
-979
902
261
-275
452
374
-455
147
400
13
-158
695
-676
-339
-346
476
29
-109
355
-408
47
479
-749
-480
-567
344
-1050
500
-200
107
-284
231
826
369
-7
-172
108
-453
-286
-124
147
394
-606
1171
-404
-185
364
807
165
295
-428
171
0
770
-100
483
568
-51
287
0
362
-481
-14
-276
184
684
-572
-384
1279
848
-272
-386
516
-196
1711
67
999
-499
597
741
-1102
-684
-744
605
2247
205
461
309
259
839
599
329
-346
838
-165
65
53
-176
-639
-31
-612
105
746
385
-119
-1227
-877
139
-166
842
-155
-124
-135
799
445
-37
19
-709
-719
308
863
24
-27
-198
-387
41
266
371
576
990
-84
-104
350
46
304
48
622
560
103
-228
709
357
-275
997
-805
-780
-345
-236
-360
-22
-91
328
573
-840
-21
263
-1
-367
-159
636
-112
-747
-175
1281
119
54
825
-640
-1221
339
913
-921
-604
-289
-66
-634
-813
-455
-9
399
-69
277
939
949
-15
-204
517
-123
-565
1247
544
-521
-213
-191
756
113
-368
-339
783
822
-69
-425
-621
836
240
-649
813
956
719
584
565
-104
-244
-806
98
1109
-399
474
543
-892
-317
-463
213
650
-321
-256
629
-6
-433
558
-280
457
-50
255
45
-60
21
-372
705
-867
393
-169
-1186
-40
-134
-315
-281
-584
508
411
-401
610
418
-380
406
-78
405
-158
-181
-574
408
-341
686
-1047
356
250
-1
-132
925
-202
204
-221
454
-216
-84
457
-1001
-124
-19
232
403
-312
-52
-169
1146
-351
-112
184
122
635
318
801
175
-1065
703
-116
-457
-348
55
1276
-1424
-107
588
-718
418
-767
-190
-435
-653
-293
877
74
267
-398
391
-1327
64
-60
304
50
404
-1212
-209
-723
47
804
-1755
-223
592
-351
540
-305
-36
828
582
-627
-173
767
-630
388
497
-692
419
-816
-219
-1025
-1070
42
279
462
-257
69
616
-191
-31
760
1120
-866
1051
-458
-924
-1306
-415
73
817
263
-1244
683
-829
-966
192
1
534
-529
146
-27
-1033
455
-425
-49
1022
-454
291
-366
15
543
-1056
-176
-873
-823
-773
-23
37
-132
964
90
-1122
570
-513
293
392
536
471
1066
-577
535
-390
-954
49
-198
-547
-463
302
-532
-548
941
-718
64
1150
155
-631
-877
340
788
-291
-115
142
33
813
530
-739
809
413
965
166
409
26
-1091
996
-68
468
-249
-387
375
-701
117
-719
118
53
56
-191
-30
-401
-222
612
905
-829
563
903
88
434
-566
-121
631
227
-18
113
-421
252
619
-277
-973
828
-717
70
-235
256
63
221
834
-366
695
-1125
291
-824
409
-624
-1012
-639
639
-255
-129
694
134
35
29
-551
632
-557
914
102
-135
514
966
1698
-283
-722
414
-239
-455
-594
1316
206
316
360
61
22
631
508
-224
1520
310
50
1201
-947
287
603
66
222
31
-874
203
-766
639
-685
484
333
714
-1301
-211
-87
186
-101
-587
752
143
-468
-678
339
560
296
-708
651
319
-309
615
133
-370
258
-627
-224
-127
-325
148
-402
351
217
134
51
1089
-306
895
-619
70
-1223
544
-1410
-8
396
925
245
7
-1001
129
-101
-413
-666
-642
-785
-438
-206
555
-490
-685
402
-222
662
1217
-477
-133
761
-218
-291
119
695
376
-75
219
-16
688
-574
-356
-455
4
207
188
-304
-120
749
411
889
-509
263
704
359
-1194
473
-173
-467
1090
-267
-349
-260
914
-615
-43
540
380
-771
541
1127
-121
-1466
176
-793
358
-952
894
-232
154
207
833
847
-155
683
308
375
585
193
853
-562
48
729
407
-18
-325
-331
663
-457
-345
301
59
84
-681
-565
383
488
-200
1007
58
-531
616
-593
136
16
613
173
-1102
122
99
18
353
-816
545
-542
-1028
1322
-344
-716
-1995
485
368
-286
219
-165
89
-436
-811
-326
-466
-945
-528
186
-626
-148
1378
68
1158
251
805
-39
278
-60
1364
398
-814
-347
428
-642
-615
-388
-195
-165
75
-89
-145
995
-535
-386
48
-1023
-516
-274
825
134
-546
-502
76
-355
-206
-447
-661
90
-728
1008
-594
-235
-294
-1225
98
-590
-655
448
300
679
-882
-239
1049
-64
126
1007
-679
-1136
207
-182
-183
-72
291
-192
-241
604
59
170
781
193
70
-788
792
-249
166
411
1355
656
138
213
-17
-6
-813
737
-73
565
203
-289
-559
-655
386
83
-492
792
355
-747
-420
338
-1494
1186
123
-629
221
-187
-474
-280
538
-730
-222
64
-13
-72
159
-855
-115
-574
-62
7
-863
-613
-292
-351
278
-337
-1046
448
-213
19
-3
-205
-72
1059
-560
1181
41
-1338
320
-401
638
70
68
-705
-523
-341
-308
-266
1191
1062
24
646
266
39
-14
-1119
-190
-260
26
942
-131
769
-31
741
1114
177
-54
191
-965
764
494
588
-1305
621
-169
-369
426
128
-393
173
281
397
-155
1039
1170
-1016
417
236
424
319
-215
-546
96
178
902
271
4
-472
-90
52
495
-37
1006
-135
-387
-214
154
-661
-426
-16
-506
300
402
-1000
-167
-594
70
587
465
-411
-254
-540
163
-477
839
205
512
-595
-142
-58
748
-84
328
349
-715
278
-630
83
-490
-236
102
620
-551
-717
814
44
522
457
-28
393
-653
53
1486
-408
1214
294
-1244
121
798
243
17
505
266
488
-491
-763
344
755
-357
-206
369
-1085
397
-210
-483
96
-178
127
-421
-9
122
694
-223
-371
-556
-227
198
205
278
-743
-424
940
93
1038
953
177
698
-790
-217
405
725
359
1097
138
487
130
-938
-9
328
-652
-807
-107
-947
207
1009
120
229
-886
286
471
669
245
-235
328
-193
-770
210
537
-850
738
-316
4
-503
223
-749
465
