25 60 625
0 5
0 11
0 14
0 23
0 24
1 10
2 4
3 1
3 13
4 5
4 7
4 16
4 18
5 9
5 24
6 7
8 9
8 13
9 3
9 17
10 7
11 9
11 24
12 2
12 11
12 21
12 23
13 6
13 7
13 13
13 21
14 1
15 3
15 23
16 1
16 15
16 20
17 23
18 14
18 20
18 24
19 11
19 13
19 17
19 19
20 4
20 6
20 17
20 19
21 10
21 18
21 20
22 4
22 10
22 18
23 0
23 5
24 6
24 11
24 17
24
7
33
37
13
43
0
4
42
39
17
56
41
58
22
30
44
5
6
59
29
2
10
40
8
53
49
34
57
21
35
55
23
46
38
47
50
28
3
48
1
26
36
32
52
14
54
27
19
25
15
45
51
9
11
18
31
16
20
12
-1007
1716
-1019
-736
-884
295
167
352
123
319
-275
890
559
838
-124
-861
239
186
-685
490
485
507
-439
166
348
-170
-683
376
131
-333
-697
-989
-333
-31
224
6
17
-173
346
-627
733
200
156
-304
-96
-1368
-469
-161
37
872
-316
384
1073
547
-293
1168
-95
1626
-1593
-512
-94
-75
1209
-430
-320
453
111
409
617
305
-1019
-18
630
153
-179
-90
-392
-586
-1082
987
-211
-69
734
-1300
-48
-198
-92
-571
439
698
-1048
-502
374
-762
89
254
167
-1271
436
-23
368
451
403
1148
-389
-539
551
-812
971
-755
161
-233
-1116
-513
438
110
104
-321
-709
-305
644
474
364
32
1474
107
-1470
-674
154
574
1052
250
187
-103
-267
-87
262
-172
-243
73
-918
405
-267
654
-885
24
-482
-56
909
-638
647
-278
157
-1171
-287
-1093
270
709
-79
-469
252
545
589
-490
-431
14
679
27
-55
-812
323
-291
-1013
600
647
16
-526
407
153
-2
-4
-245
-178
-829
385
-920
615
261
-307
190
836
113
266
758
-178
-805
261
375
1108
-534
1034
-57
1302
582
240
-624
16
-1116
1696
664
26
566
-524
449
-150
717
-475
78
428
165
-687
-477
-30
89
649
401
-212
554
-837
-724
166
-45
-643
559
424
323
-154
974
-444
-1352
1261
-236
646
238
-69
28
-973
-355
-641
325
772
1033
-172
-330
-469
264
-216
-1192
-434
371
-29
-1849
-206
-1581
1265
581
-41
-425
-453
297
271
-641
-222
669
-833
-336
-103
994
377
902
249
60
743
-452
-521
-564
-800
-508
-260
156
131
-464
-251
-197
-445
-364
-211
-413
41
-461
254
36
-514
-818
95
-658
-423
738
939
-507
343
-87
1030
54
-502
-302
165
140
-622
-406
535
1078
-336
961
-753
304
-517
373
-1980
-477
-374
21
-136
664
157
-1368
-1000
869
-464
404
-399
496
-426
471
-1305
539
589
-619
-322
96
1223
832
403
288
643
526
-1367
418
-82
-633
-237
-9
791
21
-626
828
-406
-1808
354
568
717
-43
-1256
-414
861
507
-410
225
-106
444
136
-731
-1130
-29
244
-1005
-534
-295
91
-702
-401
-499
354
431
-405
185
386
-839
-231
-513
-869
368
-948
-462
990
-8
-40
482
382
278
1106
89
415
10
548
377
599
-770
-84
-79
-71
229
1060
1052
24
-382
-435
637
-43
-940
-228
255
1158
377
-1169
-50
-415
120
662
292
-1384
-607
893
113
-273
1102
-68
1068
-1126
-491
-1245
406
-480
618
-1078
344
246
-615
318
966
136
131
-432
982
1253
-149
1594
457
-722
635
411
-472
355
-66
-1064
-433
-768
312
-151
-159
1016
238
183
266
-330
-124
1262
-10
478
-808
771
-495
-1629
-199
-178
45
409
-1196
-800
439
-553
974
-226
-1073
139
807
-425
-336
247
43
41
453
-471
399
1384
595
-320
-977
-329
-438
735
563
-638
22
-554
537
459
819
-876
-339
231
428
251
-378
506
-591
-1099
-216
-47
122
-155
943
-394
-382
987
-257
257
221
-270
1279
1541
-858
492
550
-81
129
649
-446
-768
26
-925
-148
434
635
-857
172
511
-350
172
47
-600
96
-360
-1055
1118
140
-21
884
880
172
-185
233
237
-420
308
362
-902
79
-2
281
817
214
239
211
460
-868
-301
-50
101
-1137
313
191
-429
720
241
-1375
785
38
-208
-374
-584
-1287
193
225
-501
512
-54
169
-515
238
516
-40
299
153
460
1192
853
131
763
829
217
-104
182
-413
-390
-406
-519
-102
469
119
20
-892
-291
-585
-873
-788
96
-777
-572
-63
-1301
320
-80
1158
-203
574
839
-87
352
-582
79
826
312
-366
-702
-113
-32
-334
1010
959
861
-152
-104
-205
-190
490
-309
505
757
-775
466
817
330
585
-227
-1164
258
-523
302
406
-859
-161
318
585
-270
75
-827
293
985
-178
470
-64
905
366
-319
-677
527
-155
-238
746
-364
881
-282
-473
1064
-1380
-727
-802
-685
-382
-334
-60
-186
-796
105
346
-805
1559
-313
818
-712
199
72
-60
-409
-666
54
1013
65
457
1137
537
-172
920
735
695
-216
847
-264
1485
-795
-141
-95
-537
-473
432
-113
370
104
-512
-185
-89
241
947
356
473
284
-758
-1301
-172
-1063
456
-809
306
226
-424
-48
-1139
-384
-491
14
-517
-532
-937
-177
-1023
959
-753
-619
-975
443
1607
1562
-262
-760
134
107
302
-494
39
296
-231
-1076
981
-168
262
220
181
-689
-646
609
133
-131
205
-100
543
870
248
409
-537
124
163
-339
454
217
543
-575
-794
263
112
-324
87
28
-143
180
100
212
-285
169
566
-224
-168
-166
1151
-704
688
-193
348
251
411
425
950
-140
3
-552
696
-953
-1377
52
-252
605
930
340
-1152
492
138
49
95
7
399
-191
48
333
1
-1054
-322
860
644
-49
576
-444
-480
1
-1206
741
-655
-869
-316
810
965
-710
670
-347
570
-865
227
147
-538
-304
695
-459
-1151
334
-1822
-105
906
-94
1025
468
-912
607
-243
-602
850
517
-1622
288
-4
-467
-276
-328
76
248
-402
-409
693
90
-144
-580
-952
342
1328
-297
-665
974
1
526
520
-419
-120
706
1234
-244
344
101
-1032
232
514
-848
1288
931
-714
-272
110
-117
883
729
-2083
-52
-789
-16
-736
-283
-149
-987
-886
-99
-638
-23
519
990
-675
1365
-768
-140
641
-242
-129
-1495
789
-1142
-702
-44
-814
2
-886
757
422
-1203
-559
672
599
456
-1
-224
1655
-581
-233
-281
-31
-68
-103
-1342
-78
1071
-561
-827
-173
439
-260
-458
975
676
-700
437
-496
295
40
231
-123
-157
961
574
275
-668
-957
508
354
805
-359
1014
-584
-1022
-114
-169
410
-108
184
392
1512
633
223
-194
-460
263
-765
-281
-123
670
218
-697
-66
655
-1690
-269
450
1569
306
260
806
1032
-307
-957
235
425
-190
-1031
-820
833
231
401
-268
-204
278
612
1042
-630
1985
-650
170
744
-467
269
-226
339
90
838
5
-585
510
1006
559
288
77
858
-328
-1633
-41
153
377
-130
-256
541
736
-633
-1130
788
-338
-1043
927
-422
94
-251
-778
692
29
-470
595
139
-117
758
-399
203
429
-18
325
-680
-47
-75
1119
933
-851
-1386
-148
619
-988
-331
629
1035
690
-1003
909
-410
-1067
301
-244
449
-144
875
2075
596
-776
-628
-516
-902
256
-65
1153
-1196
-267
74
189
-470
-245
-105
-137
5
-7
-744
-5
-79
-329
460
433
-504
760
187
-352
344
-714
1718
83
-98
-911
667
205
1158
1067
912
200
-243
364
745
115
361
278
-210
440
1278
434
-1217
291
706
414
-387
-803
20
-161
-583
-349
1226
1559
673
-836
1285
-599
5
872
-130
498
186
-201
-378
687
-537
-751
206
764
1388
259
728
618
-206
1286
211
1212
-1750
-202
-1382
598
479
713
-693
245
-143
388
1088
181
79
-1065
-74
-822
148
-1
-443
517
-627
954
868
-640
156
-283
-434
546
-849
-863
270
-17
260
-240
332
-1168
-513
62
533
151
-205
-197
-236
881
650
368
85
-1426
428
1154
-882
-589
-928
246
-1909
366
-610
-577
539
-1081
687
762
-894
303
-118
-229
-14
-206
118
550
-720
-16
316
-279
-908
-842
471
-918
-280
395
653
67
99
176
-29
196
460
993
186
-732
-460
793
269
-1075
-728
751
-405
629
623
736
29
-162
184
-414
762
-66
-106
934
250
56
916
-429
-778
694
-485
142
324
192
287
139
-162
175
-78
-325
-1426
-761
-1060
553
-171
117
565
167
112
-371
261
-1076
-647
625
-647
681
666
-242
-255
-358
281
1506
-51
-105
42
59
-446
814
-600
1063
-226
-249
275
-1214
-267
696
-93
-349
832
-240
-837
75
1281
-208
-104
-572
-199
149
616
-177
-482
-226
248
0
-511
1083
184
200
-400
526
1316
-1182
-891
1561
-1166
142
297
-233
344
-765
995
278
724
-851
-1003
912
1093
-442
730
520
-883
288
-186
-304
61
192
-654
1031
-458
356
102
193
610
177
-84
-342
1207
59
-460
-753
-80
163
208
494
-274
-1101
564
771
137
-320
-655
-585
1350
-407
15
-233
-263
255
-962
-1546
98
-75
665
584
-1304
-408
-173
-519
-317
-545
905
616
-218
-413
-1078
663
-449
-735
756
103
-672
-253
-1042
-472
-111
969
-3
-616
350
249
-118
-48
752
-978
-520
-6
-169
424
-87
132
604
989
736
-331
-394
9
-870
60
-547
934
247
-438
227
269
-233
20
420
-458
100
1536
532
102
-80
469
-96
629
-814
-484
323
117
111
466
-818
-563
69
1084
20
-119
574
341
-1771
237
-337
716
-161
-1096
23
171
99
48
739
797
-467
861
-803
-457
269
213
360
-973
27
-453
-207
814
627
267
191
969
272
386
-131
532
176
948
293
483
-1349
-667
1023
383
-151
-464
-492
8
777
-133
-37
-153
78
-9
-105
-383
853
-326
291
10
675
672
139
-340
-181
-544
1819
287
169
-126
-531
6
742
1198
-512
1277
-191
-940
-988
220
158
-235
-91
61
375
-98
-139
482
68
-1721
-770
1031
-714
-41
121
1723
105
-616
128
-655
-342
751
-657
527
41
-107
609
-219
523
-1098
683
-167
489
-206
541
84
-107
1076
48
-287
-409
215
-1479
-791
66
251
473
27
-1028
-410
-833
934
113
-629
-139
362
-1164
-424
757
-1175
-1848
755
-633
-1140
603
930
954
-443
177
-1139
-56
489
-13
-229
-481
345
84
193
-96
47
566
142
-906
438
251
-546
423
1060
-585
755
-347
-372
-262
-406
156
333
-1539
443
182
105
261
-48
435
-596
245
415
-341
-50
1203
724
271
458
745
-1000
14
-795
-13
-187
437
362
272
-1161
943
-623
-152
-518
-530
1135
1697
-693
315
-766
310
-262
-691
-813
644
-989
204
-308
1092
1223
76
302
267
361
675
62
-512
-142
602
-1024
785
1092
1021
85
-15
1083
1373
799
-979
-355
-930
470
-277
-75
225
411
290
840
1172
1063
-674
-111
-207
-1190
1649
-955
-65
-408
332
-95
249
-490
209
-478
-280
-306
80
-229
-440
449
1187
630
317
242
54
202
-118
-808
-172
-792
-92
-724
-14
-482
594
1064
993
400
-818
763
-587
-959
-689
291
-317
222
-330
979
645
400
1251
-561
663
-506
-307
689
1183
6
-714
800
-982
-1858
-870
-385
629
-96
852
-595
-240
688
-643
-497
499
22
-170
0
907
61
-720
-1110
411
379
-1269
-721
-47
-457
286
-686
-435
-551
1578
-313
-51
-305
-115
65
-501
-227
-47
252
-1394
-776
283
739
341
-566
5
-1163
508
-223
-204
-402
-2069
562
-347
613
-546
-52
408
-39
-588
1240
-323
-98
16
-302
355
-177
-548
-660
43
877
945
-175
580
-1313
23
107
246
-18
884
-323
641
35
1003
201
-73
-935
16
-520
261
-857
9
290
-214
43
315
1002
-412
409
264
-110
26
-833
-363
-250
-244
-397
827
1681
-1077
402
-279
564
100
525
-101
734
31
-649
-158
113
348
-127
-203
-189
206
-406
448
249
422
47
-109
-988
386
11
1380
-938
653
-286
116
103
-327
-84
197
833
738
779
-92
-433
-1009
1133
41
58
634
-89
-1395
731
-323
-936
434
-446
-1410
589
-464
644
-474
346
-365
-528
-1081
446
-1792
-705
-1109
93
1573
-1256
502
-336
162
-629
1288
-289
-169
33
82
-9
83
864
-1026
-492
-717
-244
-82
855
-455
-402
680
989
-575
69
-663
-630
-222
36
954
-416
-338
-278
-1646
-800
58
504
-229
-285
-499
-454
-207
-100
-1005
18
-733
-436
336
27
363
-220
1119
1216
384
664
-85
-519
67
205
-24
-295
-380
1048
-676
1216
-807
254
56
-108
405
609
-620
288
563
359
-358
780
-699
234
-297
188
1119
-110
218
-253
-197
-313
1207
-53
-865
475
-136
-621
730
-884
62
-495
-243
63
-622
425
760
-961
-1052
-502
-241
338
-409
1047
422
-614
-618
-378
238
-435
-397
-288
131
-294
703
52
177
55
121
653
469
-262
500
143
-867
305
-262
427
-290
-166
-95
-165
-429
446
-90
530
546
-170
981
647
947
-513
-50
140
-34
358
-220
-796
366
500
242
151
-340
-537
-139
-350
-686
169
-488
188
-447
686
1125
-96
177
289
362
-600
-181
-196
-197
941
-427
658
-120
-719
-1119
-584
-1087
-427
321
106
-865
474
458
92
295
-198
274
-323
-714
944
-97
-214
-258
-689
86
-310
-574
-783
312
693
283
-476
-480
692
-1128
-330
1017
259
-196
-1993
227
301
-839
69
142
-206
-184
233
222
1367
-668
-991
-251
-508
-153
620
760
-532
1
608
-36
-58
-541
275
-197
-1083
-243
907
-472
1047
-176
-583
788
-1038
619
817
-1526
255
-263
1481
875
69
666
1713
-106
-470
477
57
-447
360
322
-1036
-349
-497
-290
-577
-692
368
536
-1074
114
1155
161
739
-25
-533
282
48
-313
2
1746
616
-189
-35
144
-136
230
1346
-567
-850
-1294
-169
-1134
1278
431
-56
260
695
41
-438
569
1009
444
-257
-1742
227
1609
-187
680
-131
607
-386
-250
-907
182
993
-779
-592
194
-696
-497
-504
28
-392
838
-8
946
-304
271
1206
-91
-1094
851
-95
80
-256
282
-279
47
68
-25
442
299
1045
-460
-180
3
-473
327
-618
-257
272
-563
859
87
74
661
611
-253
38
313
1253
578
-696
329
141
79
4
401
-555
-427
381
1023
-206
-1389
-188
221
-707
1039
-288
-505
-69
-524
-587
-526
239
-31
230
486
517
169
1494
-422
-222
-85
-7
-2
701
-484
-253
102
131
1255
-49
-65
155
294
-416
-296
-177
292
423
-1032
730
259
959
131
-1432
-279
1973
102
-175
612
-80
-931
161
954
-72
536
290
-224
-1208
-525
-823
-339
-156
-350
-154
-432
554
-440
284
-692
-233
255
-14
478
40
-36
189
673
-799
-899
945
320
-879
135
-674
1077
370
185
531
-410
-428
-1779
-624
816
-468
40
259
152
139
-445
-1581
198
-90
-597
1699
-772
473
22
-260
134
1491
931
343
-535
425
1286
1146
1250
499
-676
210
139
1125
958
845
-123
-481
945
128
-1162
-158
-1139
124
694
-226
600
2156
-31
442
-354
60
1147
585
648
1080
-316
-756
251
-625
480
73
-610
1033
-166
-21
-432
-367
-207
-211
325
-652
-689
-1011
771
-433
767
937
630
-13
-876
570
-395
136
377
310
-990
175
-1133
307
-468
-39
797
-288
-412
-862
-120
303
653
231
780
-658
500
-559
-390
704
-287
-404
1290
49
513
-631
-596
398
-451
-272
148
-307
844
526
323
2140
-2048
-5
-256
471
-56
1
-580
807
1398
1041
-6
593
498
203
-418
650
491
564
1220
1034
284
-424
479
529
914
1473
-45
1368
679
934
712
-998
254
499
-37
467
889
1008
-860
-17
-1181
689
-622
-427
197
1261
725
-41
-680
660
299
111
-1071
-365
-700
-291
-58
-349
-80
466
791
-899
-430
-959
361
1067
-490
274
-473
490
28
671
235
439
83
39
-782
857
604
388
-466
-38
-757
-422
288
102
-207
-79
-240
-463
-538
-377
-321
-470
987
115
1007
971
-750
-370
-305
325
-560
-54
37
-263
1185
-388
-177
732
305
-1845
179
-525
11
141
-704
358
334
688
-71
776
793
-140
170
570
-232
-709
255
-130
270
20
-722
-65
-548
162
518
-512
-8
-486
78
-1006
96
287
635
137
-597
-259
545
259
722
370
-128
-75
-57
28
-253
-163
860
718
-787
963
-1278
-27
116
-215
380
-677
-413
166
-503
215
-308
516
-590
-504
-385
908
161
493
1136
292
-495
-451
52
-448
157
121
398
1011
653
-479
-25
-1015
445
-268
-405
-305
-137
-452
68
110
-233
340
1147
262
-942
64
363
-522
-47
875
1440
-295
-550
943
236
-533
1142
-1166
-632
-36
-380
-40
759
528
-1418
-936
-1236
-726
320
-1311
-314
-380
85
-260
-782
1620
-173
-390
482
-590
-102
-282
-1064
-325
427
-515
534
-482
489
-699
352
485
-75
325
703
587
-215
-1054
-359
-299
-395
398
463
363
721
-172
383
-172
-563
-41
706
1560
-254
472
316
149
-215
909
-523
445
366
938
-241
-528
430
-103
-1538
883
361
56
226
-219
508
1068
-683
-541
-85
624
-239
-248
984
-1623
1708
1114
-247
183
-271
157
445
-510
854
-327
-251
-371
-1513
-364
-804
-23
531
-13
-573
326
473
-260
939
-38
1452
-305
-28
-31
-446
-1166
45
-427
-616
613
-494
-525
199
-1258
-436
-339
-51
-746
498
-584
-22
308
534
96
-964
-42
1094
286
479
-684
985
1210
194
-104
-641
677
264
1556
-393
1283
591
-668
71
1240
-967
186
654
-123
-1190
318
541
181
-256
38
307
401
323
345
-140
438
2067
688
-215
939
-487
-480
196
649
369
-397
0
929
446
-1225
-452
-197
651
-160
-902
-405
-186
-400
291
-389
779
-119
555
999
251
-1755
547
138
535
-902
-186
-485
-236
331
703
78
-24
-954
1116
-965
421
262
639
94
-604
812
-591
580
734
98
718
447
592
-48
506
1324
-577
-40
-593
187
341
-31
-79
263
-310
8
526
939
-789
1389
-732
32
842
333
362
-473
719
-470
-647
-546
178
617
573
53
-487
470
385
-675
-409
-408
128
-1158
1022
312
-368
794
-627
323
672
-819
70
357
-134
1164
373
1760
145
2
204
-193
-352
-305
319
930
743
-877
-845
-373
-1450
1128
-638
301
648
625
-197
-362
757
-276
39
1239
-65
-430
-681
173
-277
-1117
91
-360
377
-80
-59
-775
633
-103
694
-109
-22
242
-154
953
181
292
-36
-187
678
-1580
-234
-237
-519
-144
-1530
1189
-244
-271
-405
-1272
-389
2
-108
-439
-314
-679
-784
530
-15
-1314
596
320
-202
-387
-212
1134
-12
-857
-545
-396
-1073
340
763
-766
297
61
-75
132
-447
-356
575
-365
56
-512
-77
43
573
-803
-13
508
313
966
-176
632
476
-569
1037
1053
772
322
1088
244
242
1350
98
806
-386
-570
-101
1305
87
1001
584
221
170
-611
-1463
451
448
330
385
-469
440
-832
-954
1006
-216
60
-1127
-562
531
-715
359
300
612
-1115
-562
-716
-195
818
696
390
-331
490
-454
334
97
349
-557
33
965
-228
411
-247
380
-581
380
-935
1095
264
-1104
1105
-226
-1199
-1076
-738
1493
-99
-358
76
571
-822
311
-809
-571
664
-144
790
22
8
-241
-1325
-875
-482
-309
-686
-165
624
255
364
520
-443
-146
148
-1184
461
-100
16
-642
-90
321
-846
650
-476
-1551
212
88
103
-484
-321
1042
145
761
-148
-366
-834
774
290
-263
750
-1003
77
-333
-191
732
-1064
-719
-555
-303
428
-1060
116
25
-206
-323
477
104
586
-410
531
259
-628
-226
123
257
-774
35
298
-1173
692
1240
1103
44
-152
210
-100
147
-164
-1021
79
-1501
913
-565
45
443
1105
-158
-408
394
-1140
587
110
918
68
592
149
656
-37
-18
636
610
-150
865
-689
556
-118
172
932
-215
224
684
-470
-975
-509
-214
581
-997
-157
-936
-204
-174
-629
-543
641
29
-454
570
-974
-892
-398
513
838
-448
-3
-780
-225
470
356
-716
884
144
909
-160
-917
696
-606
-695
545
21
-529
401
145
-226
-168
-1214
138
-561
252
930
-57
-62
428
780
-935
-1345
-360
-97
269
-160
1395
1054
-533
-672
231
-16
-419
567
-941
149
-171
304
579
1036
-424
210
-168
-667
31
-511
447
842
-1650
-1561
-213
-169
1252
-795
949
-333
89
-665
465
1083
76
1262
592
244
675
220
55
582
-228
-833
416
310
371
-684
498
-379
13
744
254
-656
-146
-365
1072
292
-831
-782
-281
971
288
-900
-279
189
-716
1040
703
-75
-215
-628
-387
-812
-1029
454
296
-693
81
-1483
239
-1381
-1078
-566
-12
-260
83
-1170
-257
1147
212
-148
41
675
64
1152
-94
300
623
-579
744
-472
-479
-38
142
314
-36
-50
355
92
-611
-308
-477
1070
-24
1813
613
-1099
-257
352
1219
333
391
-133
-98
-214
-465
277
-873
-856
-324
529
480
599
16
-990
-786
35
225
-853
374
428
311
231
-310
5
309
125
248
-274
-427
-116
-327
120
144
245
-1601
622
-244
434
-169
257
-167
422
-179
848
107
578
1146
-1056
-581
-324
-433
105
891
-1037
199
649
672
793
374
-393
163
-242
-1148
73
1049
247
-276
-1262
410
126
-513
-817
-392
-852
-1560
42
528
38
-201
-1222
-162
-1032
-507
-270
-201
-929
114
-393
311
168
917
-269
-307
-184
1283
-842
-371
243
161
522
238
150
-1365
-103
16
313
-581
205
379
-156
34
-178
12
846
-941
-1011
-246
230
231
936
-204
413
771
144
-1276
34
646
311
-393
-458
-913
361
-853
633
-19
499
-608
-410
-118
1222
201
873
-478
613
156
-33
925
-606
461
-715
-503
232
-930
-765
311
-991
-339
596
-852
-684
-334
-316
-463
-381
-655
14
379
93
796
-37
-131
-76
76
1082
-573
745
-430
475
-236
-295
810
8
304
-93
-1099
405
-158
-651
924
-171
-98
-640
994
-609
107
925
-388
-492
-52
-183
-309
2
790
-176
890
453
-689
-376
513
85
-736
313
414
-584
287
-306
21
-232
0
-1626
277
-606
467
754
-890
-67
71
249
204
161
-612
218
201
940
32
71
102
1061
513
-139
-14
633
25
234
527
234
882
-826
-329
69
780
828
-166
675
1094
-794
433
-740
-860
192
-689
703
257
-141
-25
-77
-541
351
-1463
960
24
-271
148
-38
434
-374
319
-537
591
-820
-185
23
-370
-24
572
15
1941
-959
461
-36
-571
421
-1338
707
-130
-239
-785
-157
-84
943
-298
-1113
-507
-777
300
79
-413
501
314
512
-440
38
956
-833
316
-708
838
252
-33
-904
-608
-1377
-827
1349
314
268
-283
-141
-897
260
292
1061
76
-890
-369
-311
-255
111
765
-46
499
-584
-315
272
9
633
208
-693
-764
-1069
1040
-60
-1679
1272
-684
-489
-132
-95
-737
401
-392
-113
184
-659
-756
182
39
477
-441
-54
591
623
-83
120
-649
662
-667
477
591
-243
-448
205
-8
-42
888
251
-407
-1205
903
-74
62
-50
735
-340
-856
-414
910
319
-213
-405
408
-167
758
-252
-1018
-383
-73
-164
803
741
172
-176
-560
-903
510
-275
-712
200
1051
-532
11
-336
645
-492
711
-101
312
-859
-202
-720
254
-62
-399
735
-124
107
410
247
35
-314
1104
-1305
445
230
-349
-968
145
-231
233
-50
-265
756
137
-436
221
651
-1012
736
-869
-510
326
-302
87
-281
456
835
-841
438
101
23
827
-270
-177
-228
213
5
-486
-1438
516
-656
-6
886
-764
0
-714
-113
-909
-572
407
-705
-1096
12
-868
-424
-12
-98
-360
779
-197
-1460
1086
-713
1551
1074
-149
-668
-270
-295
107
-304
454
68
-174
241
414
-403
1157
-162
265
795
407
127
-817
-127
-441
575
-1019
-134
224
587
62
-669
240
88
284
913
-1074
-1029
-350
-308
-862
-1065
-521
1041
181
426
1278
-32
1165
-454
860
-374
-225
794
-285
-708
931
-1058
-59
-304
276
51
-1129
-264
129
-139
-178
-164
-1
-555
-263
-1063
-180
-786
-204
359
-319
768
-1679
-447
-463
-160
-226
619
-166
-106
-853
668
283
-193
-415
1084
345
-336
343
687
-739
138
-30
778
-16
78
931
-253
209
-430
-373
505
-422
213
673
-676
290
-520
-553
449
294
-871
369
454
-1186
-538
14
825
-478
60
-34
-22
269
-456
-566
23
-51
818
1194
104
197
990
663
-549
622
-25
447
-654
1509
400
-63
347
-573
156
844
-858
237
503
522
-126
454
410
-531
-140
452
1615
353
1712
70
186
190
713
161
785
-803
951
302
-616
-549
-178
786
595
1242
-1844
208
104
237
472
41
-568
-223
-904
194
527
436
101
225
-719
-1131
-55
-657
-806
125
359
-365
-69
242
24
277
195
395
-938
32
-9
199
-224
-844
-474
-1168
562
443
825
-1138
-305
956
-790
-7
-21
283
-49
803
176
-66
-117
-1807
1539
-260
-544
184
99
-290
656
198
-358
-1774
162
366
-515
-295
-634
836
-981
-507
202
-1021
-789
248
154
247
-462
854
507
-781
-709
-330
-211
231
-46
947
1287
-548
549
249
1291
-20
-963
436
49
-805
-204
129
-732
649
413
-149
60
-184
742
165
-606
275
325
-707
1354
976
501
-211
200
744
-822
-339
101
315
395
-100
243
-487
258
372
-1016
700
-1773
-132
-378
189
272
-227
628
-527
1043
633
-461
958
-168
334
948
621
166
-554
-883
-439
-907
-426
-930
746
744
-13
-816
916
-113
28
578
-744
-1279
-163
118
-482
-183
-184
-417
-506
294
356
806
-280
-605
-401
453
203
1191
134
287
1033
-340
128
444
329
860
771
435
-1082
-263
-969
615
481
35
-824
1255
-1136
-757
1322
178
-795
1527
199
416
-597
-909
621
1172
1057
-15
455
-301
275
1910
588
244
193
-3
580
-321
290
549
815
-323
191
-1739
-445
-245
1619
825
-359
-599
140
970
88
-258
844
1042
392
288
376
-538
-549
-43
-550
-36
-595
145
509
229
216
-200
315
297
879
368
518
236
1008
490
925
-1845
1349
-83
446
123
-44
-172
-71
-249
-482
187
492
583
-455
-942
-612
-156
469
-937
-404
-560
-803
-30
935
995
207
-66
-430
-64
-2
102
-30
-65
272
-451
-505
-423
-449
-1746
615
1001
274
744
-423
232
580
360
427
519
110
-549
-444
43
-191
-148
-120
253
-366
299
114
0
-149
-762
-1279
-1211
-106
-70
640
323
0
-1201
-622
-80
-142
-354
858
-1417
-332
-1448
508
87
821
-810
798
376
187
-202
941
-288
-573
-194
-399
532
-433
-530
-91
-223
1263
1396
-263
-450
593
313
-288
-8
-1270
255
-100
190
337
-1213
-142
-655
833
323
-21
-41
-626
-109
624
190
-149
1299
688
-31
-633
1021
881
-304
-131
153
-18
133
-693
-394
-450
34
646
-214
-80
-200
1026
152
-471
-47
540
-204
88
261
-1066
-414
-757
-717
104
601
-1079
158
-188
30
-692
328
-461
254
-120
578
373
-332
1487
832
-92
-336
217
477
708
-67
-229
976
-102
-18
-442
-75
567
390
1095
270
-310
-1318
328
930
-164
-13
-322
344
428
130
844
714
313
-299
295
-406
-234
34
-241
114
683
312
-351
-696
598
-482
-476
168
655
206
2056
-786
-2197
-1419
-12
181
837
-751
-616
-705
-696
154
764
-221
-583
-575
515
829
-39
-556
567
20
1002
-758
570
-828
-804
900
-1279
143
1566
-746
591
383
-363
220
483
643
655
1598
45
502
-493
437
-739
130
-435
-124
191
-951
-937
-515
-174
-1016
-362
5
-235
-273
-88
-855
-314
151
265
659
-64
-241
420
213
-325
372
99
31
-298
813
246
-112
-617
-233
-286
415
538
381
-362
-557
929
-137
606
-802
-419
600
767
-22
-216
7
-613
22
-372
-9
1067
-295
203
-508
524
1391
-541
412
-250
841
-396
466
795
317
958
-26
332
-544
-405
-1172
-1512
-24
-874
573
68
354
140
658
-134
-435
-349
151
-268
-986
331
-351
-1423
551
88
431
676
-261
-517
1635
92
-296
-10
-42
-974
399
-1186
130
50
542
243
-252
-738
-204
994
180
503
924
-658
-299
825
334
-577
461
-639
167
-399
-366
225
514
-830
401
20
817
227
-631
-204
170
280
436
-398
-323
588
-957
-1285
-74
-1735
-229
193
-93
-310
-289
-626
151
-636
364
-535
1399
-895
-27
667
-202
343
-407
-819
-739
-1029
-779
98
-94
469
136
-191
284
352
773
-1101
317
387
-127
-215
24
-346
-1564
-428
105
562
-74
-332
604
399
-595
-930
-229
159
476
-77
-343
208
-508
229
-549
643
-299
-70
-592
562
-240
-342
-70
-484
435
-839
209
97
-23
-1041
-976
41
-644
-739
263
-543
2
-37
-735
1538
-829
-594
279
349
-682
-651
213
217
-355
698
-171
999
-332
355
-713
-107
-80
158
-25
1419
-865
1486
781
761
-561
-64
179
-126
-251
-26
-942
-538
746
-628
434
-344
991
-235
-354
-754
-1063
-197
842
504
-175
-294
23
1186
838
-812
-872
417
-540
72
78
1502
472
1440
-1320
512
-809
-623
-598
-573
808
403
1016
-25
-449
-470
-153
-91
-176
-472
-99
393
-698
291
-100
-389
1139
65
-475
87
359
509
-270
-141
-1208
-82
305
362
-280
-209
-672
-223
-72
1175
257
-500
-877
437
-344
41
-145
-166
276
255
55
1099
538
-414
597
140
355
-191
185
-1148
506
56
-450
-447
63
-1025
986
570
98
725
-206
-26
381
87
507
167
-5
-52
729
-617
490
589
169
-458
320
-504
-280
-361
437
-678
343
-1546
765
662
20
-198
130
736
43
195
-514
194
-781
54
-976
-577
-946
-615
-961
737
1018
-69
-546
-246
-166
-502
-4
-383
270
-661
174
824
334
20
-162
-1296
1402
-165
577
-1139
-1064
548
-171
291
-105
-129
81
464
795
-23
820
-92
-282
-28
-231
652
12
469
-394
1136
98
-42
520
852
200
712
867
157
243
-147
-306
-572
-44
143
953
816
141
-408
1231
-1198
-539
84
-404
139
1266
-371
-491
-194
-314
-491
444
126
-189
153
262
554
575
-1083
-212
-572
765
-204
311
982
47
771
-363
123
-141
-604
-21
-662
190
696
1369
-966
21
121
147
837
-47
-289
-368
71
680
283
-245
-601
-708
-588
471
15
44
-211
574
286
180
202
-145
-108
-179
-287
896
-286
101
1263
138
587
372
-210
-351
-1039
-15
141
506
-636
-1
471
-33
1541
1069
476
470
-38
967
-129
-988
-51
605
-496
-1092
-113
-656
-344
-587
382
-180
-1311
-450
-148
261
299
-372
703
-390
543
790
316
794
897
-658
1003
265
-815
17
-352
925
-639
-368
-578
217
-269
-394
786
-31
-394
584
-568
-580
179
561
-209
-516
-1430
776
-153
-197
127
730
-1007
-213
57
-386
-90
-489
-724
390
-475
-205
-900
-23
220
-36
495
-59
-184
-1191
13
-799
350
-715
177
57
571
-54
-462
178
-550
-686
790
-427
-33
-573
143
-804
-289
81
212
-982
-60
167
379
-696
-79
-231
-422
-79
58
584
99
-246
94
-833
428
294
513
-646
258
777
-485
7
247
-86
-141
842
1052
198
-757
-138
307
432
589
655
-459
-1509
-468
-174
990
-341
-696
-430
937
-24
-875
192
-942
-771
1032
263
449
-464
442
-376
-231
984
1073
-431
599
-57
818
139
626
114
496
374
-137
-645
637
582
-31
128
-136
-236
-542
666
-330
845
-394
-563
190
553
-576
-482
687
513
457
13
87
231
-191
160
-611
116
-765
-464
-1012
474
-582
-313
38
-306
1173
1233
85
949
129
283
-886
-682
6
-295
-144
-225
-698
926
455
-654
340
-1185
-429
-109
-1108
691
-1130
-554
396
237
150
561
891
-631
-547
-242
194
-306
-740
804
524
-158
-1190
-855
559
1883
132
373
8
-425
-232
-1194
818
-723
326
325
905
-125
-271
134
-808
592
79
38
161
-825
604
-228
-270
729
1517
-337
-665
616
286
-63
-342
-838
-465
-76
-119
-348
1472
279
-511
332
-739
-1022
1245
800
-277
753
-704
-468
-749
504
-735
-1461
466
-1553
-472
-674
-674
-222
-1447
31
1094
-177
-1276
-181
247
307
-84
275
-95
884
-283
-156
383
-268
-166
-50
175
791
910
-34
1813
-80
-1206
-316
-741
1080
331
927
-489
-106
431
-118
-211
707
100
445
838
344
-613
107
1496
1117
916
-1314
113
-735
40
861
-1060
566
177
-561
384
-340
1152
-607
1032
-261
351
571
233
80
338
-673
243
-331
-329
1175
907
953
-145
-330
-26
213
772
-251
-120
-583
-961
-223
786
-345
-984
404
640
-497
291
461
113
-193
74
39
156
-773
-168
-201
-62
-628
58
572
-1140
-592
211
631
702
-40
234
-849
-954
168
-512
-419
311
-288
752
1080
607
-100
-48
608
-1095
-318
-157
539
-733
-267
-681
-454
332
45
523
403
-74
983
338
-96
1357
-702
22
-73
-650
-1023
-1414
-64
-287
761
589
-769
-507
205
180
129
-572
-645
583
-1050
-464
182
-219
-1169
671
-293
-1148
-726
642
-312
-351
807
286
-48
52
53
82
-573
835
-99
-263
-606
-410
1051
-449
-43
-24
71
641
-1182
262
-370
-705
-69
-934
-263
161
-869
15
-178
140
301
249
-528
-444
-138
-932
-810
446
706
421
-853
18
295
-245
564
71
-1030
-990
301
279
-505
-1282
-477
294
1426
-638
-1240
-119
17
-694
-653
126
188
1227
-761
811
-274
785
-583
145
486
330
126
276
-1045
138
-115
32
183
-505
-239
590
-210
541
-78
-130
-339
-1490
105
347
598
729
377
-394
-1003
-1370
-1456
830
104
1152
-35
428
-1589
-1324
201
249
-1194
-53
-286
-42
-117
-533
234
-327
1021
-233
860
-769
-654
-263
894
751
-425
-419
257
985
-812
57
59
253
-203
37
-803
199
-92
3
-546
528
264
-84
604
-490
224
976
-414
468
-3
597
-388
-212
287
-215
-242
414
82
1033
-573
-1563
-428
1160
714
-448
690
371
-304
-511
1048
-94
325
-814
486
-113
-800
1284
244
-871
-594
-930
366
-1469
-662
481
-236
-1161
-238
352
-257
-78
159
-462
502
423
-1249
861
1986
914
-46
545
435
914
-272
-875
-612
-280
-357
554
-94
14
341
-89
40
-340
-991
982
-520
-755
187
300
9
142
96
-371
-875
322
-533
-382
44
-170
488
-1028
-958
-565
-135
-86
249
184
400
184
116
495
-1384
654
-846
67
-189
-523
655
33
-160
-325
-618
-93
617
699
202
123
1338
150
-412
-401
-472
-183
981
-766
582
1145
758
413
-344
-934
233
-1
703
-218
161
394
587
791
-93
300
-786
-871
-501
326
1447
-617
5
-238
153
719
133
-384
-1240
160
545
190
352
-931
-197
-422
-490
-77
285
-1372
24
-616
-637
547
247
-562
331
-189
328
1350
252
793
37
1695
277
389
355
295
-947
913
640
120
-480
-820
-1177
533
128
-274
586
425
649
-826
180
850
736
166
-499
-52
-763
-577
499
267
828
281
379
1074
-901
-354
766
562
610
438
-51
-5
810
300
-939
569
204
-161
-81
906
519
-766
521
-1030
366
-473
1017
137
365
1126
-132
-273
-215
-436
-50
-39
-173
-202
-232
505
839
-703
292
394
689
-98
-137
-303
210
134
506
417
826
509
-369
902
191
-422
733
1191
-353
721
-575
387
222
-1421
1545
724
-400
-856
-649
467
353
-238
-491
-203
144
-599
262
-754
120
843
274
-564
636
938
-1062
-602
205
-822
316
-1775
503
282
-359
490
-374
-198
-73
-75
1177
-1169
-188
86
-32
492
991
544
1004
-505
-198
282
-347
-469
604
221
1012
181
450
204
-173
-117
374
-571
-999
-191
-216
569
1451
-11
83
-730
-51
131
137
-682
-378
41
896
1125
-271
-554
-1055
-488
301
-552
-17
-306
973
-140
-43
637
8
-750
795
-962
-716
504
-20
-200
955
224
819
-547
1248
347
-789
-318
970
-42
962
352
-600
-1363
470
-135
-471
-667
928
-802
920
-1192
484
842
-73
680
-251
-181
83
347
407
367
-431
10
508
7
-6
-976
742
1849
-490
168
308
-409
309
-136
357
620
139
429
553
1334
-1257
-309
-243
671
-240
-345
-282
-945
643
-117
-1140
-668
-1639
-214
-144
-257
-344
-547
194
-97
-142
-400
34
574
-660
-375
347
-19
871
-536
-1199
628
161
-118
-229
348
198
-1121
-257
540
-317
51
211
-554
490
-285
-212
202
1
-874
740
-100
210
-61
643
-824
-186
745
-530
-198
-929
-104
77
105
-956
-39
1265
592
-10
975
1
206
402
-335
1027
45
-646
-67
883
-44
-1014
756
-300
-441
242
-427
-899
704
192
-128
-885
-1168
471
-282
-784
91
-614
-459
356
865
27
-1210
828
156
650
-1124
296
36
1131
-251
-568
-172
1076
-302
-197
-252
-468
-335
-959
125
-323
-1079
-113
-566
50
998
-551
-154
-317
453
567
827
773
77
151
-40
-1246
500
181
472
187
607
383
552
151
-287
-393
1123
425
-157
32
-522
1802
-81
-904
-599
-1218
515
212
-116
300
66
1259
-870
207
-538
-145
-592
-681
645
523
-761
-365
15
122
-354
224
668
465
432
-485
670
441
280
-433
351
-1340
-525
223
-428
-176
-57
-155
-1604
-545
-631
777
717
-814
-737
-356
42
-1541
-1051
221
-853
-304
-164
-161
-887
190
349
769
163
-393
-553
101
142
-804
232
-405
1579
251
-348
-398
-421
664
449
-214
898
508
-82
148
507
746
1413
837
18
365
-365
-1030
-616
1507
778
-548
47
-865
-980
-288
-296
463
-772
415
529
-268
-653
-500
-729
-1069
1105
464
-487
-1444
-682
-129
1054
-154
-513
709
145
-449
-382
442
-627
-192
1028
395
-302
1214
1025
-520
-519
-527
194
-850
926
599
-781
-19
749
-633
327
256
-978
31
400
-113
-128
-1485
-1714
-57
-1597
68
-699
411
506
1616
301
731
-12
548
1440
105
-404
518
89
-269
40
111
-617
259
15
-155
959
-555
234
-221
-320
-46
-338
636
329
-1161
-1073
-141
801
246
-282
-602
204
862
187
-208
-314
-1108
133
-747
-31
-28
669
187
-733
194
-384
361
204
-1432
340
-1255
254
75
-451
948
-143
-328
826
1130
620
179
-113
-877
-334
46
798
865
71
461
-574
716
-1097
-1274
-792
175
279
-68
138
-154
177
-155
324
-405
30
-817
-693
-489
229
-29
-227
-561
182
937
993
543
-528
-56
1015
-872
1203
426
863
-96
881
-134
-593
259
-398
-796
-243
79
692
-321
-560
-244
-252
687
-260
-531
208
304
923
-273
140
-164
31
-17
195
-594
-99
293
-1017
-259
-1021
160
802
-72
-242
-26
499
539
47
-435
304
633
230
-780
-1321
774
-50
-445
-543
762
-9
392
544
14
540
-769
-157
-1135
202
1572
-559
-384
-1125
-121
-111
-871
529
49
-210
358
-520
360
1053
-26
-383
-366
-514
1180
-124
-451
-890
715
-74
903
-19
-1138
-542
268
-664
1120
-1475
-779
-420
687
359
-902
456
348
-162
377
-395
-675
-626
-452
1091
215
61
-551
-207
-1060
255
614
-109
954
-133
455
-345
-881
815
-426
127
-528
888
-604
-750
13
-691
238
977
895
-578
-244
93
563
-179
-416
38
774
322
-221
517
-208
579
723
-977
-1030
-1388
-315
20
-870
1090
-554
-395
-1175
-1159
-192
874
-428
-435
-354
376
-946
-582
131
-392
-778
281
474
230
135
-401
255
-9
18
611
707
-420
764
-1069
-184
-658
224
-163
-159
215
-377
698
-173
-636
-491
128
391
-708
-1025
843
480
-408
970
564
124
5
141
-865
-706
-380
-1058
102
-338
-487
346
535
-895
-74
71
-578
11
-142
49
617
811
45
442
-427
-135
449
269
347
-259
506
488
-1002
83
813
-1102
362
-12
-1081
-71
584
283
-674
270
-29
-266
827
-389
-731
-1210
76
-730
614
-338
-553
976
507
-209
-53
-298
1168
480
-1495
1527
-93
-500
221
543
874
19
445
138
308
71
-490
-490
-144
-923
-355
1118
17
388
626
-409
-156
-1192
-865
-171
658
-53
544
-56
-1027
-851
196
33
16
1000
83
-615
216
451
-232
51
845
-1136
968
-284
194
272
316
-367
-60
751
152
-1329
-1600
424
567
129
956
-566
662
666
8
-1119
-23
-214
-579
-434
332
-15
-233
114
-453
745
-26
280
309
-632
-1007
308
-1413
176
4
778
246
119
555
550
-164
1099
1067
-580
-681
762
254
483
-159
-1473
671
6
-34
438
1125
1452
-29
-292
-706
1000
312
83
-206
949
251
-645
276
439
541
654
-1608
1264
4
-99
-207
-119
-39
455
75
-472
458
738
-344
37
-996
-637
-379
595
350
266
58
1139
-1354
45
447
316
-578
-395
-313
-1459
-1334
110
-75
-275
312
1492
412
-1038
50
124
-18
-831
273
-64
152
-172
144
184
-241
-180
-1258
-138
-34
1102
910
249
-867
-42
893
-1004
583
-161
-23
-161
-788
-198
908
542
357
-1516
-957
769
-192
754
213
102
-239
-1104
-52
-774
-1037
-523
-369
371
-375
-568
-220
162
-39
-906
517
60
2
-1026
408
1088
262
32
111
583
28
1432
-240
1057
-1409
-1070
-190
-37
589
-453
-922
333
-375
1173
-340
-522
1258
-526
-363
5
298
-412
708
20
-848
-110
183
-169
614
1014
781
-392
537
-383
60
637
-903
868
717
544
-829
-55
1392
-272
-1015
1138
-139
-381
-119
-250
-728
624
-297
-898
-2376
-653
-862
-17
-122
-496
740
-195
-313
212
-3
-1267
684
-344
-40
332
826
-522
378
604
-1092
-439
266
1054
-985
-232
-502
-213
-863
1539
136
57
175
-412
-949
-142
351
455
94
-359
-126
-483
-521
56
-304
533
-624
-1126
416
866
-809
-296
-554
755
-513
1059
-1080
-828
412
-345
-124
220
-927
506
701
-241
260
158
-116
-732
186
-423
419
-381
-596
743
-371
-813
-499
692
-455
723
492
348
-1081
12
-339
554
-340
-754
-755
-148
-664
-522
-488
-403
-705
296
-499
101
418
-150
259
401
1166
31
-212
473
424
1601
817
-1580
516
347
711
259
-1460
69
205
-545
-585
472
464
785
-111
-560
-997
524
1005
405
-493
701
34
-364
531
1333
-1092
-165
834
-730
-15
-938
-338
583
789
-76
-829
-178
264
-229
1194
123
707
456
-530
801
442
-1235
-267
-1507
382
-436
252
-150
1688
-191
-670
275
-455
-833
-105
180
490
-3
328
356
-550
-402
221
111
345
-234
-87
-176
1621
210
76
313
304
348
295
191
263
161
179
-1172
-1076
697
409
-1131
259
835
-569
145
195
1359
453
-31
188
-172
64
-311
-349
-1216
-1125
769
96
-266
1090
-250
971
240
-439
536
-297
-314
-85
-460
611
-944
-125
-161
380
111
-1211
537
-1536
-63
-745
-725
-248
-301
266
120
-514
629
1153
-43
-69
-64
454
-56
-563
964
-646
-1466
929
-834
1566
-48
-266
-904
-1115
922
414
508
-1004
227
189
528
-703
222
-165
1310
443
215
526
-356
-439
-282
730
-551
575
-988
-1248
1037
895
-693
-101
295
705
-423
-21
-354
-422
-492
265
-897
-317
486
-93
-325
-523
-20
420
-264
474
615
126
570
-850
-407
306
-371
-783
-16
1274
-240
1192
-920
997
82
-525
-928
-187
20
221
-118
1257
-654
-368
-429
-989
412
552
436
-603
-835
-232
-241
-521
258
343
267
-147
1198
214
-480
-511
615
-615
-1173
432
-150
591
-484
-338
-139
-622
181
-1098
860
209
-288
315
472
-926
963
-862
-30
-848
1059
-409
250
674
-970
-208
222
26
-1381
537
143
-854
-653
-435
154
-1072
223
-881
490
157
-318
973
2100
1046
-1542
-887
760
216
76
-451
-163
-361
-553
109
512
-585
437
-246
438
261
441
-496
-120
-557
-420
-1271
-21
-338
218
552
-772
-314
133
-8
-142
-289
967
93
703
-202
-140
-1109
-90
-1246
558
-1321
-1034
927
567
-1050
-80
-605
-492
-83
-599
661
-812
79
-478
-180
-691
1110
421
514
-142
-905
132
195
-204
126
220
-216
1376
442
-774
440
-283
372
-57
-1529
-236
-167
-580
-42
50
-1154
1007
1330
219
-96
-140
-1296
-839
-415
484
1606
-624
556
-1166
375
895
-193
-407
-362
-475
10
439
657
-411
-521
602
-512
-754
-101
333
135
157
670
-281
145
-534
-956
594
-821
-90
1409
371
691
739
953
-5
238
1198
234
-272
-834
20
-625
1050
306
-1025
-657
-132
-147
-85
-552
-436
-351
-171
-937
-950
434
338
83
-503
-483
-1606
-267
-44
730
-67
-1000
265
-458
505
415
657
2138
574
-382
737
1472
-345
196
-719
-92
139
-265
48
1081
199
-461
-484
231
-502
491
819
-285
-182
-105
-1249
-37
61
-332
651
-504
-395
708
134
1396
-871
-565
953
1299
-496
-227
126
-985
528
547
-1015
-800
-593
-1490
12
-112
132
229
-10
424
-69
231
-359
136
297
-907
-531
-106
-813
247
411
-433
370
546
-653
-726
-200
-218
-111
41
-675
349
1
7
-493
-572
728
943
-72
408
512
-249
570
-958
492
731
1770
305
166
378
-1421
-86
-342
-803
833
131
205
-523
-630
-760
518
-561
971
-516
663
490
213
450
585
-1070
-224
-167
-638
-908
-363
353
395
446
-455
-577
452
-626
1210
-461
340
-500
545
-184
-678
-297
241
-495
-191
-937
205
-541
314
-368
1421
71
52
77
-510
-348
-462
475
-631
211
-350
-950
1266
181
-544
-171
211
779
710
587
-800
-85
-152
-335
376
-251
879
674
-305
1141
894
124
-599
-340
730
-269
-490
-634
-753
-438
709
-11
-1385
-201
-249
-438
-561
-799
-466
405
-105
-112
-496
-418
101
-159
-938
-617
-827
786
-245
-9
127
1012
3
315
-658
-607
-25
171
16
-951
-636
-144
68
-650
1289
-361
493
-116
741
476
648
-60
564
-263
1196
114
841
503
-639
1438
331
-1319
-484
-549
385
-121
-105
107
-638
340
-547
511
84
-31
722
267
-245
1476
-647
-112
1676
-527
419
-931
578
-989
90
1108
660
-15
-11
91
705
-404
-201
571
-666
52
-439
704
-671
-140
739
2
-158
92
-784
-919
-28
-583
430
106
-81
-1513
371
-174
-123
104
875
216
352
327
-168
-680
259
348
494
625
138
-112
-763
152
705
-388
-256
110
843
-1743
160
1047
-345
1172
-471
-884
1140
-87
-356
-140
-407
-439
59
-89
649
-194
-81
-1327
249
-295
267
-719
230
-151
-699
-698
926
-90
74
-33
151
-383
399
-412
617
-987
-181
-183
227
-1263
-454
692
-30
305
-455
-719
799
-858
-425
1441
663
57
319
-793
440
-380
225
446
144
493
307
-438
99
-421
365
269
733
706
767
760
952
-317
-118
-761
-398
409
-221
76
250
692
-198
1313
780
527
-479
-1085
-1178
-478
307
-1234
-14
-121
1092
207
410
203
294
144
493
-100
-1117
-452
489
-1212
-904
-138
-1514
-574
652
-6
-394
-726
116
-12
138
-237
-1415
-129
488
299
1456
388
383
456
2338
-1476
1154
1089
143
-4
73
143
92
350
42
512
990
41
-322
950
-499
-12
557
933
267
1175
-744
-797
833
-630
-826
1165
-381
56
356
503
-559
247
279
-2
-352
-620
-547
28
1828
711
706
-269
399
-967
154
-36
272
-868
508
-473
-720
-653
-544
-124
658
640
411
252
-137
-1027
248
-146
-215
659
17
516
1032
-1104
290
280
689
70
-324
289
1238
-794
-582
-884
142
350
-1354
-470
31
-269
-200
-417
-297
-577
-316
-93
-29
-890
-1294
-76
-775
-719
-117
-485
-543
-212
73
809
36
273
-59
-278
144
-157
125
-568
475
29
100
638
-385
301
72
-298
1365
238
455
-111
-153
-1319
280
1116
-1814
621
-1141
-283
-545
1080
-1053
-163
27
625
-569
379
-135
-188
209
206
-329
-1510
-96
-225
71
-137
641
321
-36
-432
164
-437
-327
-217
-1101
-1378
86
180
-863
153
448
1239
-886
-399
498
-231
-425
690
-1253
399
-495
-51
-338
1359
444
783
-245
-440
215
345
-951
57
-805
-619
-213
-532
-481
881
-527
1011
10
1129
157
71
-627
-318
-364
201
-563
-1429
-532
-480
-407
-1
611
-112
-155
-1171
85
-674
603
-318
-511
-234
-858
-1191
1770
-206
1314
-720
-1092
-175
683
1202
286
-115
392
-219
-791
493
451
699
-356
321
263
-458
452
433
-721
95
-1193
1334
1168
-773
-461
738
-664
-779
-424
-375
-616
19
567
-598
-674
792
445
25
113
269
-555
-2028
552
-721
-6
406
437
308
1024
562
125
532
174
1324
187
-167
351
1358
163
-25
-653
542
-1170
-178
736
-54
-658
298
816
-63
290
418
-129
577
-926
-657
-198
-818
0
100
-503
-1078
356
-167
511
-602
405
133
-84
-46
-48
408
-238
-870
-172
347
639
-1276
-1067
-114
393
827
92
-49
417
415
131
1215
571
-37
380
-666
298
543
740
-275
922
439
-392
-297
-132
682
-347
-499
405
-576
-839
569
-160
134
-20
88
-124
17
-310
207
25
-294
-802
249
-464
318
-630
-835
-166
331
2
-164
-1000
217
392
-305
132
-256
592
-947
-213
183
764
636
-652
-1136
-544
-1105
-265
605
447
592
-493
-742
-165
1266
310
260
-91
-364
205
-585
120
506
1098
1128
81
-1004
31
1205
929
-427
-47
1244
496
141
-816
-355
-109
113
-1305
-157
-372
155
795
3
969
-443
954
-121
-331
-1024
629
-269
463
1163
-717
-67
-100
1178
396
-426
-198
-228
180
1536
302
41
18
580
397
-571
546
-814
204
-311
-915
-761
-579
-740
739
883
-338
-196
-243
404
355
273
-443
1591
-839
1126
461
696
-863
250
295
-322
133
30
-1887
-544
44
-5
-651
31
-175
787
69
-1017
-600
-273
-558
-334
-189
-190
-571
-51
125
3050
-348
1147
-616
-574
1028
-284
722
-612
-582
-667
-143
-40
-420
875
554
339
699
-90
1124
432
-724
828
-136
379
636
-132
-254
1159
-1114
-346
729
-388
-97
-1042
861
-450
199
-56
-1180
-106
-483
-111
476
728
-254
-75
1084
-448
-551
606
-458
811
-43
-305
546
-254
189
103
-70
-1372
410
631
-625
-533
-123
481
-252
-208
781
-432
-471
402
-494
582
117
84
338
-598
1088
-805
-1107
-206
-905
1045
547
840
1221
569
96
-627
-570
-405
749
485
-1174
99
-1234
-436
-776
-186
-274
-1087
262
945
1230
671
-59
-115
-189
-1367
256
-624
659
-71
181
-326
-444
-424
4
1249
107
261
-96
228
146
-340
-577
1078
484
501
-1414
-1009
723
15
-677
-350
111
-847
-588
-798
552
-1063
979
283
-298
491
406
-493
160
434
14
-171
754
-733
-368
-376
517
31
-118
385
-442
51
520
-812
-521
-615
373
-1139
542
-217
116
-308
251
896
401
-7
-187
117
-491
-310
-134
159
427
-658
1271
-438
-201
395
876
179
320
-464
185
-1
835
-109
524
617
-55
312
0
393
-522
-16
-299
199
742
-621
-416
1388
921
-295
-419
560
-212
1856
73
1084
-541
648
804
-1195
-742
-807
657
2438
223
501
335
281
911
650
357
-375
909
-179
71
57
-191
-694
-33
-664
114
809
417
-129
-1332
-952
151
-180
914
-168
-135
-146
866
483
-40
21
-769
-780
334
936
26
-30
-215
-420
44
289
402
625
1075
-91
-113
380
50
329
52
675
607
112
-247
769
388
-298
1082
-873
-846
-375
-256
-391
-24
-99
356
622
-911
-23
286
-1
-399
-172
690
-122
-810
-190
1390
129
59
895
-694
-1325
368
991
-999
-655
-313
-72
-688
-883
-493
-10
433
-75
300
1019
1030
-16
-221
561
-133
-613
1353
591
-565
-231
-208
820
122
-399
-368
850
892
-75
-461
-674
907
261
-705
882
1037
780
634
613
-113
-265
-875
106
1203
-433
514
589
-968
-344
-502
232
706
-349
-278
682
-6
-470
606
-304
496
-54
276
49
-66
22
-403
765
-941
426
-184
-1287
-43
-145
-342
-305
-634
551
446
-435
662
454
-412
441
-85
440
-171
-196
-623
442
-370
745
-1137
387
272
-2
-143
1004
-219
221
-240
492
-234
-91
496
-1087
-135
-20
251
437
-338
-57
-183
1243
-381
-122
199
132
689
345
869
190
-1156
763
-125
-496
-378
59
1385
-1545
-116
638
-779
453
-832
-206
-472
-708
-317
952
81
290
-431
424
-1440
69
-65
329
54
438
-1315
-227
-784
51
873
-1905
-242
643
-381
586
-331
-39
898
632
-681
-188
832
-683
421
540
-751
454
-885
-238
-1112
-1161
46
303
502
-279
75
669
-207
-34
825
1216
-940
1141
-497
-1003
-1417
-450
79
886
285
-1349
742
-900
-1048
208
1
580
-574
159
-30
-1121
493
-462
-53
1109
-493
316
-397
17
590
-1146
-191
-948
-893
-839
-25
41
-143
1045
98
-1217
618
-557
318
425
582
511
1157
-626
581
-423
-1035
54
-215
-594
-502
328
-577
-595
1021
-779
69
1248
168
-684
-952
369
855
-316
-124
154
36
882
575
-801
878
448
1047
180
443
28
-1184
1080
-74
508
-270
-420
407
-761
127
-780
129
57
60
-208
-33
-435
-241
664
982
-900
611
980
95
470
-614
-131
685
246
-20
123
-457
274
672
-301
-1056
899
-778
76
-255
277
68
240
905
-398
754
-1221
315
-894
444
-677
-1098
-693
693
-277
-140
753
146
38
31
-598
686
-605
992
110
-146
558
1048
1843
-307
-783
449
-259
-493
-645
1428
223
343
390
66
24
684
552
-243
1649
337
54
1303
-1027
312
655
72
241
33
-949
220
-831
694
-743
525
361
774
-1411
-229
-94
202
-109
-637
816
156
-508
-735
368
608
321
-768
706
346
-335
667
145
-401
280
-681
-243
-137
-352
161
-436
380
235
145
56
1182
-332
972
-671
76
-1327
591
-1530
-9
430
1004
266
7
-1086
140
-110
-448
-723
-697
-851
-476
-223
602
-531
-744
436
-241
718
1320
-517
-144
826
-236
-316
129
754
408
-82
238
-18
747
-623
-387
-493
4
225
204
-330
-130
813
446
964
-552
285
764
390
-1295
514
-188
-506
1183
-290
-379
-283
992
-667
-47
586
412
-837
587
1223
-132
-1591
191
-861
389
-1033
970
-252
167
225
904
919
-169
741
334
407
635
209
926
-610
52
791
441
-19
-352
-359
719
-496
-374
327
64
91
-739
-613
416
529
-217
1093
63
-577
668
-643
148
18
666
188
-1196
133
107
20
383
-885
591
-588
-1115
1435
-374
-777
-2165
526
399
-310
237
-179
97
-473
-880
-354
-506
-1025
-573
202
-680
-160
1495
74
1256
272
874
-42
301
-65
1480
432
-884
-377
465
-697
-667
-421
-211
-179
81
-96
-157
1080
-581
-419
52
-1110
-560
-297
895
146
-592
-544
83
-386
-223
-485
-717
97
-790
1094
-644
-255
-319
-1330
106
-640
-711
486
326
736
-957
-259
1138
-70
137
1092
-737
-1232
224
-198
-198
-78
316
-208
-262
656
64
184
847
209
76
-855
859
-270
180
446
1470
712
150
232
-18
-6
-883
800
-80
613
221
-313
-606
-711
418
90
-534
859
385
-811
-456
367
-1621
1286
133
-682
239
-202
-514
-303
584
-792
-241
70
-14
-78
173
-928
-125
-623
-67
7
-936
-665
-316
-381
301
-366
-1135
486
-231
21
-4
-223
-78
1150
-608
1281
45
-1451
347
-435
692
76
74
-765
-568
-370
-335
-288
1292
1153
26
701
289
43
-16
-1214
-206
-282
28
1022
-142
834
-33
804
1209
192
-58
207
-1047
829
536
638
-1416
674
-183
-400
462
139
-426
188
305
431
-168
1127
1269
-1103
452
256
460
347
-233
-592
104
193
979
294
4
-512
-97
56
537
-40
1092
-146
-419
-233
167
-718
-462
-17
-549
326
437
-1085
-181
-645
76
637
505
-446
-276
-586
177
-517
910
222
556
-645
-154
-63
811
-91
355
379
-776
302
-684
90
-532
-256
111
673
-597
-778
883
48
566
496
-30
426
-708
58
1612
-443
1318
319
-1350
131
866
264
18
548
288
529
-532
-828
373
820
-387
-223
400
-1177
431
-228
-524
104
-193
138
-457
-9
132
753
-242
-403
-603
-247
214
223
302
-806
-460
1020
101
1126
1035
192
758
-857
-235
439
786
389
1190
149
529
141
-1018
-10
356
-708
-876
-116
-1028
225
1094
130
249
-962
310
511
726
265
-255
356
-209
-835
228
582
-923
800
-343
5
-546
242
-812
504
