25 60 676
0 5
0 11
0 14
0 23
0 24
1 10
2 4
3 1
3 13
4 5
4 7
4 16
4 18
5 9
5 24
6 7
8 9
8 13
9 3
9 17
10 7
11 9
11 24
12 2
12 11
12 21
12 23
13 6
13 7
13 13
13 21
14 1
15 3
15 23
16 1
16 15
16 20
17 23
18 14
18 20
18 24
19 11
19 13
19 17
19 19
20 4
20 6
20 17
20 19
21 10
21 18
21 20
22 4
22 10
22 18
23 0
23 5
24 6
24 11
24 17
24
7
33
37
13
43
0
4
42
39
17
56
41
58
22
30
44
5
6
59
29
2
10
40
8
53
49
34
57
21
35
55
23
46
38
47
50
28
3
48
1
26
36
32
52
14
54
27
19
25
15
45
51
9
11
18
31
16
20
12
-1089
1856
-1102
-796
-956
319
180
381
133
345
-298
962
605
906
-134
-931
259
201
-741
530
525
548
-475
180
376
-184
-738
407
142
-360
-753
-1070
-360
-34
242
6
19
-188
375
-678
792
216
169
-329
-104
-1480
-508
-174
41
943
-342
415
1161
591
-316
1263
-103
1758
-1723
-554
-102
-81
1307
-465
-346
490
120
443
668
329
-1102
-20
681
165
-194
-97
-424
-634
-1171
1068
-228
-74
794
-1406
-52
-214
-100
-617
475
755
-1133
-543
404
-824
97
275
181
-1375
471
-25
398
488
436
1242
-421
-583
596
-879
1050
-817
174
-253
-1207
-555
474
119
112
-347
-767
-330
697
513
394
35
1595
116
-1590
-729
166
621
1138
270
202
-111
-288
-95
284
-186
-263
79
-993
438
-288
707
-957
26
-521
-61
983
-690
700
-300
169
-1267
-310
-1182
292
767
-85
-508
272
590
637
-530
-467
15
734
29
-60
-878
349
-314
-1095
648
700
17
-569
440
165
-2
-5
-265
-192
-896
416
-995
665
282
-332
206
904
123
288
820
-193
-871
283
405
1198
-578
1119
-62
1408
629
260
-675
17
-1207
1834
718
28
613
-567
485
-162
775
-514
85
463
178
-743
-516
-33
97
702
434
-229
599
-906
-783
179
-49
-696
605
458
349
-166
1053
-480
-1462
1364
-255
698
258
-75
31
-1053
-383
-693
352
834
1118
-186
-357
-508
285
-234
-1289
-469
402
-31
-2000
-222
-1710
1368
629
-44
-460
-490
321
293
-693
-240
724
-901
-364
-111
1075
407
975
269
65
803
-489
-563
-610
-866
-549
-281
169
142
-502
-271
-214
-481
-393
-228
-447
44
-498
275
38
-555
-885
102
-712
-458
798
1016
-549
371
-94
1114
59
-543
-327
178
152
-673
-439
579
1166
-364
1039
-814
329
-560
404
-2142
-516
-405
22
-148
718
170
-1480
-1082
940
-501
437
-431
537
-461
510
-1411
583
637
-669
-348
104
1323
899
436
312
696
569
-1479
452
-89
-685
-256
-10
856
23
-677
896
-439
-1956
383
614
776
-46
-1359
-448
931
548
-444
243
-114
481
147
-790
-1222
-31
264
-1088
-578
-319
99
-760
-433
-539
383
466
-438
200
418
-908
-250
-555
-940
398
-1026
-499
1071
-9
-43
521
413
301
1196
96
449
11
593
408
648
-833
-91
-86
-77
247
1146
1138
26
-413
-471
689
-47
-1016
-247
276
1252
408
-1265
-54
-449
130
716
316
-1497
-657
966
123
-295
1192
-73
1155
-1218
-531
-1346
440
-519
669
-1166
372
266
-665
344
1045
147
142
-467
1062
1355
-162
1724
495
-780
687
444
-510
384
-71
-1151
-468
-831
338
-163
-172
1099
257
198
288
-357
-134
1365
-11
517
-874
834
-535
-1762
-215
-193
49
442
-1294
-866
475
-598
1053
-245
-1160
150
872
-460
-363
267
47
45
490
-510
432
1497
643
-346
-1057
-356
-474
795
609
-690
24
-600
580
497
885
-948
-367
250
463
271
-408
547
-639
-1189
-234
-51
132
-168
1020
-427
-413
1068
-278
278
239
-292
1384
1667
-928
532
595
-88
139
702
-482
-831
28
-1000
-160
469
687
-927
186
553
-378
186
50
-649
104
-389
-1141
1210
151
-23
956
952
186
-200
252
257
-454
333
392
-975
85
-2
304
884
232
259
228
497
-938
-325
-54
110
-1230
338
207
-465
779
261
-1488
849
41
-225
-405
-631
-1392
209
243
-542
554
-58
183
-557
258
558
-43
323
165
497
1289
923
142
825
897
235
-112
197
-447
-422
-439
-561
-111
507
129
21
-965
-315
-633
-944
-852
104
-840
-619
-68
-1407
346
-86
1253
-220
621
908
-94
380
-630
85
893
338
-395
-760
-122
-35
-361
1093
1037
932
-165
-112
-222
-206
530
-334
546
819
-839
504
883
357
633
-246
-1259
279
-566
327
439
-929
-174
344
633
-292
81
-895
317
1065
-193
509
-70
979
395
-345
-733
570
-168
-258
807
-393
953
-305
-512
1151
-1493
-787
-867
-741
-413
-361
-65
-201
-861
113
374
-871
1686
-339
885
-770
215
78
-64
-443
-720
59
1095
70
494
1229
581
-186
995
795
752
-234
916
-286
1606
-860
-152
-103
-581
-512
467
-122
400
112
-554
-200
-97
261
1024
385
512
307
-820
-1407
-186
-1149
494
-875
331
245
-459
-52
-1232
-415
-531
15
-559
-576
-1014
-191
-1106
1037
-815
-669
-1054
480
1738
1690
-284
-822
145
116
326
-534
43
320
-250
-1164
1061
-182
283
238
196
-745
-699
658
144
-142
221
-109
587
941
268
443
-581
134
176
-367
491
234
588
-622
-859
285
121
-351
94
30
-154
194
108
229
-308
183
612
-242
-182
-180
1245
-762
744
-208
376
271
445
459
1028
-151
4
-597
753
-1031
-1490
56
-272
654
1006
367
-1246
532
149
53
103
8
432
-207
52
360
1
-1140
-348
930
696
-53
623
-480
-519
1
-1305
801
-708
-940
-341
876
1044
-768
724
-376
616
-936
246
159
-582
-329
752
-497
-1245
361
-1971
-114
980
-101
1109
506
-986
657
-263
-651
919
559
-1754
311
-4
-505
-299
-355
82
268
-434
-442
749
98
-155
-627
-1030
370
1437
-321
-719
1054
1
569
563
-453
-130
764
1335
-263
372
110
-1116
251
556
-917
1393
1007
-772
-294
119
-126
956
789
-2253
-56
-853
-17
-796
-306
-162
-1067
-958
-107
-690
-25
561
1071
-730
1476
-830
-151
693
-262
-139
-1617
853
-1235
-759
-47
-880
2
-958
819
457
-1301
-605
726
648
493
-1
-242
1790
-628
-252
-304
-33
-73
-112
-1452
-84
1158
-607
-894
-188
475
-282
-495
1055
731
-757
473
-536
320
44
250
-133
-170
1040
621
297
-723
-1035
550
383
871
-388
1097
-632
-1106
-123
-183
443
-117
199
424
1635
684
241
-210
-497
285
-828
-304
-133
724
235
-754
-71
708
-1828
-291
486
1698
331
281
871
1116
-332
-1035
254
459
-206
-1115
-886
901
250
434
-290
-221
301
662
1128
-681
2147
-703
184
804
-506
291
-244
367
97
906
5
-632
552
1088
605
311
83
928
-355
-1767
-44
165
407
-141
-277
585
796
-685
-1222
852
-365
-1129
1003
-456
102
-272
-841
748
31
-508
643
150
-126
820
-432
220
464
-20
351
-735
-51
-81
1210
1009
-920
-1499
-160
669
-1069
-358
681
1119
747
-1085
983
-443
-1154
326
-264
485
-155
946
2244
645
-839
-679
-558
-975
277
-71
1247
-1294
-289
80
204
-509
-265
-114
-148
5
-8
-805
-5
-86
-356
497
469
-545
822
203
-381
372
-772
1859
90
-106
-985
721
222
1252
1154
986
216
-262
394
805
125
390
301
-227
476
1382
469
-1316
314
763
448
-419
-868
21
-174
-630
-378
1326
1687
728
-904
1389
-648
6
943
-140
539
201
-217
-409
743
-580
-812
223
827
1502
280
787
668
-222
1391
228
1311
-1893
-218
-1495
646
519
771
-750
265
-154
420
1177
196
85
-1152
-80
-889
161
-1
-479
559
-678
1032
939
-692
169
-307
-469
591
-918
-933
292
-19
281
-260
360
-1263
-555
67
577
164
-222
-213
-255
953
704
398
92
-1543
463
1248
-954
-637
-1004
266
-2064
396
-660
-624
583
-1169
743
824
-967
327
-128
-248
-16
-223
128
595
-779
-17
342
-302
-982
-911
509
-992
-303
427
706
73
107
191
-31
212
497
1074
201
-792
-497
858
291
-1163
-788
812
-438
681
674
797
32
-176
199
-448
824
-71
-115
1010
270
61
991
-464
-841
751
-524
154
351
208
310
150
-175
190
-84
-351
-1542
-824
-1147
598
-185
126
612
181
121
-401
283
-1164
-699
676
-699
736
721
-262
-276
-387
304
1629
-55
-114
45
64
-482
881
-649
1149
-245
-269
298
-1313
-289
753
-101
-377
900
-260
-905
81
1385
-225
-112
-618
-215
161
666
-191
-522
-244
268
0
-552
1172
199
217
-433
569
1424
-1279
-963
1688
-1261
154
322
-252
373
-827
1076
301
783
-920
-1085
986
1182
-478
790
562
-955
311
-202
-329
66
208
-707
1115
-496
385
111
209
660
191
-91
-370
1305
64
-498
-814
-87
177
225
535
-296
-1190
610
834
149
-346
-709
-633
1461
-441
16
-252
-284
276
-1041
-1672
106
-81
719
631
-1410
-441
-187
-562
-343
-589
979
666
-236
-447
-1166
717
-485
-795
818
112
-727
-274
-1128
-510
-120
1048
-3
-666
379
269
-128
-52
813
-1058
-563
-6
-183
458
-94
142
653
1070
796
-358
-426
9
-941
65
-591
1010
268
-474
246
291
-252
22
454
-495
108
1661
575
111
-87
507
-104
681
-881
-523
350
126
120
504
-885
-609
75
1173
22
-128
621
369
-1916
256
-365
775
-174
-1185
24
185
107
51
799
862
-505
932
-868
-494
291
230
390
-1053
29
-490
-224
880
679
289
207
1048
294
418
-142
575
190
1025
317
522
-1459
-722
1106
414
-164
-501
-532
9
840
-144
-40
-166
85
-10
-113
-414
923
-353
314
11
730
727
150
-368
-196
-588
1967
310
183
-136
-574
6
803
1296
-554
1381
-206
-1017
-1068
238
170
-254
-99
66
406
-106
-151
521
73
-1862
-833
1115
-772
-44
131
1864
114
-667
138
-709
-369
813
-711
570
45
-116
659
-237
565
-1188
739
-180
529
-222
585
91
-116
1164
52
-311
-443
233
-1600
-856
72
271
511
30
-1112
-443
-901
1010
123
-681
-151
392
-1259
-458
819
-1271
-1999
816
-684
-1233
652
1006
1031
-479
192
-1232
-61
529
-14
-248
-521
373
91
209
-103
50
612
153
-980
474
271
-590
457
1146
-632
817
-375
-402
-283
-439
168
360
-1665
479
196
114
283
-52
471
-645
265
449
-369
-54
1301
783
293
495
806
-1082
15
-860
-15
-202
472
392
295
-1256
1020
-674
-164
-560
-573
1228
1836
-750
341
-828
335
-283
-747
-879
697
-1070
220
-333
1181
1323
82
327
289
390
730
67
-554
-154
651
-1108
849
1181
1104
92
-16
1171
1486
864
-1059
-384
-1006
508
-300
-81
243
445
313
909
1268
1150
-729
-120
-224
-1287
1783
-1033
-70
-441
359
-103
269
-530
227
-517
-303
-331
87
-248
-476
486
1284
681
343
261
59
219
-128
-874
-186
-856
-99
-783
-15
-521
643
1150
1074
432
-884
826
-635
-1037
-745
315
-343
241
-356
1059
698
433
1353
-607
717
-547
-332
745
1280
7
-772
865
-1062
-2010
-941
-417
681
-104
921
-644
-260
744
-696
-537
540
24
-184
0
981
66
-779
-1201
444
409
-1372
-779
-51
-494
310
-742
-471
-596
1706
-339
-55
-330
-124
70
-542
-246
-50
272
-1508
-840
306
799
369
-612
5
-1258
549
-241
-221
-435
-2238
607
-376
663
-590
-56
442
-42
-636
1341
-350
-106
17
-326
383
-191
-592
-714
47
949
1022
-189
627
-1421
25
116
266
-20
956
-349
693
38
1085
218
-79
-1011
17
-563
283
-927
10
313
-231
46
341
1084
-446
443
285
-119
29
-901
-393
-270
-264
-430
894
1819
-1165
435
-301
610
108
568
-110
793
34
-702
-171
123
376
-137
-220
-205
222
-439
485
269
457
51
-118
-1068
417
12
1493
-1015
706
-309
126
112
-353
-91
213
901
798
843
-100
-468
-1092
1226
44
63
686
-97
-1509
791
-350
-1012
470
-482
-1525
637
-502
697
-512
375
-394
-572
-1170
483
-1939
-763
-1199
101
1701
-1358
543
-364
175
-681
1393
-312
-183
36
89
-10
90
934
-1109
-532
-775
-264
-89
925
-493
-435
736
1070
-622
75
-717
-681
-240
39
1031
-450
-365
-301
-1780
-865
63
546
-248
-308
-540
-491
-224
-109
-1087
19
-793
-471
363
29
393
-238
1210
1316
415
718
-92
-561
73
222
-26
-319
-412
1134
-731
1315
-873
275
60
-116
438
659
-670
312
609
388
-387
844
-756
253
-321
203
1210
-119
236
-274
-213
-339
1305
-57
-935
514
-147
-672
790
-956
67
-536
-263
68
-673
460
822
-1039
-1138
-543
-260
365
-442
1132
456
-664
-669
-409
258
-470
-429
-311
141
-318
761
56
191
60
130
707
508
-284
541
155
-938
330
-284
462
-314
-180
-102
-179
-463
482
-98
573
590
-184
1061
700
1024
-555
-54
151
-37
387
-238
-860
396
541
262
163
-367
-580
-150
-378
-742
183
-528
203
-484
742
1217
-104
191
312
392
-649
-196
-213
-213
1018
-462
712
-130
-778
-1210
-631
-1175
-462
347
115
-936
513
495
99
319
-214
297
-349
-772
1021
-104
-232
-279
-745
94
-335
-621
-846
338
749
306
-515
-519
748
-1220
-357
1100
280
-212
-2156
246
325
-908
75
154
-223
-198
252
241
1479
-722
-1072
-272
-550
-165
671
822
-576
1
658
-39
-62
-585
298
-213
-1171
-263
981
-511
1132
-191
-630
853
-1122
670
884
-1651
276
-284
1602
946
74
720
1853
-115
-509
516
62
-483
389
348
-1120
-378
-538
-314
-625
-749
398
580
-1161
124
1250
174
800
-27
-577
305
52
-339
2
1889
666
-204
-37
156
-148
249
1456
-613
-919
-1399
-182
-1226
1382
466
-61
281
751
44
-474
615
1091
480
-278
-1885
245
1740
-203
735
-141
656
-418
-271
-981
196
1074
-842
-641
210
-752
-537
-545
30
-424
906
-8
1023
-329
293
1304
-99
-1184
921
-102
87
-277
306
-301
51
74
-27
478
323
1130
-498
-195
3
-511
354
-669
-278
295
-609
929
94
80
715
661
-274
41
339
1355
626
-753
356
153
86
4
434
-601
-462
412
1106
-223
-1502
-204
239
-764
1124
-312
-546
-74
-567
-635
-569
258
-33
249
526
560
182
1616
-457
-240
-92
-7
-2
758
-523
-274
110
142
1357
-53
-71
167
318
-450
-321
-191
315
458
-1116
789
280
1038
141
-1549
-302
2134
110
-190
662
-86
-1006
174
1032
-78
579
314
-243
-1307
-568
-890
-366
-169
-378
-166
-467
599
-476
307
-748
-252
276
-15
517
43
-39
205
728
-864
-972
1022
347
-950
146
-729
1165
400
200
575
-443
-463
-1924
-675
883
-506
43
280
164
151
-482
-1710
214
-97
-646
1837
-835
512
23
-281
145
1613
1007
371
-579
460
1391
1239
1352
540
-731
227
150
1217
1037
914
-133
-521
1022
139
-1257
-171
-1232
134
751
-244
649
2332
-34
478
-383
64
1240
633
701
1168
-342
-818
272
-676
519
79
-660
1117
-179
-23
-467
-397
-224
-228
351
-705
-745
-1093
834
-468
830
1014
681
-14
-948
617
-427
147
408
336
-1071
190
-1225
332
-506
-42
862
-312
-445
-932
-130
328
706
250
844
-712
541
-605
-422
761
-310
-437
1395
52
555
-683
-645
430
-487
-294
160
-332
913
569
349
2315
-2216
-5
-276
509
-60
1
-627
873
1512
1126
-6
642
539
220
-452
703
531
610
1319
1118
308
-458
518
572
988
1593
-49
1479
735
1011
770
-1080
274
540
-40
505
962
1090
-930
-18
-1277
745
-672
-461
213
1364
785
-44
-736
713
324
120
-1158
-395
-757
-314
-62
-377
-87
504
856
-972
-466
-1038
390
1154
-530
297
-511
530
30
726
254
474
90
42
-846
927
653
419
-504
-41
-819
-457
311
110
-224
-86
-259
-501
-582
-408
-347
-508
1068
124
1089
1050
-812
-400
-330
351
-606
-58
40
-284
1282
-419
-191
792
330
-1995
194
-568
12
152
-762
387
361
744
-76
839
858
-151
184
616
-251
-767
276
-141
292
22
-781
-70
-593
175
561
-554
-9
-525
84
-1088
104
311
687
148
-646
-280
589
281
781
400
-139
-82
-61
31
-274
-176
930
777
-851
1041
-1382
-29
125
-233
411
-733
-446
179
-544
233
-333
558
-638
-545
-416
982
174
533
1229
315
-535
-487
56
-485
170
131
430
1093
706
-518
-27
-1098
481
-290
-438
-330
-149
-488
73
119
-252
368
1241
283
-1019
69
392
-565
-51
946
1557
-319
-595
1020
255
-576
1235
-1261
-684
-38
-411
-43
821
572
-1534
-1012
-1337
-786
346
-1418
-340
-411
92
-281
-846
1752
-187
-422
522
-638
-110
-305
-1151
-352
462
-557
578
-521
529
-756
380
525
-81
352
760
634
-233
-1140
-389
-324
-427
430
501
393
780
-186
414
-186
-609
-44
763
1687
-275
511
342
161
-233
984
-566
482
395
1014
-260
-571
465
-111
-1664
955
390
61
245
-237
549
1155
-739
-585
-92
675
-258
-268
1064
-1755
1848
1205
-267
198
-293
170
481
-552
924
-354
-271
-401
-1636
-394
-870
-25
574
-14
-620
352
511
-281
1015
-41
1571
-330
-30
-34
-482
-1262
49
-462
-666
663
-534
-568
216
-1361
-472
-367
-55
-806
539
-632
-24
333
578
104
-1043
-46
1183
309
518
-740
1066
1309
209
-113
-694
732
285
1683
-425
1388
639
-722
77
1341
-1045
201
707
-133
-1287
344
585
195
-277
41
332
434
350
373
-151
474
2236
744
-233
1015
-526
-519
212
702
399
-430
0
1005
482
-1325
-489
-213
705
-173
-976
-438
-201
-433
315
-420
843
-128
600
1080
272
-1898
592
149
578
-975
-201
-525
-255
358
760
85
-26
-1032
1207
-1044
456
283
691
102
-653
878
-639
628
794
106
776
483
641
-52
548
1432
-624
-44
-641
202
368
-34
-85
284
-336
9
569
1015
-853
1502
-792
34
911
360
392
-511
778
-508
-700
-591
193
668
620
57
-527
509
417
-730
-443
-442
138
-1252
1105
338
-398
859
-679
349
727
-885
76
386
-145
1259
403
1904
157
2
221
-209
-381
-330
345
1005
803
-949
-914
-404
-1568
1220
-690
325
701
676
-213
-391
819
-298
42
1340
-70
-465
-737
187
-299
-1208
98
-389
408
-87
-63
-839
685
-112
751
-118
-24
262
-166
1030
196
316
-39
-202
733
-1709
-253
-256
-561
-156
-1654
1286
-264
-293
-438
-1375
-421
2
-117
-475
-340
-735
-848
574
-16
-1421
645
346
-218
-418
-229
1227
-13
-927
-589
-428
-1160
368
825
-828
321
66
-81
143
-484
-385
622
-395
60
-553
-83
47
620
-869
-14
550
339
1045
-190
683
515
-615
1122
1139
835
349
1177
264
262
1461
106
871
-418
-617
-109
1411
94
1082
632
239
184
-661
-1583
488
485
357
417
-507
476
-900
-1032
1088
-233
64
-1219
-608
574
-773
388
325
662
-1206
-608
-774
-211
885
753
422
-358
530
-491
361
105
377
-602
35
1044
-246
445
-267
411
-629
411
-1012
1184
286
-1194
1195
-244
-1296
-1164
-798
1615
-107
-387
82
617
-889
336
-875
-617
719
-156
854
24
9
-261
-1433
-947
-521
-334
-742
-179
675
276
394
562
-479
-157
160
-1281
499
-108
17
-694
-97
347
-915
703
-515
-1677
230
95
112
-524
-348
1127
156
823
-160
-396
-902
837
314
-284
811
-1085
83
-360
-207
791
-1150
-778
-600
-327
463
-1147
126
27
-223
-349
516
112
634
-444
574
280
-679
-245
133
278
-837
38
323
-1268
748
1341
1194
48
-165
227
-108
159
-178
-1104
86
-1624
988
-611
49
480
1195
-171
-441
426
-1233
635
119
993
74
640
162
709
-40
-19
688
659
-162
936
-745
601
-127
186
1008
-233
242
739
-508
-1055
-551
-231
628
-1078
-170
-1012
-220
-188
-680
-588
693
32
-491
616
-1053
-965
-431
555
907
-485
-3
-844
-243
508
385
-775
956
156
983
-173
-991
753
-655
-751
590
22
-573
434
156
-244
-181
-1313
149
-607
272
1006
-62
-68
463
843
-1011
-1455
-389
-105
291
-173
1508
1140
-576
-727
250
-17
-454
613
-1018
161
-185
328
626
1120
-459
228
-182
-721
34
-553
483
911
-1785
-1688
-230
-183
1354
-859
1026
-360
97
-720
503
1171
82
1365
641
264
730
238
60
630
-246
-901
450
335
401
-740
539
-409
14
805
275
-709
-158
-394
1159
316
-899
-846
-304
1050
312
-973
-301
205
-775
1125
761
-81
-233
-679
-419
-878
-1113
491
321
-750
88
-1604
258
-1494
-1166
-612
-13
-281
90
-1266
-278
1241
230
-160
45
730
69
1246
-102
325
673
-626
805
-510
-518
-41
154
340
-38
-54
384
99
-661
-333
-516
1157
-26
1961
663
-1188
-278
381
1318
360
423
-144
-106
-231
-502
300
-944
-925
-351
572
520
648
17
-1071
-850
38
243
-922
405
463
336
250
-336
6
334
135
269
-296
-462
-126
-353
130
156
265
-1732
672
-263
469
-182
278
-181
456
-194
917
116
625
1240
-1142
-629
-350
-468
114
964
-1122
216
702
727
858
405
-425
177
-262
-1241
79
1135
267
-299
-1365
443
136
-554
-884
-424
-922
-1687
45
571
42
-217
-1321
-176
-1117
-549
-292
-218
-1005
124
-425
336
181
991
-291
-332
-199
1387
-911
-401
262
174
565
257
163
-1477
-112
18
339
-629
222
410
-169
37
-193
14
915
-1017
-1094
-266
249
250
1012
-221
447
834
155
-1380
36
699
337
-425
-495
-988
390
-923
685
-21
539
-657
-444
-128
1321
217
944
-517
663
169
-35
1001
-655
498
-774
-544
251
-1006
-827
336
-1072
-367
645
-922
-739
-362
-342
-501
-412
-709
15
410
101
860
-40
-142
-83
82
1170
-620
805
-465
514
-255
-319
876
9
329
-100
-1189
438
-171
-704
999
-185
-106
-693
1075
-658
115
1000
-420
-532
-56
-198
-334
2
854
-191
963
490
-745
-406
555
92
-796
339
448
-632
311
-331
23
-251
0
-1759
299
-656
506
816
-962
-72
77
269
221
174
-662
236
218
1017
35
77
110
1148
555
-150
-16
684
27
254
570
253
954
-894
-356
75
844
896
-180
731
1183
-858
468
-800
-930
208
-745
760
278
-152
-27
-83
-585
380
-1583
1038
26
-293
160
-41
470
-405
345
-581
639
-887
-201
25
-400
-26
619
16
2099
-1037
498
-39
-618
455
-1447
765
-141
-258
-849
-170
-91
1019
-323
-1203
-548
-840
325
85
-447
542
340
554
-476
41
1034
-901
342
-766
906
272
-35
-978
-657
-1489
-895
1459
340
290
-306
-153
-971
281
316
1148
82
-962
-399
-337
-276
120
828
-49
539
-631
-341
294
10
684
225
-749
-826
-1156
1125
-65
-1816
1375
-740
-529
-143
-103
-797
434
-424
-122
199
-713
-817
197
42
516
-477
-58
639
673
-90
130
-702
716
-722
516
640
-263
-485
222
-8
-46
961
271
-441
-1303
976
-80
67
-54
795
-367
-926
-448
984
345
-231
-438
442
-180
820
-273
-1101
-415
-79
-177
868
802
186
-190
-605
-977
552
-298
-770
216
1136
-575
12
-363
698
-533
769
-110
338
-929
-218
-778
275
-67
-431
795
-134
116
443
268
38
-339
1194
-1411
481
249
-377
-1047
157
-250
251
-54
-287
818
148
-471
239
704
-1094
796
-940
-552
353
-326
94
-304
493
903
-910
474
109
25
894
-292
-192
-247
231
6
-526
-1555
558
-710
-6
958
-826
0
-772
-122
-983
-619
440
-763
-1186
13
-939
-458
-13
-106
-389
843
-213
-1579
1175
-771
1677
1162
-161
-723
-292
-319
116
-329
491
74
-188
261
447
-436
1252
-175
287
860
440
137
-883
-138
-477
622
-1102
-144
242
635
68
-724
260
95
308
988
-1161
-1113
-378
-334
-933
-1152
-563
1126
196
460
1382
-34
1260
-491
930
-405
-244
859
-309
-766
1007
-1144
-64
-328
299
56
-1221
-285
139
-150
-193
-178
-1
-600
-285
-1149
-195
-851
-221
388
-345
831
-1816
-483
-501
-173
-245
669
-180
-115
-922
722
307
-209
-449
1173
373
-363
371
743
-799
149
-33
842
-17
85
1007
-273
226
-465
-403
547
-457
230
727
-731
314
-563
-599
485
318
-942
400
491
-1283
-582
15
892
-517
65
-37
-24
291
-493
-612
25
-56
884
1291
112
213
1071
717
-594
672
-27
483
-708
1632
433
-68
376
-620
169
913
-928
256
544
564
-136
491
443
-575
-151
489
1746
382
1852
75
201
205
771
174
849
-869
1029
327
-666
-594
-192
850
644
1343
-1994
225
113
257
510
44
-614
-241
-978
209
570
471
109
243
-778
-1224
-59
-710
-872
135
388
-395
-75
262
26
300
211
427
-1014
35
-10
215
-242
-912
-513
-1263
608
479
892
-1231
-330
1034
-854
-8
-23
306
-53
868
190
-71
-126
-1954
1664
-281
-588
199
107
-313
710
214
-387
-1918
175
396
-557
-319
-685
904
-1061
-548
218
-1105
-854
268
166
267
-500
923
549
-845
-767
-357
-228
249
-50
1024
1393
-593
593
270
1396
-22
-1041
471
53
-871
-220
140
-791
702
447
-161
64
-199
803
179
-656
297
351
-765
1464
1056
542
-228
216
804
-889
-367
109
340
427
-108
262
-527
279
403
-1099
758
-1918
-142
-409
205
295
-246
679
-569
1128
685
-499
1037
-181
361
1025
672
180
-599
-955
-475
-981
-461
-1006
807
805
-14
-882
991
-122
30
625
-805
-1383
-176
127
-521
-198
-199
-451
-547
318
385
871
-302
-654
-434
489
220
1288
144
310
1117
-367
139
480
356
930
834
471
-1170
-284
-1048
665
520
38
-891
1357
-1229
-818
1430
193
-860
1652
216
450
-645
-983
672
1268
1143
-16
492
-325
298
2065
636
264
209
-3
627
-347
314
593
882
-349
207
-1881
-482
-264
1751
893
-389
-648
151
1049
95
-279
913
1128
424
311
406
-582
-594
-47
-595
-39
-644
157
550
247
233
-216
340
321
951
398
560
256
1090
530
1001
-1995
1459
-89
482
133
-47
-186
-77
-269
-522
203
532
631
-492
-1018
-662
-169
507
-1013
-437
-605
-868
-32
1011
1076
224
-71
-465
-69
-3
110
-32
-71
294
-488
-546
-457
-486
-1889
666
1083
297
805
-457
251
628
389
462
561
119
-594
-481
46
-206
-160
-130
274
-396
323
123
-1
-161
-824
-1384
-1310
-115
-75
692
349
0
-1299
-673
-87
-154
-383
928
-1532
-359
-1566
550
94
888
-876
863
407
202
-219
1017
-311
-620
-210
-432
576
-469
-574
-99
-241
1366
1510
-285
-486
641
338
-312
-9
-1373
276
-108
205
364
-1312
-154
-709
901
350
-23
-45
-677
-118
675
205
-161
1405
744
-34
-684
1104
953
-329
-142
165
-20
144
-749
-426
-487
37
699
-232
-87
-217
1110
164
-510
-51
584
-221
95
283
-1153
-448
-819
-776
113
651
-1167
171
-203
33
-749
355
-499
275
-130
625
403
-359
1609
900
-100
-364
235
516
766
-72
-248
1056
-110
-19
-478
-81
613
422
1184
292
-336
-1425
355
1006
-178
-14
-349
372
463
140
912
772
338
-323
319
-440
-253
36
-261
123
739
338
-379
-752
647
-522
-515
181
709
222
2223
-850
-2376
-1535
-13
195
906
-812
-666
-763
-753
167
827
-239
-631
-622
557
897
-42
-601
613
21
1084
-820
616
-896
-869
973
-1383
155
1694
-807
639
414
-393
238
523
695
709
1728
48
543
-533
473
-800
141
-471
-134
206
-1029
-1013
-557
-188
-1099
-391
6
-254
-295
-95
-925
-340
163
287
712
-69
-260
454
230
-352
403
107
34
-322
880
266
-121
-667
-252
-310
449
582
412
-392
-603
1005
-148
656
-867
-453
649
829
-23
-234
8
-663
24
-402
-10
1154
-319
220
-549
567
1504
-585
445
-270
910
-428
504
860
343
1037
-28
359
-588
-438
-1267
-1635
-26
-946
620
73
383
151
711
-145
-470
-378
164
-290
-1066
358
-379
-1539
596
95
466
732
-282
-560
1768
99
-320
-10
-46
-1053
431
-1283
140
54
586
263
-273
-798
-220
1076
195
544
999
-711
-324
892
361
-624
499
-691
181
-432
-396
243
556
-898
434
22
883
246
-682
-220
183
303
471
-431
-349
636
-1035
-1390
-80
-1877
-248
208
-101
-336
-313
-677
163
-688
393
-579
1513
-968
-29
721
-218
371
-440
-886
-799
-1113
-843
106
-101
508
147
-206
307
380
836
-1190
343
419
-137
-232
26
-374
-1691
-463
113
608
-80
-359
653
431
-644
-1005
-248
172
515
-83
-371
225
-549
248
-594
696
-323
-76
-640
608
-259
-370
-75
-524
470
-907
226
105
-24
-1126
-1056
44
-696
-800
284
-588
2
-40
-795
1664
-896
-642
302
377
-737
-704
230
235
-383
755
-185
1080
-360
384
-771
-116
-87
171
-27
1535
-935
1608
845
823
-607
-69
193
-136
-271
-28
-1019
-582
807
-679
469
-372
1071
-254
-383
-815
-1150
-213
910
546
-189
-318
25
1283
906
-878
-943
451
-584
78
84
1624
510
1557
-1428
553
-875
-674
-647
-620
874
436
1099
-27
-486
-508
-165
-98
-190
-511
-107
425
-755
315
-108
-421
1232
70
-513
94
388
551
-292
-153
-1307
-88
330
392
-302
-226
-727
-241
-78
1271
278
-540
-949
473
-372
45
-157
-180
299
276
59
1189
582
-448
646
152
384
-207
200
-1242
548
61
-487
-484
68
-1109
1066
617
107
784
-223
-28
412
94
549
181
-5
-56
789
-668
530
637
182
-495
346
-545
-302
-390
472
-733
371
-1672
828
716
21
-214
141
796
46
211
-556
209
-844
58
-1055
-624
-1024
-666
-1040
798
1101
-75
-591
-266
-179
-543
-5
-415
292
-715
188
891
362
22
-175
-1402
1517
-178
624
-1232
-1151
592
-185
315
-114
-140
87
502
860
-25
887
-100
-305
-30
-250
706
13
507
-426
1229
107
-45
563
921
216
770
937
170
262
-159
-331
-618
-47
155
1031
883
153
-441
1332
-1296
-583
91
-437
151
1370
-401
-531
-209
-340
-531
481
137
-204
166
283
599
621
-1171
-229
-619
827
-221
336
1062
51
834
-392
133
-152
-653
-22
-716
206
753
1481
-1045
23
131
159
906
-50
-313
-398
77
735
306
-265
-650
-766
-636
510
17
48
-228
621
309
195
218
-157
-117
-193
-310
969
-309
110
1366
149
634
403
-227
-379
-1124
-16
152
548
-688
-1
510
-36
1667
1156
515
508
-41
1046
-139
-1068
-55
655
-537
-1181
-123
-709
-372
-635
414
-195
-1418
-486
-160
282
323
-403
761
-421
588
855
341
859
971
-712
1085
286
-881
19
-381
1000
-692
-398
-626
235
-290
-426
850
-34
-426
632
-615
-628
194
607
-226
-558
-1547
839
-166
-213
137
790
-1090
-230
61
-418
-98
-529
-783
422
-514
-221
-973
-25
238
-39
536
-64
-199
-1289
14
-865
379
-773
192
61
617
-59
-500
192
-594
-742
855
-462
-35
-620
155
-869
-313
87
229
-1063
-65
181
409
-753
-86
-250
-456
-86
63
632
107
-266
102
-901
463
318
555
-699
279
841
-524
8
268
-93
-152
911
1137
214
-819
-149
332
467
637
708
-497
-1632
-506
-188
1071
-369
-753
-465
1014
-26
-946
208
-1019
-834
1117
284
485
-501
478
-407
-250
1064
1161
-466
647
-61
884
151
677
123
537
404
-148
-698
689
630
-34
139
-147
-255
-586
720
-357
914
-426
-609
206
598
-623
-522
743
555
494
14
94
250
-206
173
-661
125
-827
-502
-1094
513
-629
-339
41
-331
1269
1333
92
1027
140
306
-959
-738
6
-319
-156
-243
-755
1001
492
-708
368
-1282
-464
-117
-1198
748
-1223
-600
428
256
162
607
964
-683
-592
-262
210
-331
-800
869
567
-171
-1287
-925
605
2037
143
404
8
-460
-251
-1292
885
-782
352
351
979
-135
-293
145
-874
640
85
41
175
-892
654
-246
-292
789
1641
-365
-720
666
309
-68
-370
-906
-503
-83
-129
-376
1592
301
-553
359
-799
-1105
1346
865
-300
814
-761
-506
-811
545
-795
-1581
504
-1680
-510
-729
-729
-240
-1565
34
1183
-192
-1380
-195
267
332
-91
298
-103
956
-306
-169
415
-290
-180
-55
189
855
984
-37
1960
-86
-1305
-342
-802
1168
359
1002
-529
-115
466
-127
-229
765
108
481
906
372
-663
116
1618
1208
991
-1421
122
-795
43
932
-1146
612
191
-607
416
-368
1246
-657
1116
-282
380
618
252
87
366
-727
263
-358
-355
1270
981
1031
-157
-356
-28
231
835
-272
-130
-631
-1040
-242
850
-374
-1064
437
692
-537
315
499
122
-208
80
42
169
-836
-182
-218
-67
-679
63
619
-1233
-641
229
683
759
-43
253
-919
-1032
182
-554
-453
337
-312
813
1168
657
-108
-52
658
-1184
-344
-170
583
-792
-289
-736
-491
359
49
566
435
-80
1063
366
-104
1468
-759
24
-79
-703
-1106
-1529
-70
-311
823
637
-832
-548
222
194
139
-619
-697
631
-1136
-502
197
-237
-1264
726
-317
-1242
-785
695
-337
-379
873
309
-52
56
57
89
-619
903
-107
-284
-655
-443
1137
-486
-46
-26
77
693
-1278
283
-400
-763
-74
-1010
-284
174
-940
16
-192
151
325
269
-571
-481
-149
-1008
-876
482
764
456
-923
20
319
-265
610
76
-1114
-1071
326
302
-546
-1386
-516
318
1542
-690
-1341
-128
19
-751
-707
137
203
1327
-824
877
-297
849
-631
157
526
357
136
298
-1131
149
-124
35
198
-546
-259
638
-227
585
-85
-140
-366
-1611
113
375
647
788
408
-426
-1085
-1482
-1574
898
113
1246
-38
463
-1719
-1432
218
269
-1291
-57
-310
-45
-126
-577
253
-354
1104
-252
931
-831
-707
-284
967
812
-459
-454
278
1066
-878
62
64
273
-220
40
-868
215
-99
3
-591
571
286
-91
653
-529
242
1056
-448
506
-3
646
-420
-230
311
-232
-262
448
89
1118
-619
-1690
-463
1254
773
-484
746
402
-328
-553
1134
-101
352
-881
525
-123
-865
1389
264
-942
-642
-1006
396
-1588
-716
520
-255
-1256
-257
380
-278
-85
171
-499
543
458
-1351
931
2148
989
-50
589
471
988
-294
-947
-662
-303
-386
600
-102
15
368
-96
43
-368
-1071
1062
-563
-816
202
325
9
154
104
-401
-946
349
-576
-413
48
-183
528
-1112
-1036
-611
-146
-93
270
199
432
199
125
536
-1497
708
-915
72
-205
-566
708
36
-173
-352
-668
-100
667
756
219
133
1447
163
-446
-433
-510
-198
1061
-828
630
1238
820
446
-372
-1010
252
-1
761
-236
174
427
635
856
-100
324
-850
-942
-542
353
1565
-667
5
-258
165
777
144
-415
-1341
173
590
206
380
-1007
-213
-457
-530
-83
308
-1484
26
-667
-689
592
267
-608
359
-205
355
1461
272
858
40
1833
300
420
384
319
-1024
987
693
130
-519
-887
-1273
576
139
-297
634
460
702
-893
194
920
796
180
-539
-56
-825
-624
539
289
896
304
410
1162
-975
-382
828
608
660
474
-55
-5
877
324
-1016
616
221
-174
-88
980
561
-828
564
-1114
396
-511
1100
148
394
1218
-143
-295
-232
-471
-54
-42
-187
-219
-251
546
908
-761
315
426
746
-106
-148
-328
227
145
547
451
893
550
-399
976
207
-457
793
1289
-382
780
-622
418
240
-1537
1671
783
-432
-926
-702
505
382
-257
-531
-219
155
-648
283
-815
130
911
296
-610
688
1015
-1149
-651
222
-889
342
-1920
544
305
-388
530
-405
-214
-79
-82
1273
-1265
-203
93
-34
532
1072
588
1086
-546
-214
305
-376
-507
653
239
1095
195
487
220
-187
-127
405
-617
-1080
-207
-234
616
1569
-12
89
-790
-55
141
148
-738
-409
44
969
1217
-293
-599
-1141
-527
325
-597
-19
-331
1053
-151
-46
689
9
-811
860
-1040
-774
545
-22
-217
1033
242
886
-592
1350
376
-853
-344
1049
-45
1041
380
-649
-1475
509
-147
-510
-721
1004
-867
995
-1289
524
911
-79
736
-272
-195
90
375
440
397
-466
10
550
7
-6
-1055
803
2000
-530
182
334
-443
334
-148
387
671
150
464
599
1443
-1359
-334
-263
726
-260
-373
-305
-1022
695
-127
-1233
-723
-1773
-231
-156
-278
-372
-592
210
-105
-154
-433
36
621
-714
-405
376
-21
942
-580
-1297
679
174
-127
-247
376
214
-1212
-278
585
-343
56
229
-600
530
-309
-229
219
1
-946
800
-108
227
-66
696
-891
-201
805
-573
-215
-1005
-113
83
113
-1034
-42
1368
640
-11
1054
1
223
434
-362
1110
49
-699
-73
955
-47
-1097
818
-324
-477
261
-461
-973
761
208
-138
-957
-1263
510
-305
-848
99
-664
-496
385
936
29
-1309
895
169
704
-1216
320
39
1223
-272
-615
-186
1164
-327
-213
-273
-506
-362
-1037
135
-350
-1167
-123
-612
54
1079
-595
-167
-343
490
613
894
836
83
163
-44
-1348
541
196
510
202
657
414
597
163
-310
-425
1214
459
-170
34
-565
1949
-88
-978
-648
-1317
557
229
-125
325
72
1362
-941
224
-582
-157
-641
-737
698
565
-823
-395
17
131
-383
242
723
503
467
-525
724
477
303
-468
380
-1450
-568
241
-462
-190
-62
-168
-1735
-590
-683
840
776
-881
-798
-385
45
-1667
-1137
239
-923
-328
-177
-174
-960
205
378
832
176
-425
-598
110
154
-870
251
-438
1708
272
-377
-430
-455
718
485
-232
971
549
-88
160
549
807
1528
905
19
395
-395
-1114
-666
1630
842
-593
51
-935
-1060
-312
-320
501
-835
449
572
-290
-706
-541
-788
-1157
1195
501
-527
-1562
-738
-140
1140
-167
-555
766
157
-485
-414
478
-678
-208
1112
427
-327
1313
1109
-563
-561
-570
210
-919
1002
647
-844
-20
810
-685
353
277
-1058
33
433
-122
-138
-1606
-1854
-62
-1727
74
-757
445
547
1748
326
791
-13
592
1558
113
-436
560
96
-290
43
121
-667
280
17
-167
1037
-600
254
-239
-347
-49
-366
688
355
-1256
-1161
-152
866
266
-305
-651
221
932
202
-225
-339
-1199
143
-808
-33
-30
724
202
-793
210
-415
390
221
-1549
367
-1358
275
81
-487
1025
-155
-354
893
1222
670
194
-122
-948
-361
50
863
936
76
499
-621
775
-1187
-1378
-857
189
302
-74
149
-166
191
-168
351
-438
33
-884
-749
-529
248
-31
-246
-606
197
1013
1074
587
-571
-61
1098
-944
1302
461
934
-104
953
-145
-641
281
-430
-861
-262
85
749
-348
-606
-263
-272
743
-281
-574
225
329
999
-296
152
-177
34
-19
211
-643
-107
317
-1100
-280
-1104
173
867
-78
-262
-28
540
583
50
-471
329
684
249
-844
-1429
838
-54
-481
-587
825
-9
424
589
15
584
-832
-169
-1227
218
1700
-604
-415
-1217
-131
-120
-943
573
53
-227
387
-562
389
1138
-28
-414
-396
-556
1277
-134
-487
-963
773
-80
977
-20
-1231
-586
290
-719
1211
-1596
-843
-454
743
388
-976
493
377
-175
408
-427
-730
-677
-489
1180
233
66
-596
-224
-1147
275
664
-118
1031
-144
492
-373
-953
882
-461
137
-571
960
-653
-811
14
-748
258
1056
968
-626
-264
101
609
-194
-450
41
837
348
-239
559
-225
626
782
-1056
-1114
-1502
-341
21
-941
1179
-599
-428
-1271
-1253
-208
945
-463
-471
-383
407
-1023
-630
142
-424
-841
304
512
248
146
-434
276
-9
19
661
764
-455
826
-1156
-199
-711
242
-177
-172
232
-408
755
-188
-688
-531
139
423
-766
-1109
912
519
-442
1049
611
134
6
153
-936
-764
-411
-1144
110
-366
-527
374
578
-968
-80
76
-625
12
-154
53
667
878
49
478
-462
-146
485
291
375
-281
547
527
-1083
90
879
-1192
392
-13
-1169
-77
631
306
-729
292
-32
-287
895
-421
-790
-1309
82
-789
664
-365
-598
1056
549
-226
-57
-322
1263
519
-1617
1652
-101
-541
240
587
946
21
481
149
334
76
-530
-530
-156
-998
-384
1209
19
419
677
-442
-169
-1290
-935
-185
712
-57
589
-61
-1111
-920
212
36
18
1082
90
-666
234
488
-251
55
914
-1228
1047
-307
210
294
342
-397
-65
812
164
-1438
-1731
458
613
140
1034
-612
716
721
9
-1210
-25
-232
-626
-470
359
-16
-252
123
-490
806
-28
303
334
-684
-1089
334
-1529
190
4
842
266
129
600
595
-177
1188
1154
-627
-737
824
274
523
-172
-1593
726
7
-37
473
1217
1570
-31
-315
-764
1082
337
89
-222
1026
272
-697
298
475
585
707
-1739
1367
5
-107
-224
-128
-42
492
81
-511
495
799
-372
40
-1077
-689
-410
644
379
288
63
1232
-1464
48
484
342
-625
-428
-338
-1578
-1443
119
-81
-297
337
1614
445
-1123
54
134
-19
-899
295
-70
165
-186
156
199
-261
-195
-1361
-150
-37
1192
984
269
-938
-45
966
-1086
631
-175
-25
-174
-853
-214
983
587
386
-1640
-1035
832
-207
816
230
110
-258
-1194
-57
-837
-1122
-566
-399
401
-405
-615
-237
175
-42
-980
559
65
2
-1110
441
1176
283
34
120
630
30
1549
-259
1143
-1524
-1157
-206
-40
637
-490
-998
360
-406
1269
-367
-565
1360
-569
-393
5
323
-446
766
21
-917
-119
198
-182
664
1097
844
-424
581
-414
65
689
-977
939
775
589
-896
-59
1505
-295
-1097
1231
-151
-412
-128
-270
-787
674
-321
-971
-2570
-706
-932
-18
-132
-536
801
-211
-339
229
-4
-1371
739
-372
-43
359
893
-565
409
653
-1181
-475
288
1140
-1066
-251
-543
-231
-933
1665
147
61
190
-446
-1027
-153
380
493
102
-388
-136
-523
-563
61
-329
576
-675
-1218
450
936
-875
-321
-599
816
-555
1146
-1168
-895
446
-374
-134
238
-1003
547
758
-260
281
171
-125
-792
201
-457
453
-412
-644
803
-401
-880
-539
748
-493
781
533
377
-1170
12
-367
600
-368
-815
-816
-160
-718
-564
-528
-436
-763
321
-539
109
452
-162
280
434
1261
33
-229
511
459
1732
883
-1708
558
376
769
281
-1579
75
222
-589
-632
511
502
849
-120
-606
-1079
567
1087
438
-533
758
36
-394
575
1441
-1181
-178
902
-790
-16
-1014
-366
631
853
-82
-897
-193
285
-248
1292
133
765
493
-574
866
478
-1336
-289
-1629
413
-471
272
-162
1826
-207
-724
297
-492
-901
-114
195
530
-3
355
386
-595
-435
239
120
373
-253
-94
-191
1753
227
83
339
329
376
319
206
284
174
194
-1267
-1164
754
442
-1223
280
903
-615
157
211
1470
490
-34
203
-186
70
-336
-378
-1316
-1217
831
104
-288
1179
-270
1050
260
-475
580
-321
-340
-91
-498
660
-1021
-135
-174
411
120
-1309
581
-1661
-68
-806
-784
-269
-326
288
130
-556
680
1247
-47
-75
-69
491
-61
-609
1043
-698
-1585
1005
-902
1694
-52
-287
-977
-1206
998
448
549
-1086
245
205
571
-761
240
-178
1417
480
233
569
-385
-475
-305
789
-596
622
-1069
-1350
1122
968
-750
-109
320
762
-458
-23
-383
-456
-532
287
-970
-343
526
-100
-351
-566
-21
454
-285
512
665
136
616
-919
-440
331
-401
-847
-18
1377
-259
1289
-995
1078
88
-568
-1003
-202
21
239
-127
1360
-708
-398
-464
-1070
446
597
472
-652
-904
-250
-260
-563
279
371
289
-159
1295
232
-519
-553
665
-665
-1269
468
-162
639
-524
-365
-150
-672
195
-1187
930
227
-312
341
510
-1002
1041
-932
-32
-918
1145
-442
270
729
-1049
-225
240
28
-1494
580
155
-924
-706
-470
167
-1159
241
-953
530
170
-344
1053
2272
1131
-1668
-959
822
234
82
-488
-176
-390
-599
118
553
-632
472
-266
474
283
477
-537
-130
-602
-454
-1375
-23
-366
236
597
-835
-340
144
-8
-153
-313
1046
101
760
-219
-151
-1199
-97
-1348
603
-1428
-1119
1003
613
-1136
-87
-655
-532
-90
-648
714
-878
85
-517
-194
-747
1201
456
556
-154
-978
143
211
-221
136
238
-234
1488
478
-837
476
-306
402
-62
-1654
-255
-180
-628
-46
54
-1248
1090
1439
237
-104
-151
-1402
-908
-449
524
1737
-675
602
-1261
405
968
-209
-441
-391
-514
10
475
711
-445
-563
651
-554
-816
-109
360
146
169
725
-304
157
-577
-1034
642
-888
-97
1524
401
747
799
1031
-6
258
1296
253
-294
-902
21
-676
1136
331
-1109
-711
-143
-159
-92
-597
-471
-379
-185
-1013
-1027
469
365
90
-544
-522
-1737
-289
-48
790
-73
-1082
286
-496
546
449
710
2313
621
-413
798
1592
-373
213
-778
-100
151
-287
52
1170
215
-498
-523
250
-543
531
885
-308
-197
-113
-1351
-40
66
-359
704
-545
-428
765
145
1510
-942
-612
1031
1405
-537
-245
136
-1065
571
592
-1098
-865
-641
-1612
13
-121
143
247
-11
458
-74
250
-388
147
321
-981
-574
-114
-879
267
445
-468
400
591
-706
-785
-216
-236
-120
45
-730
377
1
7
-533
-619
787
1020
-77
441
554
-270
617
-1036
532
791
1915
330
179
409
-1537
-93
-370
-869
900
142
222
-566
-682
-822
560
-606
1051
-558
717
530
230
487
633
-1157
-242
-180
-690
-982
-393
381
427
482
-492
-624
489
-677
1309
-498
367
-540
589
-199
-733
-321
260
-536
-206
-1014
222
-585
340
-398
1536
77
56
84
-551
-376
-500
514
-683
228
-379
-1028
1369
196
-588
-185
229
843
768
634
-865
-92
-164
-363
406
-271
951
729
-330
1235
967
134
-648
-368
789
-291
-530
-685
-814
-473
767
-11
-1499
-217
-269
-474
-607
-864
-504
438
-113
-121
-537
-453
110
-172
-1015
-667
-895
850
-265
-10
138
1095
3
340
-712
-656
-27
185
17
-1028
-688
-155
73
-703
1394
-390
533
-126
802
515
701
-64
610
-284
1294
124
910
545
-691
1556
358
-1426
-523
-594
416
-131
-114
115
-690
367
-591
553
90
-33
780
289
-265
1597
-700
-122
1812
-571
453
-1006
625
-1070
98
1198
714
-17
-12
98
762
-436
-217
618
-721
57
-474
761
-726
-152
800
3
-171
100
-848
-994
-30
-630
465
115
-88
-1636
402
-189
-133
113
946
234
381
353
-181
-736
280
376
534
676
150
-121
-825
164
763
-420
-277
119
911
-1885
173
1132
-373
1268
-509
-956
1233
-94
-385
-152
-440
-475
63
-97
702
-210
-88
-1435
269
-319
289
-778
249
-163
-756
-755
1001
-97
80
-36
164
-414
432
-445
668
-1067
-195
-198
245
-1366
-491
748
-32
330
-492
-777
865
-928
-460
1559
717
62
345
-858
476
-411
243
482
156
533
332
-473
107
-456
395
291
793
763
830
822
1030
-343
-127
-823
-430
442
-239
82
271
749
-214
1420
843
570
-519
-1174
-1275
-517
332
-1335
-15
-131
1182
224
443
219
318
156
533
-108
-1209
-488
529
-1311
-978
-150
-1638
-621
705
-6
-426
-785
126
-13
149
-257
-1531
-140
527
324
1575
420
414
493
2529
-1596
1248
1178
155
-4
79
155
99
379
46
554
1071
44
-348
1027
-540
-13
602
1009
289
1271
-805
-862
901
-682
-893
1260
-412
60
385
544
-604
267
301
-2
-381
-671
-592
30
1978
769
764
-291
432
-1046
167
-39
294
-938
549
-512
-779
-707
-589
-135
712
692
445
273
-148
-1110
268
-158
-232
713
18
558
1116
-1194
313
303
746
76
-351
312
1339
-859
-630
-956
154
379
-1465
-508
33
-291
-217
-451
-321
-624
-342
-101
-31
-963
-1399
-82
-838
-778
-126
-525
-587
-229
78
875
38
296
-63
-300
156
-170
135
-615
514
32
108
690
-416
325
78
-323
1476
258
492
-120
-166
-1427
303
1207
-1962
671
-1234
-306
-589
1168
-1139
-176
30
676
-616
410
-146
-203
226
223
-356
-1633
-104
-243
77
-149
693
347
-39
-467
177
-473
-353
-234
-1191
-1491
93
194
-933
165
485
1340
-959
-431
538
-249
-460
746
-1355
432
-536
-55
-365
1470
480
847
-265
-476
232
373
-1028
62
-871
-670
-230
-575
-521
953
-570
1094
10
1221
170
77
-678
-344
-394
218
-609
-1545
-575
-520
-440
-2
661
-121
-168
-1267
92
-729
652
-344
-553
-253
-928
-1289
1915
-223
1421
-778
-1181
-189
739
1300
310
-124
424
-237
-856
533
488
756
-385
347
285
-495
489
468
-779
103
-1290
1443
1264
-836
-498
798
-718
-843
-458
-406
-666
21
614
-646
-729
856
481
27
122
291
-600
-2193
597
-779
-7
440
473
333
1108
608
135
576
189
1432
202
-180
380
1469
176
-28
-706
587
-1265
-193
796
-58
-711
322
883
-69
314
452
-139
624
-1001
-710
-214
-884
-1
109
-544
-1166
385
-181
553
-651
438
144
-91
-50
-52
441
-258
-941
-186
375
691
-1381
-1154
-123
425
894
100
-53
451
449
141
1314
617
-40
411
-721
322
587
801
-297
998
475
-424
-321
-143
738
-375
-540
438
-623
-907
616
-173
145
-21
95
-134
19
-335
224
27
-318
-868
270
-501
344
-681
-903
-179
358
2
-177
-1082
235
424
-330
143
-277
640
-1024
-231
198
826
688
-705
-1229
-589
-1196
-287
654
483
640
-533
-802
-179
1369
336
281
-98
-393
221
-633
130
547
1188
1220
88
-1086
34
1303
1005
-461
-51
1345
536
153
-882
-384
-117
122
-1412
-170
-402
168
859
3
1048
-479
1032
-131
-358
-1108
681
-291
501
1258
-775
-73
-108
1274
428
-460
-214
-246
194
1661
327
44
19
627
429
-618
591
-880
221
-336
-989
-824
-626
-801
800
955
-366
-212
-263
437
384
295
-479
1721
-907
1217
499
752
-934
271
319
-348
144
33
-2041
-588
47
-5
-704
34
-189
851
74
-1100
-649
-295
-604
-362
-205
-205
-618
-56
135
3299
-376
1241
-666
-621
1112
-308
781
-662
-629
-721
-155
-43
-454
947
599
367
756
-97
1215
467
-783
895
-147
410
688
-143
-275
1254
-1204
-374
788
-419
-105
-1127
931
-487
215
-61
-1276
-115
-522
-120
515
788
-275
-81
1173
-485
-596
655
-495
877
-47
-330
591
-275
204
111
-76
-1484
443
683
-676
-576
-133
520
-272
-225
845
-467
-509
435
-534
630
127
91
365
-647
1176
-871
-1197
-222
-978
1131
592
909
1320
616
104
-678
-616
-438
810
524
-1270
107
-1335
-472
-839
-202
-296
-1176
283
1022
1331
726
-64
-124
-204
-1479
277
-675
712
-76
195
-353
-481
-459
4
1351
116
282
-104
246
157
-367
-624
1166
524
542
-1529
-1091
782
16
-732
-378
120
-916
-636
-863
598
-1149
1059
306
-322
531
439
-533
173
470
16
-185
816
-793
-398
-406
559
34
-128
417
-478
55
562
-879
-563
-666
403
-1232
587
-234
125
-333
271
969
433
-8
-202
126
-532
-336
-145
172
462
-712
1375
-474
-217
427
947
194
346
-502
200
-1
903
-118
567
667
-60
337
0
425
-565
-17
-324
215
802
-672
-450
1502
996
-319
-453
606
-230
2008
79
1172
-585
700
870
-1293
-803
-873
710
2637
241
541
362
304
985
703
387
-405
984
-194
77
62
-207
-750
-36
-718
123
875
451
-140
-1441
-1030
163
-194
988
-182
-146
-158
937
522
-44
22
-832
-844
362
1013
28
-32
-233
-455
48
313
435
677
1162
-98
-122
411
54
356
56
730
657
121
-267
832
419
-323
1170
-944
-915
-405
-277
-422
-26
-107
385
673
-985
-25
309
-1
-431
-186
746
-132
-876
-206
1503
140
64
968
-751
-1433
398
1072
-1080
-709
-339
-78
-745
-955
-533
-11
468
-81
325
1102
1114
-18
-240
607
-144
-663
1463
639
-611
-250
-225
887
132
-432
-398
919
965
-81
-498
-729
981
282
-762
954
1122
843
686
663
-122
-287
-946
115
1301
-469
556
637
-1047
-372
-543
251
763
-377
-301
738
-7
-509
655
-328
537
-59
299
53
-71
24
-436
828
-1018
461
-199
-1392
-47
-157
-370
-330
-686
596
482
-470
716
491
-445
477
-92
476
-185
-212
-674
479
-400
806
-1229
418
294
-2
-155
1086
-237
239
-259
532
-253
-98
536
-1175
-146
-22
272
473
-366
-61
-198
1345
-412
-132
215
143
745
373
940
206
-1250
825
-136
-536
-409
64
1498
-1672
-126
690
-843
490
-900
-222
-511
-766
-343
1029
87
314
-467
459
-1558
75
-70
356
59
474
-1422
-246
-848
55
944
-2060
-262
695
-412
634
-358
-43
972
683
-736
-204
900
-739
455
584
-812
491
-957
-258
-1203
-1255
50
328
543
-302
81
723
-224
-37
892
1315
-1017
1234
-538
-1084
-1532
-487
86
959
309
-1460
802
-974
-1133
225
1
627
-621
171
-32
-1212
534
-499
-57
1199
-533
342
-429
18
638
-1240
-207
-1025
-966
-907
-27
44
-155
1131
106
-1316
668
-602
344
460
629
552
1251
-677
628
-458
-1120
58
-232
-643
-543
355
-624
-643
1104
-843
75
1349
181
-740
-1029
399
925
-342
-134
166
39
954
621
-867
949
485
1133
195
480
30
-1280
1169
-80
550
-292
-454
440
-823
137
-844
139
62
65
-225
-35
-470
-261
718
1062
-973
660
1060
103
509
-664
-142
741
266
-21
133
-494
296
727
-325
-1142
972
-842
82
-276
300
73
259
979
-430
815
-1321
341
-967
480
-732
-1188
-750
749
-299
-151
814
157
41
34
-647
742
-654
1073
119
-158
604
1134
1993
-332
-847
486
-280
-533
-698
1544
242
371
422
71
26
740
597
-263
1784
364
58
1410
-1111
337
708
78
261
36
-1026
238
-898
750
-804
568
391
838
-1526
-248
-102
218
-118
-689
882
168
-549
-795
398
658
348
-831
764
374
-363
722
156
-434
303
-736
-263
-149
-381
174
-471
411
254
157
60
1279
-359
1051
-726
82
-1435
639
-1655
-10
465
1086
287
8
-1175
152
-118
-485
-782
-754
-921
-515
-242
651
-575
-804
471
-261
777
1428
-559
-156
893
-256
-341
139
816
441
-88
257
-19
808
-674
-418
-533
4
243
220
-357
-141
880
482
1043
-597
309
827
422
-1401
556
-204
-548
1280
-314
-410
-306
1072
-722
-50
634
445
-905
635
1323
-143
-1721
207
-931
420
-1118
1049
-272
181
243
977
994
-182
801
361
441
687
226
1001
-660
56
855
477
-21
-381
-388
778
-537
-404
353
69
98
-799
-663
450
572
-235
1182
68
-624
723
-696
160
19
720
203
-1294
143
116
21
414
-958
640
-636
-1206
1552
-404
-840
-2342
569
432
-335
257
-193
104
-512
-952
-382
-547
-1109
-620
219
-735
-173
1617
80
1359
294
945
-46
326
-71
1600
467
-956
-407
503
-754
-721
-456
-229
-194
88
-104
-170
1168
-628
-454
56
-1200
-606
-321
968
158
-641
-589
90
-417
-242
-524
-776
105
-854
1183
-697
-276
-345
-1438
115
-692
-769
526
352
796
-1035
-281
1231
-76
148
1182
-797
-1333
243
-214
-214
-85
341
-225
-283
709
70
199
916
227
83
-925
930
-292
194
482
1590
770
162
250
-20
-7
-955
865
-86
663
239
-339
-656
-769
453
98
-578
929
417
-877
-493
397
-1753
1391
144
-738
259
-219
-556
-328
631
-857
-261
76
-15
-84
187
-1003
-135
-674
-72
8
-1012
-719
-342
-412
326
-396
-1227
526
-249
23
-4
-241
-84
1243
-658
1386
48
-1570
376
-471
749
83
80
-827
-614
-400
-362
-312
1398
1247
28
759
313
46
-17
-1314
-223
-305
30
1106
-153
902
-36
870
1307
207
-63
224
-1133
897
580
690
-1531
729
-198
-433
499
151
-461
203
330
466
-182
1219
1373
-1193
489
277
498
375
-252
-641
113
209
1058
318
4
-554
-105
61
581
-44
1181
-158
-454
-252
180
-776
-500
-19
-594
352
472
-1173
-196
-697
82
689
546
-483
-298
-634
191
-560
984
240
601
-698
-167
-68
878
-98
384
410
-840
326
-739
97
-575
-277
120
728
-646
-841
955
52
612
536
-32
461
-766
63
1744
-479
1425
345
-1460
142
937
285
20
593
312
572
-576
-895
404
886
-419
-241
433
-1273
466
-247
-567
113
-208
149
-495
-10
143
815
-262
-436
-653
-267
232
241
326
-872
-497
1103
109
1218
1119
207
819
-927
-254
475
850
421
1287
162
572
152
-1101
-11
385
-766
-947
-126
-1112
243
1184
140
269
-1040
336
553
785
287
-276
385
-226
-903
247
630
-998
866
-371
5
-591
262
-878
546
