25 60 729
0 5
0 11
0 14
0 23
0 24
1 10
2 4
3 1
3 13
4 5
4 7
4 16
4 18
5 9
5 24
6 7
8 9
8 13
9 3
9 17
10 7
11 9
11 24
12 2
12 11
12 21
12 23
13 6
13 7
13 13
13 21
14 1
15 3
15 23
16 1
16 15
16 20
17 23
18 14
18 20
18 24
19 11
19 13
19 17
19 19
20 4
20 6
20 17
20 19
21 10
21 18
21 20
22 4
22 10
22 18
23 0
23 5
24 6
24 11
24 17
24
7
33
37
13
43
0
4
42
39
17
56
41
58
22
30
44
5
6
59
29
2
10
40
8
53
49
34
57
21
35
55
23
46
38
47
50
28
3
48
1
26
36
32
52
14
54
27
19
25
15
45
51
9
11
18
31
16
20
12
-1174
2002
-1188
-859
-1031
344
195
410
144
372
-321
1038
652
977
-144
-1004
279
217
-799
571
566
591
-512
194
406
-198
-796
439
153
-388
-812
-1154
-388
-37
261
6
20
-202
404
-731
855
233
182
-355
-113
-1596
-547
-187
44
1017
-369
447
1252
638
-341
1362
-111
1896
-1859
-597
-110
-88
1410
-501
-373
528
129
478
720
355
-1189
-21
734
178
-209
-105
-457
-683
-1262
1151
-246
-80
856
-1517
-56
-231
-107
-666
512
814
-1222
-585
436
-888
104
296
195
-1482
508
-27
429
527
470
1339
-454
-628
643
-948
1132
-881
188
-272
-1302
-598
511
128
121
-374
-827
-356
751
553
425
38
1720
125
-1715
-786
179
670
1227
292
218
-120
-311
-102
306
-201
-283
85
-1071
472
-311
763
-1032
28
-562
-65
1060
-744
755
-324
183
-1366
-335
-1275
315
827
-92
-547
294
636
687
-572
-503
16
791
32
-65
-947
377
-339
-1181
699
754
18
-613
474
178
-2
-5
-286
-207
-966
449
-1073
718
304
-358
222
975
132
310
884
-208
-939
305
437
1292
-623
1207
-67
1519
678
280
-728
18
-1301
1978
774
30
661
-611
523
-175
836
-554
91
500
192
-801
-557
-35
104
757
468
-247
646
-977
-844
193
-52
-751
652
494
377
-180
1136
-518
-1577
1471
-275
753
278
-81
33
-1135
-414
-747
379
900
1205
-200
-385
-547
308
-252
-1390
-506
433
-34
-2157
-240
-1844
1476
678
-48
-496
-529
346
316
-747
-259
780
-971
-392
-120
1159
439
1052
290
70
866
-527
-608
-658
-934
-592
-303
182
153
-541
-292
-230
-519
-424
-246
-482
48
-537
296
41
-599
-954
110
-767
-494
860
1095
-592
400
-102
1202
63
-585
-352
192
163
-726
-473
624
1257
-392
1121
-878
355
-604
435
-2310
-557
-437
24
-159
774
183
-1596
-1167
1014
-541
471
-465
579
-497
550
-1522
628
686
-722
-375
112
1427
970
471
336
750
613
-1595
487
-96
-738
-277
-11
923
25
-731
966
-473
-2109
413
662
837
-50
-1465
-483
1004
591
-479
262
-123
518
158
-852
-1318
-34
285
-1173
-623
-344
106
-819
-467
-582
413
503
-473
216
451
-979
-270
-599
-1014
429
-1106
-538
1155
-10
-46
562
445
325
1290
103
484
11
639
440
698
-898
-98
-93
-83
267
1236
1227
28
-446
-508
743
-50
-1096
-266
298
1350
440
-1364
-58
-484
140
772
341
-1615
-708
1042
132
-318
1286
-79
1246
-1313
-572
-1452
474
-559
721
-1257
401
287
-717
371
1126
159
153
-504
1145
1462
-174
1859
533
-842
740
479
-550
414
-77
-1241
-505
-896
364
-176
-186
1185
277
213
311
-385
-144
1472
-12
557
-942
900
-577
-1900
-232
-208
53
477
-1395
-934
512
-645
1136
-264
-1251
162
941
-496
-392
288
51
48
528
-550
465
1614
693
-373
-1140
-384
-511
858
657
-744
25
-647
626
536
955
-1022
-396
269
499
292
-440
590
-689
-1282
-252
-55
143
-181
1100
-460
-445
1151
-300
300
258
-315
1492
1798
-1001
573
642
-95
150
757
-520
-896
30
-1079
-172
506
741
-1000
200
597
-408
201
54
-700
112
-420
-1231
1305
163
-25
1031
1026
201
-216
272
277
-490
359
423
-1052
92
-2
328
953
250
279
246
536
-1012
-351
-58
118
-1327
365
223
-501
840
282
-1604
915
44
-243
-437
-681
-1502
226
262
-584
598
-63
197
-600
278
601
-47
349
178
536
1390
995
153
890
967
253
-121
212
-482
-455
-473
-605
-119
547
139
23
-1041
-339
-682
-1018
-919
112
-906
-668
-73
-1517
373
-93
1351
-237
670
979
-101
410
-679
92
963
364
-426
-819
-131
-37
-389
1179
1118
1005
-178
-121
-240
-222
571
-360
589
883
-904
544
953
385
682
-265
-1358
300
-610
352
474
-1002
-188
371
683
-315
87
-965
342
1149
-208
549
-75
1056
426
-372
-790
615
-181
-278
870
-424
1028
-328
-552
1242
-1610
-848
-935
-799
-445
-389
-70
-217
-928
122
404
-939
1819
-366
954
-831
232
84
-70
-477
-777
63
1181
76
533
1326
627
-201
1073
857
811
-252
988
-308
1732
-928
-164
-111
-626
-552
503
-132
431
121
-597
-216
-104
281
1104
416
552
331
-885
-1517
-201
-1240
532
-944
357
264
-494
-56
-1328
-448
-573
16
-603
-621
-1093
-206
-1193
1118
-879
-722
-1137
517
1875
1822
-306
-887
156
125
352
-576
46
345
-269
-1255
1144
-196
306
256
211
-803
-754
710
156
-153
239
-117
633
1015
289
478
-627
144
190
-396
529
253
634
-671
-926
307
131
-378
101
32
-166
210
116
247
-333
197
660
-261
-196
-194
1343
-821
802
-225
406
293
480
495
1108
-163
4
-644
812
-1111
-1607
61
-294
705
1085
396
-1344
573
160
57
111
8
466
-223
56
389
1
-1229
-375
1003
751
-57
672
-517
-560
2
-1407
864
-764
-1013
-368
945
1126
-828
781
-405
665
-1009
265
172
-627
-355
811
-536
-1343
389
-2125
-123
1057
-109
1195
545
-1064
708
-283
-702
992
603
-1892
335
-5
-545
-322
-383
88
289
-468
-477
808
105
-168
-676
-1111
399
1550
-346
-776
1136
1
614
607
-488
-140
824
1440
-284
401
118
-1204
270
600
-989
1502
1086
-832
-317
129
-136
1030
851
-2430
-61
-920
-18
-858
-330
-174
-1151
-1033
-115
-744
-27
605
1155
-787
1592
-896
-163
747
-282
-150
-1743
920
-1332
-818
-51
-949
2
-1033
883
493
-1403
-652
783
699
532
-1
-261
1931
-678
-272
-328
-36
-79
-121
-1566
-91
1249
-655
-965
-202
512
-304
-534
1138
788
-817
510
-578
345
47
269
-144
-183
1121
669
320
-780
-1116
593
413
939
-418
1183
-681
-1192
-133
-197
478
-126
214
458
1763
738
260
-227
-536
307
-893
-328
-143
781
254
-813
-77
764
-1971
-314
524
1831
357
303
940
1204
-358
-1116
274
495
-222
-1203
-956
972
270
468
-313
-238
325
714
1216
-735
2316
-758
198
867
-545
314
-263
396
105
977
6
-682
595
1173
652
336
89
1001
-383
-1905
-48
178
439
-152
-298
631
859
-738
-1318
919
-394
-1217
1082
-492
110
-293
-907
807
34
-548
694
162
-136
884
-466
237
500
-21
379
-793
-55
-87
1305
1088
-993
-1616
-173
722
-1153
-386
734
1207
805
-1170
1060
-478
-1244
351
-284
523
-167
1020
2420
695
-905
-732
-602
-1052
298
-76
1344
-1395
-311
87
220
-549
-286
-123
-160
6
-8
-868
-5
-92
-384
536
505
-588
886
218
-411
401
-832
2004
97
-114
-1063
777
239
1350
1245
1063
233
-283
424
868
135
421
324
-245
513
1490
506
-1419
339
823
483
-452
-936
23
-188
-680
-407
1430
1819
785
-975
1498
-699
6
1017
-151
581
217
-234
-441
801
-626
-876
240
892
1619
302
849
721
-240
1500
246
1414
-2041
-235
-1612
697
559
832
-808
285
-166
453
1269
212
92
-1242
-86
-959
173
-1
-517
603
-731
1112
1013
-746
182
-331
-506
637
-990
-1006
315
-20
303
-280
388
-1362
-599
73
622
176
-239
-229
-276
1027
759
429
99
-1663
500
1346
-1029
-687
-1083
287
-2226
427
-712
-673
629
-1261
802
889
-1043
353
-138
-268
-17
-240
138
641
-840
-19
369
-326
-1059
-982
549
-1070
-327
461
762
79
116
206
-33
229
536
1158
217
-854
-536
925
313
-1254
-850
876
-472
734
727
859
34
-189
215
-483
889
-77
-124
1089
291
66
1069
-500
-907
810
-566
166
378
224
335
162
-189
205
-91
-379
-1663
-888
-1236
645
-199
136
660
195
131
-432
305
-1255
-754
729
-754
794
777
-282
-297
-418
327
1757
-59
-122
49
69
-520
950
-700
1240
-264
-290
321
-1416
-311
812
-109
-407
970
-280
-976
88
1494
-243
-121
-667
-232
174
719
-206
-562
-263
289
0
-596
1264
214
234
-467
613
1536
-1379
-1039
1821
-1360
166
347
-272
402
-892
1160
325
844
-992
-1170
1063
1275
-515
852
607
-1030
336
-217
-354
71
224
-763
1202
-534
415
119
225
712
206
-98
-399
1407
69
-537
-878
-94
190
243
577
-319
-1284
658
900
160
-373
-764
-683
1575
-475
17
-272
-306
298
-1122
-1803
114
-87
775
681
-1521
-475
-201
-606
-370
-636
1056
719
-254
-482
-1257
773
-523
-858
882
120
-784
-295
-1216
-550
-130
1130
-3
-718
409
291
-138
-56
877
-1141
-607
-7
-197
494
-101
154
704
1154
858
-386
-460
10
-1014
70
-638
1090
289
-511
265
314
-272
23
490
-534
117
1792
620
119
-93
547
-112
734
-950
-564
377
136
130
543
-955
-657
81
1265
23
-138
670
397
-2066
276
-393
836
-188
-1278
26
199
115
56
862
930
-545
1005
-936
-533
314
248
420
-1135
32
-528
-241
949
732
312
223
1130
317
450
-153
620
205
1106
341
563
-1573
-778
1193
447
-177
-541
-573
10
906
-155
-43
-178
91
-11
-122
-446
995
-380
339
12
787
784
162
-397
-211
-634
2122
335
198
-147
-619
7
865
1397
-598
1490
-222
-1096
-1152
256
184
-274
-106
71
438
-115
-162
562
79
-2008
-899
1203
-833
-48
141
2010
123
-719
149
-764
-398
876
-767
614
48
-125
711
-256
610
-1281
797
-194
571
-240
631
98
-125
1255
56
-335
-477
251
-1725
-923
77
293
551
32
-1199
-478
-972
1090
132
-734
-162
422
-1358
-494
883
-1371
-2155
880
-738
-1330
703
1085
1112
-517
207
-1329
-66
571
-15
-267
-562
402
98
226
-111
54
660
165
-1057
511
293
-637
493
1236
-682
881
-405
-433
-306
-474
182
388
-1796
516
212
123
305
-57
508
-695
286
485
-398
-58
1403
845
316
534
869
-1167
16
-927
-16
-218
509
423
318
-1354
1100
-726
-177
-604
-618
1324
1980
-809
367
-893
361
-305
-806
-948
752
-1154
237
-359
1274
1427
89
352
312
421
787
72
-597
-166
702
-1195
915
1274
1191
99
-18
1263
1602
932
-1142
-414
-1084
548
-323
-87
262
480
338
980
1367
1240
-786
-130
-241
-1388
1923
-1114
-76
-476
388
-111
290
-572
244
-557
-327
-357
94
-268
-514
524
1385
735
370
282
63
236
-138
-943
-200
-924
-107
-844
-16
-562
693
1241
1158
466
-954
891
-685
-1119
-803
339
-370
259
-384
1142
752
467
1459
-654
773
-590
-358
804
1380
8
-833
933
-1145
-2168
-1015
-449
734
-112
994
-694
-280
803
-750
-580
582
26
-199
0
1058
71
-840
-1295
479
442
-1480
-840
-54
-533
334
-800
-508
-643
1840
-365
-59
-356
-134
76
-585
-265
-54
294
-1626
-905
330
862
398
-660
6
-1357
593
-260
-238
-469
-2413
655
-405
715
-637
-61
476
-45
-686
1446
-377
-114
18
-352
414
-206
-639
-770
50
1023
1102
-204
676
-1532
27
125
286
-21
1031
-377
747
41
1170
235
-85
-1090
19
-607
305
-1000
10
338
-249
50
368
1169
-481
477
308
-128
31
-971
-424
-291
-284
-463
965
1961
-1256
469
-325
657
117
613
-118
856
36
-757
-185
132
406
-148
-237
-221
240
-474
523
290
492
55
-127
-1152
450
13
1610
-1094
761
-333
136
120
-381
-98
230
972
861
909
-108
-505
-1177
1322
47
68
740
-104
-1628
853
-377
-1092
507
-520
-1644
686
-542
752
-553
404
-425
-616
-1261
521
-2091
-823
-1293
109
1834
-1465
585
-392
189
-734
1503
-337
-198
38
95
-11
97
1008
-1196
-574
-836
-285
-96
998
-531
-469
793
1153
-670
81
-773
-734
-259
42
1112
-485
-394
-325
-1919
-933
68
588
-268
-332
-582
-529
-242
-117
-1172
21
-855
-508
392
32
423
-257
1305
1419
448
774
-99
-605
78
239
-28
-344
-444
1223
-788
1418
-942
296
65
-125
473
710
-723
336
657
418
-418
910
-815
272
-346
219
1305
-129
254
-295
-230
-365
1407
-61
-1009
554
-158
-724
852
-1031
73
-578
-283
74
-726
496
886
-1121
-1227
-586
-281
394
-477
1221
492
-716
-721
-441
278
-507
-463
-335
152
-343
820
60
207
65
141
762
548
-306
583
167
-1012
356
-306
498
-339
-194
-110
-193
-500
520
-105
618
637
-199
1144
755
1104
-599
-58
163
-40
417
-257
-928
427
583
282
176
-396
-626
-162
-408
-800
197
-570
219
-521
800
1312
-112
206
337
422
-700
-211
-229
-230
1098
-498
768
-140
-839
-1305
-681
-1268
-498
374
124
-1009
553
534
107
344
-231
320
-376
-833
1101
-113
-250
-301
-803
101
-362
-669
-913
364
808
330
-555
-560
807
-1315
-385
1186
302
-229
-2325
265
351
-979
81
166
-240
-214
272
259
1594
-779
-1156
-293
-593
-178
723
886
-621
1
709
-42
-67
-631
321
-230
-1263
-283
1058
-551
1221
-205
-680
919
-1210
722
953
-1780
297
-307
1727
1020
80
777
1998
-124
-549
557
67
-521
420
375
-1208
-407
-580
-338
-674
-808
429
626
-1252
134
1348
187
862
-30
-622
329
56
-365
2
2037
718
-220
-40
169
-159
268
1570
-661
-991
-1509
-197
-1322
1491
503
-66
303
810
48
-511
663
1177
518
-300
-2032
264
1877
-219
793
-152
707
-450
-292
-1058
212
1159
-908
-691
226
-811
-580
-588
32
-457
977
-9
1104
-355
316
1406
-107
-1277
993
-110
93
-299
329
-325
55
80
-29
515
349
1219
-537
-210
3
-551
381
-721
-300
318
-657
1002
102
86
771
713
-295
44
365
1461
675
-812
384
165
92
4
468
-648
-499
444
1193
-241
-1620
-220
258
-824
1212
-336
-589
-80
-611
-684
-614
278
-36
268
567
603
197
1742
-493
-259
-99
-8
-2
818
-564
-295
119
153
1464
-58
-76
181
343
-485
-346
-206
340
494
-1203
851
302
1119
152
-1670
-326
2301
119
-204
714
-93
-1085
187
1113
-84
625
339
-262
-1409
-612
-960
-395
-183
-408
-179
-504
646
-513
331
-807
-271
298
-17
557
46
-42
221
785
-931
-1048
1103
374
-1025
157
-786
1256
431
215
620
-478
-499
-2075
-728
952
-546
47
302
177
162
-519
-1844
231
-104
-696
1981
-901
552
25
-303
156
1740
1086
400
-625
496
1500
1336
1457
582
-789
245
162
1312
1118
986
-144
-562
1102
150
-1356
-185
-1328
145
809
-263
700
2515
-36
516
-413
69
1337
682
756
1259
-369
-882
293
-728
560
86
-712
1205
-193
-25
-504
-428
-241
-246
379
-760
-803
-1179
900
-505
895
1093
735
-15
-1022
665
-461
159
440
362
-1155
205
-1321
358
-546
-45
930
-336
-480
-1005
-140
353
761
269
910
-768
584
-652
-455
821
-335
-472
1504
57
599
-737
-695
464
-526
-317
172
-359
985
613
377
2496
-2389
-6
-298
549
-65
1
-676
941
1630
1214
-7
692
581
237
-488
758
573
658
1423
1206
332
-494
559
617
1066
1718
-52
1595
793
1090
830
-1164
296
582
-43
544
1037
1176
-1003
-20
-1377
803
-725
-498
229
1471
846
-48
-794
769
349
130
-1249
-426
-816
-339
-67
-406
-94
543
923
-1048
-502
-1119
421
1244
-571
320
-551
572
33
782
274
512
97
45
-912
999
704
452
-543
-44
-883
-492
335
119
-241
-93
-280
-540
-627
-440
-374
-548
1152
134
1174
1133
-875
-431
-355
379
-653
-62
43
-306
1382
-452
-206
854
356
-2152
209
-613
13
164
-821
417
389
802
-82
905
925
-163
198
664
-271
-827
298
-152
315
23
-842
-75
-640
189
605
-597
-10
-566
91
-1173
113
335
741
160
-696
-302
635
303
843
431
-149
-88
-66
33
-295
-190
1003
837
-918
1123
-1491
-31
135
-251
443
-790
-481
194
-587
251
-359
601
-688
-588
-449
1059
188
575
1325
340
-577
-526
61
-523
183
141
464
1179
762
-559
-29
-1184
519
-312
-472
-355
-160
-527
79
128
-272
397
1338
305
-1099
74
423
-609
-55
1020
1679
-344
-641
1100
276
-621
1332
-1360
-737
-41
-443
-47
886
616
-1654
-1092
-1442
-847
373
-1529
-366
-443
99
-304
-912
1889
-202
-455
562
-688
-119
-329
-1241
-379
498
-600
623
-562
571
-815
410
566
-88
380
820
684
-251
-1229
-419
-349
-461
464
540
424
841
-201
447
-200
-657
-48
823
1820
-296
551
369
174
-251
1061
-610
519
426
1094
-281
-616
502
-120
-1794
1030
421
65
264
-255
592
1245
-797
-631
-99
728
-279
-289
1147
-1893
1992
1300
-288
213
-316
183
519
-595
996
-381
-293
-432
-1765
-425
-938
-27
619
-16
-669
380
552
-303
1095
-44
1694
-356
-33
-36
-520
-1361
53
-498
-719
715
-576
-613
232
-1467
-509
-395
-59
-870
581
-681
-26
359
623
112
-1125
-49
1276
334
559
-798
1149
1412
226
-122
-748
789
308
1815
-458
1496
689
-779
83
1446
-1127
217
763
-144
-1388
371
631
211
-298
44
359
468
377
402
-163
511
2411
803
-251
1095
-568
-560
229
757
430
-463
0
1084
520
-1429
-527
-230
760
-187
-1053
-473
-217
-467
340
-453
909
-138
647
1165
293
-2047
638
161
623
-1052
-217
-566
-275
386
820
91
-28
-1113
1301
-1126
491
305
745
110
-704
947
-689
677
856
115
837
521
691
-56
591
1544
-672
-47
-691
218
397
-36
-92
306
-362
9
613
1095
-920
1620
-854
37
982
388
423
-551
839
-548
-755
-637
208
720
669
62
-568
549
449
-787
-477
-476
149
-1350
1192
364
-430
927
-732
377
784
-955
82
416
-157
1358
435
2053
170
2
238
-225
-411
-356
372
1084
866
-1023
-986
-436
-1691
1315
-744
351
755
729
-230
-422
884
-321
45
1445
-76
-502
-795
201
-323
-1303
106
-420
440
-94
-68
-904
739
-121
810
-127
-26
283
-179
1111
211
341
-42
-218
790
-1843
-273
-277
-605
-168
-1784
1387
-284
-316
-472
-1483
-454
2
-126
-512
-366
-793
-914
619
-18
-1533
695
373
-236
-451
-247
1323
-14
-1000
-635
-462
-1251
396
890
-893
347
71
-88
154
-522
-415
671
-426
65
-597
-90
50
668
-937
-15
593
365
1127
-205
737
555
-663
1210
1228
900
376
1270
285
283
1575
115
940
-450
-665
-117
1522
101
1167
681
258
199
-713
-1707
526
523
385
449
-547
513
-970
-1113
1174
-252
70
-1315
-656
619
-834
419
350
714
-1301
-655
-835
-228
954
812
455
-386
571
-529
389
113
407
-650
38
1126
-266
479
-288
443
-678
443
-1091
1277
308
-1288
1288
-264
-1398
-1255
-860
1742
-115
-418
88
666
-959
362
-944
-666
775
-168
921
26
10
-281
-1546
-1021
-562
-361
-800
-193
728
298
425
606
-517
-170
172
-1381
538
-117
19
-749
-105
374
-987
758
-555
-1809
248
102
120
-565
-375
1215
169
888
-173
-427
-973
902
339
-306
875
-1170
90
-388
-223
853
-1241
-839
-647
-353
499
-1236
136
29
-241
-377
556
121
684
-479
619
302
-732
-264
143
300
-903
41
348
-1368
807
1447
1287
51
-178
245
-116
171
-192
-1191
93
-1751
1065
-659
52
517
1289
-184
-476
460
-1330
685
129
1071
79
690
174
765
-43
-21
742
711
-175
1009
-803
648
-137
200
1087
-251
261
797
-548
-1138
-594
-249
677
-1163
-183
-1091
-238
-203
-733
-634
748
34
-529
664
-1136
-1040
-464
598
978
-523
-3
-910
-262
548
416
-835
1031
168
1061
-186
-1069
812
-707
-810
636
24
-617
468
169
-263
-195
-1416
161
-654
293
1084
-66
-73
499
910
-1091
-1569
-420
-113
314
-186
1627
1229
-622
-784
269
-19
-489
661
-1098
174
-199
354
675
1208
-495
245
-196
-778
36
-596
521
982
-1925
-1821
-248
-198
1460
-927
1107
-388
104
-776
542
1263
89
1472
691
285
788
257
65
679
-265
-971
485
362
432
-798
581
-442
15
868
296
-765
-170
-425
1250
340
-970
-912
-327
1132
336
-1050
-325
221
-835
1213
820
-87
-251
-732
-451
-947
-1200
530
346
-808
95
-1730
278
-1611
-1258
-660
-14
-303
97
-1365
-299
1338
248
-173
48
788
75
1344
-109
350
726
-675
868
-550
-558
-44
166
366
-42
-58
414
107
-713
-359
-557
1248
-28
2115
715
-1282
-300
411
1422
389
456
-155
-115
-250
-542
323
-1018
-998
-378
617
560
699
18
-1155
-917
41
262
-995
436
499
362
270
-362
6
361
145
290
-319
-498
-136
-381
140
168
285
-1868
725
-284
506
-197
300
-195
492
-209
989
125
674
1337
-1231
-678
-378
-505
123
1040
-1210
233
757
784
925
436
-458
191
-283
-1339
85
1224
288
-322
-1472
478
146
-598
-953
-458
-994
-1819
49
616
45
-235
-1425
-190
-1204
-592
-315
-235
-1084
133
-458
363
195
1069
-314
-358
-215
1496
-982
-432
283
187
609
278
175
-1593
-120
19
365
-678
239
442
-182
40
-208
15
987
-1097
-1179
-286
268
269
1091
-238
482
899
168
-1489
39
754
363
-459
-534
-1065
421
-995
739
-22
582
-709
-479
-138
1425
234
1018
-558
716
182
-38
1079
-706
538
-835
-586
270
-1085
-892
362
-1156
-396
696
-994
-797
-390
-369
-540
-445
-764
17
442
109
928
-43
-153
-89
88
1262
-668
869
-501
554
-275
-344
945
10
355
-108
-1282
472
-184
-760
1078
-200
-114
-747
1160
-710
125
1079
-452
-574
-60
-213
-360
2
921
-206
1038
529
-804
-438
598
99
-858
366
483
-682
335
-356
24
-270
0
-1896
323
-707
545
880
-1038
-78
83
290
238
188
-713
254
235
1096
38
83
119
1238
598
-162
-17
738
30
274
615
273
1029
-964
-384
81
910
966
-194
788
1276
-926
505
-863
-1003
224
-804
820
300
-164
-29
-90
-631
409
-1707
1119
28
-316
173
-44
506
-436
372
-627
689
-957
-216
27
-431
-28
667
17
2264
-1118
538
-42
-666
491
-1560
825
-152
-279
-916
-183
-98
1099
-348
-1298
-591
-906
350
92
-482
585
366
598
-514
44
1115
-972
368
-826
977
293
-38
-1055
-709
-1606
-965
1573
367
313
-330
-165
-1047
303
341
1238
88
-1038
-430
-363
-297
130
893
-53
582
-681
-368
317
11
738
243
-808
-891
-1247
1213
-71
-1959
1483
-798
-571
-154
-111
-859
468
-457
-132
214
-769
-881
212
46
556
-514
-63
689
726
-97
140
-757
772
-778
557
690
-283
-523
239
-9
-50
1036
293
-475
-1406
1053
-86
72
-58
857
-396
-999
-483
1061
372
-249
-472
476
-194
885
-294
-1187
-447
-85
-191
936
864
200
-205
-653
-1053
595
-321
-830
233
1225
-621
13
-391
752
-574
829
-118
364
-1002
-235
-839
296
-73
-465
857
-144
125
478
289
41
-366
1287
-1522
519
268
-407
-1129
169
-270
271
-58
-309
882
160
-508
258
760
-1180
858
-1013
-595
381
-352
102
-328
532
974
-981
511
118
27
965
-315
-207
-266
249
6
-567
-1677
601
-765
-6
1033
-891
-1
-833
-132
-1060
-668
475
-823
-1279
14
-1013
-494
-14
-114
-420
909
-229
-1702
1267
-832
1809
1253
-174
-780
-315
-344
125
-355
530
79
-203
282
482
-470
1350
-189
309
927
474
148
-953
-149
-514
670
-1188
-156
261
685
73
-781
280
102
332
1065
-1252
-1200
-408
-360
-1006
-1242
-607
1214
211
497
1491
-37
1359
-530
1003
-437
-263
927
-333
-826
1086
-1233
-69
-354
322
60
-1317
-308
150
-162
-208
-192
-2
-648
-307
-1240
-210
-917
-238
419
-372
896
-1958
-521
-540
-187
-264
722
-194
-124
-995
779
331
-226
-485
1265
402
-392
400
801
-861
161
-35
908
-19
91
1086
-295
244
-501
-435
589
-492
248
785
-788
338
-607
-646
523
343
-1016
431
529
-1383
-628
16
962
-557
70
-40
-26
314
-532
-660
27
-60
954
1393
121
230
1155
773
-641
725
-30
521
-763
1760
466
-73
405
-668
182
984
-1000
276
587
608
-147
530
478
-620
-163
527
1883
412
1997
81
217
221
831
188
916
-937
1109
353
-718
-640
-207
916
694
1448
-2151
242
122
277
550
48
-662
-260
-1055
226
615
508
118
262
-839
-1320
-64
-766
-940
146
419
-426
-81
283
28
323
227
460
-1094
38
-11
232
-261
-984
-553
-1362
656
516
962
-1327
-356
1115
-921
-8
-25
330
-58
936
205
-76
-136
-2107
1795
-303
-634
214
116
-338
765
231
-417
-2069
189
427
-601
-344
-739
975
-1144
-591
235
-1191
-921
289
179
288
-539
996
592
-911
-827
-385
-246
269
-54
1105
1502
-639
640
291
1506
-23
-1123
508
57
-939
-237
151
-853
757
482
-173
69
-214
866
193
-707
321
379
-825
1579
1138
585
-246
233
867
-958
-396
117
367
460
-117
283
-569
301
434
-1185
817
-2069
-153
-441
221
318
-265
733
-614
1217
739
-538
1118
-196
390
1106
725
194
-646
-1030
-512
-1058
-497
-1085
870
868
-15
-951
1069
-132
33
674
-868
-1491
-190
137
-562
-213
-215
-486
-590
343
415
940
-326
-706
-468
528
237
1389
156
335
1205
-396
150
518
384
1003
900
508
-1262
-306
-1130
717
561
41
-961
1463
-1325
-882
1543
208
-927
1781
232
485
-696
-1060
725
1368
1233
-17
530
-351
321
2227
686
284
225
-3
676
-374
338
640
951
-377
223
-2028
-519
-285
1888
963
-419
-698
163
1131
103
-300
985
1216
457
336
438
-628
-640
-51
-642
-42
-694
169
594
267
251
-233
367
347
1025
429
604
276
1176
571
1079
-2152
1573
-96
520
143
-51
-201
-83
-290
-563
219
573
680
-531
-1098
-714
-182
547
-1093
-471
-653
-936
-35
1090
1160
242
-77
-502
-75
-3
119
-34
-76
317
-526
-588
-493
-524
-2037
718
1167
320
868
-493
271
677
419
498
605
128
-640
-518
50
-222
-172
-140
295
-427
349
133
-1
-174
-889
-1492
-1413
-124
-81
746
377
0
-1401
-725
-93
-166
-413
1001
-1652
-387
-1688
593
101
958
-944
931
439
218
-236
1097
-335
-668
-226
-466
621
-505
-619
-106
-260
1473
1628
-307
-524
691
365
-336
-9
-1481
298
-117
221
393
-1415
-166
-765
971
377
-25
-48
-730
-127
728
221
-174
1515
803
-36
-738
1191
1027
-355
-153
178
-21
156
-808
-460
-525
40
753
-250
-94
-234
1197
177
-550
-55
630
-238
103
305
-1243
-483
-883
-837
122
702
-1258
184
-219
35
-807
383
-538
296
-140
674
435
-387
1735
970
-108
-392
253
557
826
-78
-268
1139
-118
-21
-516
-87
661
455
1277
315
-362
-1537
383
1085
-192
-15
-376
401
499
151
984
833
365
-348
344
-474
-273
39
-281
133
797
364
-409
-811
698
-563
-555
195
764
240
2398
-917
-2562
-1655
-15
211
977
-876
-718
-822
-812
180
892
-258
-681
-671
601
967
-45
-649
661
23
1169
-885
665
-966
-938
1050
-1491
167
1826
-870
690
446
-424
256
564
750
764
1864
52
585
-575
510
-862
152
-507
-144
223
-1109
-1093
-601
-203
-1186
-422
6
-274
-318
-102
-997
-366
176
310
768
-75
-281
490
248
-380
434
116
36
-347
949
287
-130
-719
-271
-334
484
627
444
-422
-650
1083
-159
707
-935
-489
700
894
-25
-252
8
-715
26
-433
-11
1245
-344
237
-592
611
1622
-631
480
-291
981
-462
544
927
369
1118
-30
388
-634
-472
-1367
-1763
-28
-1020
668
79
413
163
767
-157
-507
-407
177
-312
-1150
386
-409
-1659
643
102
503
789
-305
-603
1907
107
-345
-11
-49
-1136
465
-1384
152
58
632
283
-294
-861
-238
1160
210
586
1078
-767
-349
962
389
-673
538
-745
195
-465
-427
262
599
-968
468
23
953
265
-735
-238
198
326
508
-465
-377
686
-1116
-1499
-86
-2024
-268
225
-108
-362
-337
-730
176
-742
424
-624
1631
-1044
-32
778
-235
400
-475
-955
-862
-1201
-909
114
-109
548
159
-223
331
410
901
-1284
370
452
-148
-250
28
-403
-1824
-499
122
655
-86
-387
705
465
-694
-1084
-267
185
556
-90
-400
243
-592
267
-640
750
-349
-82
-691
655
-279
-399
-81
-565
507
-978
243
113
-26
-1214
-1138
48
-751
-862
306
-634
2
-43
-857
1794
-967
-693
326
407
-795
-759
248
254
-414
814
-199
1165
-388
414
-832
-125
-94
185
-29
1656
-1009
1734
911
888
-655
-75
208
-147
-292
-31
-1099
-628
871
-732
506
-401
1155
-274
-413
-879
-1240
-230
982
588
-204
-343
27
1383
977
-947
-1017
486
-629
84
91
1752
550
1680
-1540
597
-943
-726
-698
-669
942
470
1185
-29
-524
-548
-178
-106
-205
-551
-115
459
-814
339
-117
-454
1329
75
-554
101
418
594
-314
-165
-1409
-95
355
422
-326
-243
-784
-260
-84
1371
299
-583
-1023
510
-401
48
-169
-194
322
298
64
1282
627
-483
696
163
414
-223
216
-1339
590
65
-525
-522
73
-1196
1150
665
115
846
-240
-30
444
102
592
195
-6
-60
851
-720
572
687
197
-534
373
-587
-326
-421
509
-790
400
-1803
893
772
23
-231
152
858
50
227
-600
226
-911
63
-1138
-673
-1104
-718
-1121
860
1187
-81
-637
-287
-193
-585
-5
-447
315
-771
203
961
390
23
-189
-1512
1636
-192
673
-1328
-1241
639
-199
339
-123
-151
94
541
927
-26
957
-107
-329
-33
-270
761
14
547
-459
1325
115
-49
607
993
233
830
1011
183
283
-171
-357
-667
-51
167
1112
952
165
-476
1436
-1398
-629
98
-471
163
1477
-432
-572
-226
-367
-572
518
147
-220
179
306
646
670
-1263
-247
-667
892
-238
362
1145
55
899
-423
143
-164
-705
-24
-773
222
812
1597
-1126
25
141
172
977
-54
-337
-429
83
793
331
-286
-701
-826
-686
549
18
52
-246
670
334
210
235
-169
-126
-208
-335
1045
-333
118
1473
161
684
434
-245
-409
-1212
-17
164
591
-742
-1
550
-38
1798
1246
555
548
-44
1128
-150
-1152
-59
706
-579
-1274
-132
-765
-401
-684
446
-210
-1530
-525
-173
305
349
-434
820
-454
634
922
368
926
1047
-768
1170
309
-951
20
-411
1079
-746
-430
-675
253
-313
-460
917
-37
-459
681
-663
-677
209
654
-244
-602
-1668
905
-179
-229
148
852
-1175
-248
66
-450
-105
-570
-845
455
-554
-239
-1050
-27
256
-42
578
-69
-215
-1390
15
-932
409
-834
207
66
665
-64
-539
207
-641
-800
922
-498
-38
-669
167
-937
-337
94
247
-1146
-70
195
442
-812
-93
-269
-492
-93
68
682
115
-287
110
-972
500
343
599
-754
301
906
-565
8
289
-100
-164
982
1227
231
-883
-161
358
504
687
764
-536
-1760
-546
-203
1155
-398
-812
-501
1093
-28
-1021
224
-1098
-899
1204
307
523
-541
515
-439
-269
1148
1252
-503
698
-66
954
162
730
133
579
436
-160
-753
743
679
-36
150
-158
-275
-632
776
-385
986
-460
-656
222
645
-672
-563
801
599
532
15
101
270
-222
187
-713
135
-892
-541
-1180
553
-679
-365
44
-357
1368
1438
99
1107
151
330
-1034
-796
6
-344
-168
-262
-815
1080
531
-763
396
-1383
-501
-127
-1292
806
-1318
-647
462
276
175
654
1039
-736
-638
-283
227
-357
-863
937
612
-185
-1387
-998
652
2196
155
435
9
-496
-271
-1393
954
-843
380
379
1055
-146
-316
157
-943
690
92
44
188
-962
705
-266
-315
851
1770
-393
-776
718
333
-73
-399
-977
-543
-89
-139
-406
1716
325
-596
387
-862
-1192
1452
933
-323
878
-821
-546
-874
587
-857
-1705
544
-1812
-550
-786
-786
-259
-1688
37
1276
-207
-1488
-211
288
358
-99
321
-111
1031
-330
-182
447
-312
-194
-59
204
923
1061
-40
2114
-93
-1407
-368
-865
1260
387
1081
-570
-124
502
-137
-247
825
116
519
977
401
-715
125
1744
1303
1068
-1533
131
-858
47
1005
-1236
660
206
-654
448
-397
1344
-708
1204
-304
410
666
272
94
394
-784
283
-387
-383
1370
1057
1111
-170
-384
-30
249
901
-293
-140
-681
-1121
-261
917
-403
-1147
472
747
-579
340
538
131
-225
86
46
183
-901
-196
-235
-73
-732
68
668
-1330
-691
246
736
819
-47
273
-991
-1113
196
-597
-489
363
-336
877
1259
708
-116
-56
710
-1277
-371
-183
628
-854
-311
-794
-530
387
52
610
470
-86
1146
395
-112
1583
-818
26
-85
-758
-1193
-1649
-75
-335
888
687
-897
-592
239
209
150
-667
-752
680
-1225
-541
212
-256
-1364
783
-342
-1339
-846
749
-364
-409
941
333
-56
60
61
96
-668
974
-116
-307
-706
-478
1226
-524
-50
-28
83
747
-1378
306
-432
-823
-80
-1089
-307
187
-1013
18
-208
163
351
290
-616
-518
-160
-1087
-945
520
823
492
-995
21
344
-286
657
82
-1201
-1155
351
325
-589
-1495
-557
343
1663
-744
-1447
-138
20
-809
-762
147
219
1431
-888
946
-320
915
-680
169
567
385
147
322
-1219
161
-134
37
213
-589
-279
688
-244
631
-91
-151
-395
-1738
122
404
698
850
440
-459
-1170
-1598
-1698
969
121
1343
-41
499
-1854
-1544
235
290
-1392
-62
-334
-49
-136
-622
273
-382
1191
-272
1004
-897
-763
-307
1043
876
-495
-489
299
1149
-947
66
69
295
-237
43
-936
232
-107
3
-637
616
308
-98
704
-571
261
1139
-483
545
-3
696
-453
-248
335
-250
-282
483
96
1205
-668
-1823
-500
1352
833
-522
805
433
-354
-596
1222
-109
379
-950
566
-132
-933
1497
284
-1016
-693
-1085
427
-1713
-773
561
-275
-1354
-277
410
-299
-91
185
-538
586
494
-1457
1004
2317
1066
-54
636
508
1066
-318
-1021
-713
-326
-416
647
-110
16
397
-104
46
-397
-1155
1145
-607
-880
218
350
10
166
112
-432
-1020
376
-621
-445
51
-198
569
-1199
-1117
-659
-158
-101
291
215
466
215
135
578
-1615
763
-987
78
-221
-610
764
39
-186
-379
-720
-108
720
816
236
144
1560
175
-481
-467
-550
-213
1144
-893
679
1336
884
481
-401
-1089
272
-1
820
-254
187
460
685
923
-108
350
-917
-1016
-585
380
1688
-720
6
-278
178
838
155
-447
-1447
186
636
222
410
-1086
-229
-492
-571
-89
333
-1600
28
-719
-743
639
288
-655
387
-221
382
1575
294
925
43
1977
324
453
414
344
-1104
1065
747
140
-560
-957
-1372
622
150
-320
684
496
757
-963
210
992
859
194
-581
-60
-890
-673
582
312
966
328
443
1253
-1051
-412
893
656
712
511
-59
-6
945
350
-1095
664
238
-188
-95
1057
605
-893
608
-1202
427
-551
1186
160
425
1313
-154
-318
-250
-508
-58
-45
-201
-236
-271
589
979
-820
340
460
804
-115
-160
-353
245
157
590
486
963
594
-430
1052
223
-492
855
1390
-412
841
-670
451
259
-1658
1802
844
-466
-999
-757
545
412
-278
-572
-237
168
-699
305
-879
140
983
320
-658
742
1095
-1239
-702
240
-958
369
-2070
587
329
-419
572
-437
-231
-86
-88
1373
-1364
-219
100
-37
574
1156
634
1171
-589
-231
329
-405
-546
704
258
1181
211
525
238
-202
-137
436
-666
-1165
-223
-252
664
1692
-13
96
-852
-60
152
159
-796
-441
48
1045
1313
-316
-646
-1230
-569
351
-644
-20
-357
1135
-163
-50
743
10
-875
927
-1122
-835
587
-24
-234
1114
261
956
-638
1456
405
-920
-371
1131
-49
1122
410
-700
-1590
549
-158
-550
-778
1083
-935
1073
-1390
565
983
-85
794
-293
-211
97
405
475
428
-502
11
593
8
-7
-1138
866
2157
-572
196
360
-477
361
-159
417
723
162
500
646
1556
-1466
-360
-284
783
-280
-402
-329
-1103
750
-137
-1329
-779
-1912
-250
-168
-299
-401
-638
227
-113
-166
-467
39
669
-770
-437
405
-23
1016
-625
-1399
732
188
-137
-267
406
231
-1307
-300
630
-370
60
246
-647
572
-333
-247
236
1
-1020
863
-117
245
-71
750
-961
-217
869
-618
-231
-1084
-122
90
122
-1115
-46
1475
691
-12
1137
1
241
468
-391
1197
53
-754
-78
1030
-51
-1183
882
-350
-514
282
-498
-1049
821
224
-149
-1032
-1362
550
-329
-914
106
-716
-535
415
1009
31
-1411
965
182
759
-1311
345
42
1319
-293
-663
-200
1255
-352
-230
-294
-546
-390
-1118
146
-377
-1259
-132
-660
58
1164
-642
-180
-370
528
661
964
902
90
176
-47
-1454
584
211
550
218
708
446
644
176
-335
-458
1310
495
-183
37
-609
2102
-95
-1055
-699
-1420
601
247
-135
350
78
1469
-1015
241
-627
-170
-691
-795
752
610
-888
-426
18
142
-413
261
780
542
504
-566
781
515
327
-505
410
-1563
-613
260
-499
-205
-67
-181
-1871
-636
-737
906
837
-950
-860
-416
49
-1798
-1226
258
-995
-354
-191
-188
-1035
221
407
897
190
-458
-645
118
166
-938
270
-472
1842
293
-406
-464
-491
775
523
-250
1047
592
-95
173
592
870
1648
976
21
426
-426
-1201
-718
1758
908
-639
55
-1008
-1143
-336
-345
541
-901
484
617
-313
-761
-583
-850
-1247
1289
541
-568
-1685
-795
-151
1230
-180
-598
827
169
-523
-446
515
-731
-224
1199
460
-352
1415
1195
-607
-605
-615
226
-991
1080
698
-911
-22
874
-738
381
299
-1141
36
467
-131
-149
-1732
-1999
-67
-1862
80
-816
480
590
1885
351
853
-14
639
1680
122
-471
604
103
-313
47
130
-720
302
18
-181
1119
-647
273
-258
-374
-53
-394
742
383
-1354
-1252
-164
934
287
-329
-702
238
1005
218
-242
-366
-1293
155
-872
-36
-33
781
218
-855
226
-448
421
238
-1670
396
-1464
297
87
-526
1105
-167
-382
963
1318
723
209
-132
-1023
-389
54
930
1009
82
538
-670
835
-1280
-1487
-924
204
326
-80
161
-179
206
-181
378
-472
35
-953
-808
-570
267
-33
-265
-654
212
1093
1158
633
-616
-66
1184
-1017
1404
497
1007
-112
1028
-157
-692
303
-464
-928
-283
92
807
-375
-653
-284
-293
801
-303
-619
242
355
1077
-319
163
-191
36
-20
228
-693
-116
342
-1187
-302
-1191
187
935
-84
-282
-30
582
628
54
-507
355
738
269
-910
-1541
903
-58
-519
-633
889
-10
457
635
16
630
-897
-183
-1323
235
1833
-652
-448
-1312
-141
-129
-1016
617
57
-245
417
-606
419
1228
-31
-447
-427
-599
1377
-144
-525
-1038
834
-87
1054
-22
-1327
-632
313
-775
1306
-1721
-909
-490
801
419
-1052
532
406
-189
440
-460
-788
-730
-527
1273
251
71
-643
-241
-1237
297
716
-127
1112
-155
531
-402
-1028
951
-497
148
-616
1036
-704
-874
15
-806
278
1139
1044
-675
-285
108
657
-209
-485
45
903
375
-257
602
-243
676
844
-1139
-1201
-1619
-368
23
-1015
1272
-647
-461
-1371
-1352
-224
1019
-499
-508
-413
439
-1103
-679
153
-458
-907
328
552
268
158
-468
298
-10
21
713
824
-490
891
-1246
-214
-767
261
-191
-185
251
-440
814
-202
-742
-573
149
456
-826
-1195
984
560
-476
1132
658
145
6
165
-1009
-824
-443
-1233
119
-395
-568
404
624
-1043
-86
82
-674
13
-166
57
720
946
53
515
-498
-158
523
314
404
-303
590
569
-1168
97
948
-1286
423
-14
-1261
-83
681
330
-786
315
-34
-310
965
-454
-852
-1412
89
-851
716
-394
-644
1138
592
-244
-62
-347
1362
560
-1743
1781
-109
-584
258
633
1020
22
519
161
360
82
-571
-572
-168
-1076
-414
1304
20
452
730
-477
-182
-1391
-1009
-199
767
-62
635
-66
-1198
-993
228
39
19
1166
97
-718
252
526
-271
60
986
-1325
1129
-331
226
317
369
-428
-70
876
177
-1551
-1866
494
661
151
1115
-660
772
777
9
-1305
-26
-250
-675
-507
388
-17
-272
133
-529
869
-31
327
360
-738
-1174
360
-1648
205
5
908
287
139
647
642
-191
1282
1245
-676
-794
889
296
564
-186
-1718
783
7
-40
511
1312
1693
-34
-340
-823
1167
364
96
-240
1107
293
-752
322
512
631
763
-1876
1474
5
-116
-242
-138
-46
531
87
-551
534
861
-401
43
-1162
-743
-443
694
408
310
68
1329
-1579
52
522
369
-674
-461
-365
-1702
-1556
128
-88
-320
364
1740
480
-1211
58
145
-21
-970
318
-75
178
-201
168
214
-281
-210
-1468
-161
-39
1285
1061
290
-1011
-48
1041
-1171
681
-188
-27
-188
-919
-231
1060
633
416
-1768
-1116
897
-223
880
248
119
-278
-1288
-61
-903
-1210
-610
-430
432
-437
-663
-256
189
-45
-1057
603
70
2
-1197
476
1269
305
37
129
680
32
1670
-280
1233
-1644
-1248
-222
-43
687
-528
-1076
388
-438
1368
-396
-609
1467
-614
-423
5
348
-481
826
23
-989
-129
214
-197
716
1183
910
-457
627
-446
70
743
-1053
1012
836
635
-966
-64
1624
-318
-1183
1327
-162
-445
-138
-291
-849
727
-347
-1047
-2771
-762
-1005
-20
-142
-578
864
-227
-366
247
-4
-1478
797
-401
-46
387
963
-609
441
704
-1273
-513
310
1230
-1149
-270
-586
-249
-1007
1795
159
66
205
-481
-1107
-165
410
531
110
-418
-147
-564
-608
66
-355
621
-728
-1313
486
1010
-943
-346
-646
880
-599
1236
-1259
-966
480
-403
-145
257
-1081
590
818
-281
303
185
-135
-854
216
-493
489
-444
-695
866
-432
-948
-582
807
-531
843
574
406
-1261
13
-396
647
-397
-879
-880
-173
-775
-609
-569
-470
-822
346
-582
118
488
-174
302
468
1359
36
-247
551
495
1867
953
-1842
602
405
829
303
-1703
81
240
-635
-682
551
541
916
-129
-654
-1163
612
1172
473
-575
817
39
-425
620
1554
-1274
-192
972
-851
-17
-1094
-394
680
920
-89
-967
-208
308
-267
1393
144
825
532
-619
934
516
-1441
-312
-1757
445
-508
294
-175
1969
-223
-781
321
-531
-972
-123
210
571
-3
383
416
-642
-469
257
129
403
-273
-101
-206
1891
245
89
365
355
406
344
222
306
187
209
-1367
-1255
813
477
-1319
302
974
-663
169
228
1585
529
-36
219
-200
75
-362
-408
-1419
-1312
896
112
-310
1272
-292
1133
280
-512
625
-347
-366
-99
-537
712
-1101
-146
-188
443
129
-1412
627
-1792
-74
-869
-846
-290
-351
310
140
-600
734
1345
-50
-81
-74
529
-65
-657
1124
-753
-1710
1084
-973
1827
-56
-310
-1054
-1301
1076
483
592
-1171
265
221
616
-820
259
-192
1528
517
251
614
-415
-512
-329
851
-643
671
-1152
-1456
1210
1043
-809
-117
345
822
-494
-25
-413
-492
-574
309
-1046
-370
567
-108
-379
-610
-23
490
-308
553
717
147
664
-991
-475
357
-433
-914
-19
1485
-280
1390
-1073
1163
95
-612
-1082
-218
23
258
-137
1466
-763
-429
-501
-1154
481
644
509
-703
-974
-270
-281
-608
300
400
312
-171
1397
250
-560
-596
718
-717
-1368
504
-175
689
-565
-394
-162
-725
211
-1280
1003
244
-336
367
550
-1080
1123
-1005
-35
-990
1235
-477
291
786
-1131
-242
259
31
-1611
626
167
-996
-762
-507
180
-1250
260
-1028
571
183
-371
1135
2450
1220
-1799
-1034
886
252
88
-526
-190
-421
-646
127
597
-682
509
-287
511
305
514
-579
-140
-649
-489
-1483
-24
-395
254
644
-901
-366
155
-9
-165
-338
1128
109
820
-236
-163
-1293
-105
-1454
650
-1540
-1206
1082
661
-1225
-94
-706
-574
-97
-699
771
-947
92
-558
-210
-806
1295
492
600
-166
-1055
154
227
-239
147
257
-252
1604
515
-903
513
-331
434
-67
-1784
-275
-195
-677
-49
58
-1346
1175
1552
256
-112
-163
-1512
-979
-484
565
1874
-728
649
-1360
437
1044
-225
-475
-422
-554
11
512
766
-479
-608
702
-597
-880
-118
388
157
183
782
-328
169
-622
-1115
693
-957
-105
1644
433
806
862
1111
-6
278
1397
272
-317
-972
23
-729
1225
356
-1196
-766
-154
-172
-99
-644
-508
-409
-200
-1093
-1108
506
394
97
-586
-563
-1873
-311
-52
852
-79
-1167
309
-535
589
484
766
2494
670
-446
860
1716
-402
229
-839
-108
162
-309
56
1261
232
-537
-564
269
-585
573
955
-332
-212
-122
-1456
-43
71
-388
759
-588
-461
825
156
1628
-1016
-659
1111
1515
-579
-264
147
-1149
616
638
-1184
-933
-692
-1738
13
-131
154
267
-12
494
-80
270
-419
158
346
-1058
-619
-123
-948
288
480
-505
431
637
-761
-846
-233
-254
-130
48
-787
407
1
8
-575
-667
849
1100
-84
475
598
-291
665
-1117
574
853
2065
356
193
441
-1657
-100
-399
-937
971
153
239
-611
-735
-887
604
-654
1133
-602
774
571
248
525
682
-1248
-261
-195
-744
-1059
-424
411
461
520
-531
-673
527
-730
1411
-537
396
-583
636
-214
-790
-346
281
-578
-223
-1093
239
-631
367
-429
1657
83
61
90
-594
-406
-539
554
-736
246
-408
-1108
1476
212
-634
-200
247
909
828
684
-933
-100
-177
-391
438
-293
1025
786
-356
1331
1042
144
-698
-396
851
-313
-571
-739
-878
-511
827
-12
-1616
-234
-291
-511
-654
-932
-544
472
-122
-131
-579
-488
118
-186
-1094
-719
-965
917
-285
-11
148
1181
3
367
-768
-708
-29
199
18
-1109
-742
-167
79
-758
1504
-421
575
-136
865
555
756
-69
657
-307
1395
133
981
587
-745
1678
386
-1538
-564
-641
449
-141
-122
124
-744
396
-638
596
97
-36
842
311
-285
1722
-755
-131
1954
-615
488
-1085
674
-1154
105
1292
770
-18
-13
106
822
-471
-234
666
-777
61
-512
821
-783
-163
862
3
-184
108
-914
-1072
-32
-680
501
124
-95
-1764
433
-204
-143
121
1020
252
411
381
-196
-793
302
406
576
729
161
-131
-890
177
823
-453
-299
128
983
-2033
187
1221
-402
1367
-549
-1031
1330
-102
-415
-164
-474
-512
68
-104
757
-227
-95
-1548
290
-344
311
-839
268
-176
-816
-815
1080
-105
86
-39
176
-447
465
-480
720
-1151
-211
-213
265
-1473
-529
807
-35
356
-530
-838
932
-1001
-496
1681
773
67
372
-925
513
-443
262
520
168
575
358
-511
115
-492
426
314
855
823
895
887
1111
-370
-137
-887
-464
477
-257
89
292
807
-231
1531
909
615
-559
-1266
-1374
-557
359
-1440
-17
-141
1274
242
478
236
342
168
575
-116
-1303
-527
571
-1414
-1055
-161
-1766
-669
760
-7
-459
-846
136
-14
160
-277
-1651
-151
569
349
1698
453
446
532
2727
-1722
1346
1270
167
-5
85
167
107
408
49
598
1155
48
-375
1108
-582
-14
650
1088
312
1371
-868
-930
972
-735
-963
1359
-444
65
415
587
-652
288
325
-2
-410
-723
-638
32
2133
829
824
-313
465
-1128
180
-42
317
-1012
592
-552
-840
-762
-635
-145
767
746
480
294
-159
-1197
289
-171
-250
769
19
602
1204
-1288
338
327
804
82
-378
337
1444
-926
-679
-1031
166
409
-1579
-548
36
-313
-234
-486
-347
-673
-369
-109
-34
-1038
-1509
-88
-904
-839
-136
-566
-633
-247
85
944
41
319
-68
-324
168
-183
146
-663
554
34
116
744
-449
351
84
-348
1592
278
531
-129
-179
-1539
327
1302
-2116
724
-1331
-331
-635
1260
-1229
-190
32
729
-664
442
-157
-219
244
241
-384
-1761
-112
-262
83
-160
748
374
-42
-503
191
-510
-381
-253
-1285
-1608
100
210
-1006
178
523
1445
-1034
-465
580
-269
-496
805
-1461
466
-578
-59
-394
1585
517
914
-286
-513
250
402
-1109
67
-939
-722
-249
-620
-561
1028
-615
1179
11
1317
183
83
-731
-371
-425
235
-657
-1666
-620
-560
-475
-2
713
-130
-181
-1366
99
-786
703
-371
-596
-273
-1001
-1390
2065
-241
1533
-839
-1274
-204
797
1401
334
-134
457
-255
-923
574
526
815
-415
374
307
-534
528
505
-840
111
-1392
1556
1363
-901
-537
860
-774
-909
-494
-437
-719
22
662
-697
-786
924
519
30
131
314
-647
-2365
644
-840
-7
474
510
359
1195
655
146
621
203
1545
218
-194
409
1584
190
-30
-762
633
-1365
-208
858
-63
-767
347
952
-74
338
487
-150
673
-1080
-766
-231
-954
-1
117
-587
-1258
416
-195
596
-702
473
155
-98
-54
-56
476
-278
-1015
-201
404
745
-1489
-1245
-132
459
965
108
-57
487
484
152
1417
666
-43
443
-777
348
633
864
-321
1076
512
-457
-347
-155
796
-405
-582
472
-672
-978
664
-186
157
-23
103
-145
20
-362
242
29
-343
-936
291
-541
371
-735
-974
-193
386
2
-191
-1167
253
458
-356
154
-298
690
-1104
-249
213
891
742
-760
-1325
-635
-1289
-309
705
521
690
-575
-865
-193
1476
362
303
-106
-424
239
-682
140
590
1281
1316
95
-1171
37
1405
1084
-498
-55
1451
578
165
-951
-414
-127
131
-1522
-183
-434
181
927
4
1131
-516
1113
-141
-386
-1195
734
-314
541
1356
-836
-78
-117
1374
462
-497
-231
-266
210
1792
352
47
21
677
463
-666
637
-949
238
-362
-1067
-888
-675
-863
862
1030
-395
-228
-283
471
414
318
-517
1856
-979
1313
538
811
-1007
292
345
-375
155
36
-2201
-634
51
-5
-759
36
-204
918
80
-1187
-699
-318
-651
-390
-221
-221
-666
-60
146
3558
-406
1338
-718
-670
1199
-332
843
-714
-678
-778
-167
-47
-490
1021
646
395
815
-105
1311
504
-845
965
-159
442
742
-154
-296
1352
-1299
-403
850
-452
-113
-1216
1004
-525
232
-66
-1376
-124
-563
-130
555
849
-296
-88
1264
-523
-643
706
-534
945
-50
-356
637
-296
220
120
-82
-1600
478
736
-729
-621
-143
561
-294
-242
911
-503
-549
469
-576
679
137
98
394
-698
1269
-939
-1291
-240
-1055
1219
638
980
1424
664
112
-731
-664
-473
873
565
-1369
115
-1440
-509
-905
-217
-319
-1268
305
1102
1435
783
-69
-134
-220
-1595
299
-728
768
-82
211
-381
-518
-495
5
1457
125
304
-112
266
170
-396
-673
1257
565
584
-1649
-1176
843
17
-790
-408
129
-988
-686
-931
644
-1240
1142
330
-348
573
474
-575
187
507
17
-200
880
-855
-429
-438
602
37
-138
450
-516
59
606
-948
-607
-718
435
-1329
633
-253
135
-359
292
1045
467
-9
-218
136
-573
-362
-157
185
498
-768
1482
-511
-234
461
1022
209
374
-541
216
-1
974
-127
611
719
-65
363
0
458
-609
-18
-349
232
865
-724
-485
1619
1074
-344
-489
654
-248
2165
85
1264
-631
755
938
-1394
-866
-941
766
2844
260
584
391
328
1062
758
417
-437
1061
-209
83
67
-223
-809
-39
-775
132
944
487
-151
-1553
-1110
176
-210
1066
-196
-157
-171
1011
563
-47
24
-898
-910
390
1092
31
-35
-251
-490
52
337
469
730
1253
-106
-132
443
58
384
60
787
708
131
-288
897
452
-348
1262
-1018
-987
-437
-298
-455
-28
-115
416
726
-1063
-27
333
-1
-465
-201
804
-142
-945
-222
1621
151
69
1044
-810
-1546
430
1156
-1165
-764
-365
-84
-803
-1030
-575
-12
505
-87
350
1188
1201
-19
-258
655
-156
-715
1578
689
-659
-269
-242
957
143
-465
-429
991
1041
-87
-537
-786
1058
304
-822
1029
1210
910
740
715
-132
-309
-1020
123
1403
-505
600
687
-1129
-401
-586
270
823
-407
-324
796
-7
-549
707
-354
579
-63
322
57
-76
26
-470
893
-1097
497
-214
-1501
-50
-170
-399
-356
-739
643
520
-507
772
529
-480
514
-99
513
-200
-229
-727
516
-431
869
-1326
451
317
-2
-167
1171
-255
258
-280
574
-273
-106
578
-1268
-157
-24
293
510
-395
-66
-214
1450
-445
-142
232
154
804
403
1013
222
-1348
890
-146
-578
-441
69
1615
-1803
-135
744
-909
529
-970
-240
-551
-826
-370
1110
94
338
-503
495
-1680
81
-75
384
63
511
-1533
-265
-915
59
1018
-2222
-283
750
-444
683
-386
-46
1048
737
-794
-220
970
-797
491
630
-876
530
-1032
-278
-1297
-1354
54
353
585
-325
87
780
-241
-40
962
1418
-1096
1330
-580
-1169
-1653
-525
93
1034
333
-1574
865
-1050
-1222
243
1
676
-670
185
-35
-1307
576
-539
-61
1293
-575
368
-463
19
688
-1337
-223
-1105
-1042
-978
-30
47
-167
1219
114
-1420
721
-650
370
496
679
596
1349
-730
677
-493
-1208
62
-250
-693
-586
382
-673
-694
1190
-909
81
1455
196
-798
-1110
430
997
-369
-145
179
42
1029
670
-935
1024
523
1222
210
517
33
-1380
1260
-87
593
-315
-489
475
-888
148
-910
150
66
70
-242
-38
-507
-281
774
1145
-1049
712
1143
111
549
-716
-153
799
287
-23
143
-533
319
784
-351
-1231
1049
-908
89
-297
323
79
280
1056
-464
879
-1424
368
-1043
517
-790
-1281
-808
808
-323
-163
878
170
45
37
-698
800
-705
1157
129
-171
651
1222
2149
-358
-913
524
-302
-575
-752
1666
260
400
455
77
28
798
643
-283
1923
393
63
1520
-1198
364
764
84
281
39
-1106
257
-969
809
-867
613
422
903
-1646
-268
-110
235
-128
-743
952
181
-592
-858
429
709
375
-896
823
403
-391
778
169
-468
326
-794
-284
-160
-411
188
-508
444
274
170
65
1379
-387
1133
-783
88
-1547
689
-1785
-11
502
1171
310
8
-1267
163
-128
-523
-843
-813
-993
-555
-261
702
-620
-868
508
-281
838
1540
-603
-168
963
-276
-368
150
880
476
-95
277
-21
871
-727
-451
-575
5
262
238
-385
-152
948
520
1125
-644
333
891
455
-1511
599
-220
-591
1380
-338
-442
-330
1157
-778
-54
683
480
-976
685
1426
-154
-1855
223
-1004
453
-1205
1131
-294
195
262
1054
1072
-197
864
389
475
741
244
1080
-711
61
923
515
-22
-411
-418
839
-579
-436
381
75
106
-862
-715
485
617
-253
1275
74
-673
780
-750
173
21
776
219
-1395
155
125
23
447
-1033
690
-686
-1301
1673
-436
-906
-2525
614
465
-362
277
-208
113
-552
-1026
-412
-590
-1196
-669
236
-793
-187
1744
86
1466
317
1019
-49
352
-76
1726
504
-1031
-439
542
-813
-778
-491
-247
-209
95
-112
-183
1259
-677
-489
61
-1294
-653
-346
1044
170
-691
-635
97
-450
-261
-565
-836
113
-921
1276
-752
-298
-372
-1551
124
-747
-829
567
380
859
-1116
-303
1328
-82
160
1274
-859
-1437
262
-231
-231
-92
368
-243
-305
765
75
215
988
244
89
-998
1002
-315
210
520
1715
831
175
270
-21
-7
-1030
933
-93
715
257
-365
-707
-830
488
106
-623
1002
449
-945
-532
428
-1891
1500
156
-796
279
-236
-600
-354
681
-924
-281
81
-16
-91
202
-1082
-145
-726
-78
8
-1092
-776
-369
-444
351
-427
-1323
567
-269
24
-4
-260
-91
1341
-709
1494
52
-1693
405
-508
807
89
86
-892
-663
-432
-390
-336
1507
1345
30
818
337
50
-18
-1417
-240
-328
32
1193
-165
973
-39
938
1410
223
-68
242
-1221
967
626
744
-1651
787
-213
-466
539
162
-497
219
356
502
-196
1314
1480
-1286
528
299
537
404
-272
-691
121
225
1141
342
5
-598
-114
66
627
-47
1273
-171
-489
-271
194
-837
-539
-20
-641
380
509
-1265
-212
-752
88
743
589
-520
-322
-684
206
-604
1061
259
648
-753
-180
-74
946
-106
415
442
-905
352
-797
105
-620
-298
129
785
-697
-907
1030
56
660
578
-35
497
-826
68
1880
-517
1537
372
-1574
153
1010
308
22
640
336
617
-621
-966
435
956
-452
-260
466
-1373
503
-266
-612
122
-225
161
-533
-11
154
879
-283
-470
-704
-288
250
260
352
-941
-536
1189
118
1314
1207
224
884
-999
-274
513
917
454
1388
174
617
164
-1187
-12
415
-826
-1021
-135
-1199
262
1276
151
290
-1122
362
596
847
310
-298
415
-244
-974
266
679
-1076
933
-400
6
-637
283
-947
588
