25 60 784
0 5
0 11
0 14
0 23
0 24
1 10
2 4
3 1
3 13
4 5
4 7
4 16
4 18
5 9
5 24
6 7
8 9
8 13
9 3
9 17
10 7
11 9
11 24
12 2
12 11
12 21
12 23
13 6
13 7
13 13
13 21
14 1
15 3
15 23
16 1
16 15
16 20
17 23
18 14
18 20
18 24
19 11
19 13
19 17
19 19
20 4
20 6
20 17
20 19
21 10
21 18
21 20
22 4
22 10
22 18
23 0
23 5
24 6
24 11
24 17
24
7
33
37
13
43
0
4
42
39
17
56
41
58
22
30
44
5
6
59
29
2
10
40
8
53
49
34
57
21
35
55
23
46
38
47
50
28
3
48
1
26
36
32
52
14
54
27
19
25
15
45
51
9
11
18
31
16
20
12
-1263
2153
-1278
-923
-1109
370
209
441
155
400
-345
1116
701
1051
-155
-1080
300
233
-860
615
609
636
-550
209
437
-213
-856
472
165
-417
-874
-1241
-417
-39
281
7
22
-218
434
-787
919
251
196
-382
-121
-1716
-589
-201
47
1094
-396
481
1347
686
-367
1465
-119
2039
-1999
-642
-118
-94
1516
-539
-401
568
139
514
774
382
-1278
-23
790
192
-225
-113
-492
-735
-1358
1238
-265
-86
921
-1631
-60
-249
-115
-716
551
876
-1314
-629
469
-955
112
318
210
-1594
547
-29
461
566
506
1440
-488
-676
691
-1019
1218
-947
202
-293
-1400
-643
550
138
130
-403
-889
-382
808
595
457
41
1849
134
-1844
-845
193
720
1319
314
234
-129
-334
-110
329
-216
-304
91
-1152
508
-334
820
-1110
30
-604
-70
1140
-800
812
-348
196
-1469
-360
-1371
339
890
-99
-589
316
684
738
-615
-541
17
851
34
-70
-1019
405
-365
-1271
752
811
19
-660
510
192
-2
-5
-308
-223
-1039
483
-1154
772
327
-386
238
1049
142
333
951
-223
-1010
328
470
1390
-670
1298
-72
1633
730
302
-783
20
-1400
2128
833
33
711
-658
563
-188
899
-596
98
537
207
-862
-599
-38
112
814
503
-266
694
-1050
-908
208
-56
-807
701
531
405
-193
1221
-557
-1696
1582
-296
810
299
-87
36
-1221
-445
-804
408
968
1296
-216
-414
-589
331
-271
-1495
-545
466
-36
-2320
-258
-1983
1587
729
-52
-534
-568
373
340
-804
-279
839
-1045
-422
-129
1247
472
1131
312
75
931
-567
-653
-708
-1004
-637
-326
196
165
-582
-314
-248
-558
-456
-265
-518
51
-578
318
45
-644
-1026
119
-825
-531
925
1178
-636
430
-109
1292
68
-629
-379
206
176
-781
-509
672
1352
-422
1205
-945
382
-649
468
-2484
-599
-470
26
-171
833
197
-1716
-1255
1090
-582
507
-500
622
-534
591
-1637
676
738
-776
-404
120
1534
1043
506
361
807
660
-1715
524
-103
-794
-297
-12
993
26
-786
1039
-509
-2269
444
712
900
-53
-1576
-519
1080
635
-515
282
-133
557
170
-917
-1417
-36
307
-1261
-670
-370
114
-881
-502
-626
445
541
-508
232
485
-1053
-290
-644
-1090
461
-1190
-579
1242
-11
-50
605
479
349
1387
111
521
12
688
473
751
-966
-105
-100
-90
287
1330
1319
30
-479
-546
799
-54
-1179
-286
320
1452
473
-1467
-63
-521
151
831
367
-1736
-762
1120
142
-342
1383
-85
1340
-1412
-615
-1562
510
-602
776
-1352
431
309
-772
399
1211
171
164
-542
1232
1572
-187
1999
574
-905
796
515
-592
446
-83
-1335
-543
-964
392
-189
-200
1274
298
229
334
-414
-155
1583
-13
599
-1014
968
-621
-2043
-249
-224
57
512
-1501
-1004
550
-694
1222
-284
-1346
174
1012
-533
-421
309
54
52
568
-591
500
1736
746
-401
-1226
-413
-549
922
707
-801
27
-696
673
576
1027
-1099
-425
289
537
314
-474
634
-741
-1379
-271
-59
154
-195
1183
-495
-479
1238
-323
322
277
-339
1605
1933
-1076
617
690
-102
162
814
-559
-963
32
-1160
-185
544
797
-1075
215
642
-438
216
58
-753
120
-451
-1323
1403
175
-27
1109
1104
216
-232
292
298
-527
386
455
-1131
99
-2
352
1025
269
300
264
577
-1088
-377
-62
127
-1427
392
240
-539
903
303
-1725
984
48
-261
-470
-732
-1615
243
282
-628
643
-67
212
-646
299
647
-50
375
192
577
1495
1070
164
957
1040
272
-130
228
-518
-490
-509
-651
-128
588
150
25
-1119
-365
-734
-1095
-989
121
-974
-718
-79
-1631
401
-100
1453
-255
720
1053
-109
441
-730
99
1036
392
-459
-881
-141
-40
-419
1267
1203
1081
-191
-130
-258
-239
614
-387
633
950
-973
585
1024
415
734
-285
-1460
323
-656
379
510
-1078
-202
399
734
-339
94
-1038
367
1236
-223
590
-81
1135
459
-400
-850
661
-195
-299
936
-456
1105
-353
-593
1335
-1731
-912
-1006
-860
-479
-419
-76
-234
-998
132
434
-1010
1956
-393
1026
-893
249
91
-75
-513
-835
68
1270
82
573
1426
674
-216
1154
922
872
-271
1062
-331
1862
-998
-176
-119
-673
-593
541
-142
464
130
-642
-232
-112
302
1187
447
594
356
-951
-1632
-216
-1333
572
-1015
384
284
-532
-60
-1429
-482
-616
17
-649
-668
-1176
-222
-1283
1202
-945
-776
-1222
556
2016
1960
-329
-954
168
134
379
-619
49
371
-290
-1350
1230
-211
329
276
227
-864
-811
764
167
-164
257
-126
681
1092
311
514
-674
155
205
-425
569
272
682
-721
-996
330
141
-407
109
35
-179
225
125
266
-358
212
709
-281
-211
-209
1444
-883
863
-242
436
315
516
533
1192
-175
4
-693
873
-1195
-1728
65
-316
759
1167
426
-1445
617
173
61
120
9
501
-240
61
418
1
-1322
-404
1079
808
-61
722
-557
-602
2
-1513
929
-821
-1090
-396
1016
1210
-890
840
-436
715
-1086
285
185
-675
-382
872
-576
-1444
419
-2285
-132
1137
-117
1286
587
-1144
762
-305
-755
1066
649
-2034
361
-5
-586
-347
-412
95
311
-504
-512
869
113
-180
-727
-1195
429
1666
-372
-834
1222
1
660
653
-525
-151
886
1548
-306
431
127
-1295
291
645
-1063
1616
1168
-895
-341
138
-146
1108
915
-2613
-65
-990
-20
-923
-355
-187
-1238
-1111
-124
-801
-29
650
1242
-847
1712
-963
-175
804
-304
-161
-1875
989
-1433
-880
-55
-1021
3
-1111
950
530
-1508
-701
843
752
572
-1
-280
2076
-729
-292
-353
-38
-85
-130
-1684
-98
1343
-704
-1037
-218
551
-327
-574
1223
847
-878
549
-622
371
51
289
-155
-197
1206
720
345
-838
-1200
638
445
1010
-450
1273
-733
-1282
-143
-212
514
-136
230
492
1896
794
279
-244
-577
330
-960
-353
-154
840
273
-874
-82
821
-2120
-337
564
1969
384
326
1011
1295
-385
-1200
295
533
-239
-1293
-1028
1045
290
503
-336
-256
349
768
1308
-790
2490
-815
213
933
-586
338
-283
426
113
1051
6
-733
640
1262
701
361
96
1077
-412
-2049
-51
191
473
-163
-321
678
923
-794
-1418
988
-424
-1309
1163
-529
118
-315
-976
868
36
-589
746
174
-146
951
-501
255
538
-23
407
-853
-59
-94
1404
1170
-1068
-1738
-186
776
-1240
-415
789
1298
866
-1258
1140
-514
-1338
378
-306
563
-180
1097
2602
748
-973
-787
-647
-1131
321
-82
1446
-1501
-335
93
237
-590
-307
-132
-172
6
-9
-934
-6
-99
-413
577
544
-632
953
235
-442
431
-895
2156
104
-123
-1143
836
257
1452
1339
1144
250
-304
456
934
145
453
349
-264
552
1603
544
-1526
365
885
519
-486
-1007
25
-202
-731
-438
1538
1956
844
-1049
1611
-752
6
1094
-163
625
234
-252
-474
862
-673
-942
258
959
1742
324
913
775
-258
1614
264
1521
-2195
-253
-1733
750
601
895
-869
307
-179
487
1365
228
99
-1336
-93
-1031
186
-2
-556
649
-786
1196
1089
-802
196
-356
-544
685
-1065
-1082
339
-22
326
-301
417
-1465
-644
78
669
190
-257
-247
-296
1105
816
461
107
-1789
537
1448
-1107
-739
-1165
309
-2394
459
-766
-724
676
-1356
862
956
-1121
380
-148
-288
-18
-259
149
690
-903
-20
397
-350
-1139
-1056
591
-1151
-351
495
819
85
125
221
-36
246
577
1246
233
-918
-576
995
337
-1349
-914
942
-508
790
782
924
37
-204
231
-520
956
-83
-133
1171
313
71
1149
-538
-976
871
-608
178
407
241
360
174
-203
220
-98
-407
-1789
-955
-1330
693
-214
146
709
209
141
-465
328
-1350
-811
784
-811
854
836
-304
-320
-449
352
1889
-64
-132
53
74
-559
1022
-752
1333
-284
-312
345
-1523
-335
873
-117
-438
1044
-301
-1050
94
1607
-262
-130
-717
-250
187
773
-222
-605
-283
310
0
-641
1359
230
251
-502
660
1651
-1483
-1117
1958
-1463
178
373
-293
432
-959
1248
349
908
-1067
-1258
1143
1371
-554
916
652
-1108
361
-234
-381
76
241
-820
1293
-575
446
129
242
766
222
-106
-429
1514
74
-577
-944
-101
205
261
620
-343
-1381
707
968
172
-401
-822
-734
1694
-511
18
-292
-330
320
-1207
-1939
122
-93
834
732
-1636
-511
-217
-651
-398
-683
1136
773
-274
-518
-1352
832
-563
-922
948
129
-843
-317
-1308
-592
-140
1216
-3
-772
439
312
-149
-60
943
-1227
-653
-7
-212
531
-109
165
757
1241
923
-416
-494
11
-1091
75
-686
1172
310
-549
285
337
-292
25
527
-574
126
1927
667
128
-100
588
-120
789
-1021
-607
405
147
139
584
-1027
-707
87
1360
25
-149
720
427
-2222
297
-423
899
-202
-1374
28
214
124
60
927
1000
-586
1080
-1007
-573
338
267
452
-1221
34
-568
-260
1021
787
335
240
1216
341
484
-165
667
220
1189
367
606
-1692
-837
1283
480
-190
-581
-617
10
974
-167
-46
-192
98
-12
-132
-480
1070
-409
365
12
846
843
174
-427
-227
-682
2282
360
213
-158
-666
7
931
1503
-643
1602
-239
-1179
-1239
275
198
-295
-114
77
471
-123
-175
604
85
-2159
-966
1294
-896
-52
152
2161
132
-773
160
-822
-429
943
-825
661
52
-134
764
-275
655
-1378
857
-209
614
-258
678
105
-134
1350
60
-360
-513
270
-1855
-992
83
315
593
34
-1290
-514
-1045
1172
142
-790
-175
454
-1460
-531
950
-1474
-2318
947
-793
-1430
756
1167
1196
-555
222
-1429
-71
614
-16
-288
-604
432
105
243
-120
59
710
178
-1137
549
315
-685
530
1330
-733
947
-435
-466
-329
-509
195
417
-1931
555
228
132
328
-61
546
-748
307
521
-428
-62
1509
908
339
574
934
-1255
17
-997
-17
-234
548
455
342
-1456
1183
-781
-190
-650
-664
1424
2129
-870
395
-961
388
-328
-867
-1020
808
-1241
255
-387
1370
1535
95
379
335
452
846
78
-642
-178
755
-1285
984
1370
1281
107
-19
1358
1723
1002
-1228
-445
-1166
590
-347
-94
282
516
363
1054
1471
1334
-845
-139
-259
-1493
2068
-1198
-81
-512
417
-119
312
-615
263
-599
-351
-384
101
-288
-552
564
1489
790
398
303
68
254
-148
-1014
-216
-993
-115
-908
-18
-605
745
1334
1245
501
-1025
958
-737
-1203
-864
365
-398
279
-413
1228
809
502
1570
-703
831
-635
-385
864
1484
8
-896
1003
-1232
-2331
-1091
-483
790
-121
1068
-746
-301
863
-807
-623
626
28
-214
0
1138
76
-903
-1393
515
475
-1591
-904
-59
-573
359
-861
-546
-691
1979
-393
-64
-383
-144
82
-629
-285
-58
316
-1749
-974
355
927
428
-710
6
-1459
637
-279
-256
-504
-2595
704
-436
769
-685
-65
512
-49
-738
1556
-405
-123
19
-378
445
-222
-687
-829
54
1100
1186
-219
727
-1648
29
134
308
-23
1108
-405
804
44
1258
252
-91
-1172
20
-653
328
-1075
11
363
-268
54
396
1257
-517
513
331
-138
33
-1045
-456
-313
-306
-498
1037
2109
-1351
504
-349
707
125
659
-127
920
39
-814
-199
142
437
-159
-255
-238
258
-509
563
312
529
59
-136
-1239
484
14
1732
-1177
819
-358
146
129
-410
-105
247
1045
925
978
-116
-543
-1266
1422
51
73
796
-112
-1750
917
-406
-1174
545
-559
-1769
738
-583
808
-594
434
-457
-663
-1356
560
-2248
-885
-1391
117
1973
-1575
629
-422
203
-789
1616
-362
-212
41
103
-12
104
1084
-1287
-617
-899
-307
-103
1073
-571
-505
853
1240
-721
87
-831
-790
-278
45
1196
-521
-424
-349
-2064
-1003
73
633
-288
-358
-626
-569
-260
-126
-1260
22
-920
-547
421
34
455
-276
1403
1526
482
833
-107
-651
84
257
-30
-370
-477
1315
-847
1525
-1013
319
70
-135
509
764
-778
362
707
450
-449
979
-876
293
-373
235
1403
-138
274
-317
-248
-393
1514
-66
-1085
596
-170
-779
916
-1109
78
-621
-305
79
-780
534
953
-1205
-1319
-630
-302
424
-513
1313
529
-770
-776
-474
299
-545
-498
-361
164
-369
882
65
222
69
151
820
589
-329
628
180
-1088
383
-329
536
-364
-209
-119
-207
-538
559
-113
665
685
-214
1230
812
1188
-644
-63
175
-43
448
-276
-998
459
627
303
189
-426
-673
-174
-439
-860
212
-613
235
-561
861
1411
-120
222
362
454
-753
-227
-246
-247
1181
-535
826
-151
-902
-1404
-732
-1363
-536
402
133
-1085
595
574
115
370
-249
344
-405
-896
1184
-121
-269
-323
-864
108
-389
-720
-982
392
869
354
-597
-602
868
-1414
-415
1276
325
-246
-2500
285
377
-1053
87
178
-259
-230
292
279
1715
-838
-1243
-315
-638
-192
778
953
-668
1
763
-45
-72
-679
345
-248
-1358
-304
1138
-592
1313
-221
-731
989
-1302
777
1025
-1915
320
-330
1858
1097
86
835
2149
-134
-590
599
72
-561
451
404
-1299
-438
-624
-364
-724
-868
461
673
-1347
144
1449
202
928
-32
-669
354
61
-393
2
2191
772
-237
-43
181
-171
288
1688
-711
-1066
-1623
-211
-1422
1603
541
-71
326
871
51
-549
713
1266
557
-323
-2186
284
2018
-235
853
-164
761
-484
-314
-1138
228
1246
-977
-743
243
-873
-623
-632
35
-492
1051
-10
1187
-381
340
1512
-115
-1373
1068
-119
101
-321
354
-350
59
86
-31
554
375
1310
-578
-226
3
-593
410
-776
-323
342
-706
1078
109
93
829
766
-318
47
393
1572
726
-874
413
177
99
5
504
-697
-536
478
1283
-259
-1742
-236
277
-886
1304
-362
-634
-86
-657
-736
-660
299
-39
288
610
649
211
1874
-530
-279
-107
-9
-2
879
-607
-318
128
164
1574
-62
-82
194
369
-522
-372
-222
366
531
-1294
915
325
1203
164
-1796
-350
2474
128
-220
768
-100
-1167
202
1197
-91
672
364
-281
-1515
-658
-1032
-425
-196
-439
-193
-542
695
-552
356
-868
-292
320
-18
599
50
-45
238
844
-1002
-1127
1186
402
-1102
169
-846
1351
464
232
667
-514
-536
-2232
-783
1024
-587
50
324
191
175
-559
-1983
248
-112
-749
2131
-969
594
27
-326
168
1871
1168
430
-672
534
1614
1437
1567
626
-848
264
174
1411
1202
1060
-154
-604
1185
161
-1458
-199
-1428
156
871
-283
752
2705
-39
555
-444
75
1438
734
813
1354
-397
-949
315
-783
602
92
-765
1296
-208
-26
-542
-460
-259
-264
407
-818
-864
-1268
968
-543
962
1176
790
-16
-1099
715
-495
171
473
389
-1242
220
-1421
385
-587
-49
1000
-362
-516
-1081
-151
380
819
290
979
-826
628
-702
-490
883
-360
-507
1618
61
644
-792
-748
499
-565
-341
185
-386
1059
659
405
2685
-2570
-6
-321
590
-70
1
-727
1012
1753
1306
-7
744
625
255
-525
815
616
707
1530
1297
357
-532
601
663
1146
1847
-56
1716
852
1172
893
-1252
318
626
-46
585
1116
1264
-1079
-21
-1481
864
-780
-535
247
1581
910
-52
-853
827
375
140
-1343
-458
-877
-365
-72
-437
-101
584
993
-1127
-540
-1204
453
1338
-614
344
-593
615
35
841
295
550
105
49
-981
1075
758
486
-584
-48
-950
-529
361
128
-259
-99
-301
-581
-675
-473
-402
-589
1238
144
1263
1218
-941
-464
-382
407
-702
-67
46
-329
1486
-486
-222
918
383
-2314
225
-659
14
177
-883
449
419
863
-89
973
995
-175
213
715
-291
-889
320
-164
339
25
-906
-81
-688
203
650
-642
-10
-609
98
-1262
121
360
796
172
-749
-325
683
325
906
464
-161
-95
-71
36
-317
-204
1079
901
-987
1208
-1603
-34
146
-270
476
-850
-517
208
-631
270
-386
647
-740
-633
-483
1139
202
618
1425
366
-621
-565
65
-562
197
152
499
1268
819
-601
-32
-1274
558
-336
-508
-382
-172
-566
85
138
-292
426
1439
328
-1182
80
455
-655
-59
1097
1806
-370
-690
1183
296
-668
1433
-1462
-793
-45
-477
-50
952
663
-1779
-1174
-1550
-911
402
-1644
-394
-477
107
-326
-981
2032
-217
-489
605
-740
-128
-353
-1335
-408
536
-646
670
-604
614
-877
441
609
-94
408
881
736
-270
-1322
-451
-376
-496
499
581
456
904
-216
481
-215
-707
-51
885
1957
-318
593
397
187
-270
1141
-656
559
459
1176
-302
-662
540
-129
-1930
1108
453
70
284
-275
637
1339
-857
-679
-107
783
-300
-311
1234
-2036
2143
1398
-310
230
-340
197
558
-640
1071
-410
-315
-465
-1898
-457
-1008
-29
666
-17
-719
408
593
-326
1177
-47
1822
-382
-35
-39
-559
-1463
57
-535
-773
769
-619
-659
250
-1578
-547
-425
-63
-935
625
-732
-28
386
670
120
-1210
-53
1372
359
601
-858
1236
1518
243
-131
-805
849
331
1952
-493
1609
741
-838
90
1555
-1212
234
820
-155
-1492
399
679
227
-321
47
386
503
406
432
-175
550
2593
863
-270
1178
-610
-602
246
814
463
-498
0
1166
559
-1537
-567
-247
817
-201
-1132
-508
-233
-502
366
-488
978
-149
696
1253
315
-2201
686
173
671
-1131
-234
-609
-296
415
881
98
-30
-1197
1400
-1211
528
328
801
118
-758
1018
-741
728
921
123
901
561
743
-60
635
1661
-723
-50
-744
234
427
-39
-99
329
-389
10
660
1178
-990
1742
-919
40
1056
418
455
-593
902
-589
-812
-685
224
774
719
66
-611
590
483
-847
-513
-512
160
-1452
1282
392
-462
996
-787
405
843
-1027
88
447
-169
1460
468
2208
182
2
256
-242
-442
-383
400
1166
932
-1100
-1060
-468
-1819
1415
-801
377
812
784
-247
-454
950
-346
49
1554
-82
-540
-855
216
-347
-1401
114
-451
473
-101
-74
-973
794
-130
871
-137
-28
304
-193
1195
227
366
-45
-234
850
-1982
-293
-297
-651
-181
-1919
1492
-306
-340
-508
-1595
-488
2
-135
-551
-394
-852
-983
665
-19
-1649
748
401
-253
-485
-266
1423
-15
-1075
-683
-497
-1345
426
957
-961
373
76
-94
166
-561
-446
722
-458
70
-642
-96
54
719
-1008
-16
637
393
1212
-221
793
597
-713
1301
1321
968
404
1365
306
304
1694
123
1010
-484
-715
-126
1636
109
1255
733
278
214
-767
-1836
566
562
414
483
-588
552
-1043
-1197
1262
-270
75
-1414
-705
666
-897
450
377
767
-1399
-705
-898
-245
1026
874
490
-415
614
-569
419
122
437
-699
41
1210
-286
516
-310
476
-729
476
-1173
1374
331
-1385
1386
-284
-1504
-1350
-925
1873
-124
-449
95
716
-1031
390
-1015
-716
834
-181
991
28
11
-302
-1662
-1098
-604
-388
-861
-207
783
320
457
652
-556
-183
185
-1486
578
-125
20
-805
-113
403
-1061
815
-597
-1945
266
110
129
-607
-403
1307
181
955
-186
-459
-1046
971
364
-329
941
-1258
96
-418
-240
918
-1334
-902
-696
-380
537
-1330
146
31
-259
-405
598
130
735
-515
666
325
-787
-284
154
323
-971
44
374
-1471
868
1556
1384
55
-191
264
-125
184
-206
-1281
100
-1883
1146
-709
56
556
1386
-198
-511
494
-1430
737
138
1152
85
742
188
823
-46
-22
798
765
-188
1085
-864
697
-148
215
1169
-270
281
858
-589
-1223
-638
-268
728
-1250
-197
-1174
-256
-218
-789
-682
804
37
-569
714
-1221
-1119
-499
644
1051
-562
-3
-979
-282
589
447
-898
1108
181
1141
-201
-1150
873
-760
-871
684
26
-664
503
181
-283
-210
-1522
173
-704
316
1166
-71
-78
537
978
-1173
-1688
-452
-122
338
-200
1749
1322
-669
-843
289
-20
-526
711
-1181
187
-214
381
726
1299
-532
264
-211
-836
39
-641
560
1056
-2070
-1958
-267
-213
1570
-997
1190
-417
112
-835
583
1358
95
1583
743
306
847
276
69
731
-285
-1044
522
389
465
-858
625
-475
17
933
318
-823
-183
-457
1345
366
-1043
-981
-352
1218
361
-1129
-349
238
-898
1305
882
-94
-270
-788
-485
-1018
-1291
570
372
-869
102
-1860
299
-1732
-1353
-709
-15
-326
104
-1468
-322
1439
266
-186
52
847
80
1445
-118
377
781
-726
933
-591
-600
-47
178
394
-45
-63
445
115
-766
-387
-599
1342
-31
2274
769
-1378
-323
442
1529
418
490
-167
-123
-268
-583
348
-1095
-1073
-407
663
603
751
20
-1242
-986
44
282
-1070
469
537
390
290
-389
7
388
156
312
-344
-536
-146
-410
151
181
307
-2009
780
-306
544
-211
323
-210
529
-225
1064
134
725
1438
-1324
-729
-406
-543
132
1118
-1301
250
814
843
995
469
-493
205
-304
-1440
92
1316
310
-347
-1583
514
158
-643
-1025
-492
-1069
-1956
52
662
48
-252
-1533
-204
-1295
-636
-338
-253
-1166
143
-493
390
210
1150
-338
-385
-231
1609
-1056
-465
304
201
655
299
189
-1713
-129
21
393
-729
257
475
-196
43
-224
16
1062
-1180
-1268
-308
288
290
1174
-256
518
967
180
-1601
42
811
391
-493
-574
-1146
452
-1070
794
-24
626
-763
-515
-149
1532
252
1095
-600
769
196
-41
1160
-760
578
-897
-631
291
-1167
-959
390
-1243
-426
748
-1069
-857
-419
-397
-581
-478
-822
18
476
117
998
-46
-164
-96
95
1357
-719
934
-539
596
-295
-370
1016
10
382
-116
-1379
508
-198
-817
1159
-215
-123
-803
1247
-764
134
1160
-487
-617
-65
-229
-387
3
991
-221
1117
569
-865
-471
643
107
-923
393
519
-733
360
-383
26
-291
0
-2040
347
-760
586
946
-1116
-84
89
312
256
202
-767
273
253
1179
41
89
128
1331
644
-174
-18
794
32
294
662
293
1107
-1037
-413
87
979
1039
-209
847
1372
-996
543
-928
-1079
241
-865
882
323
-176
-31
-97
-678
440
-1836
1204
30
-340
186
-47
545
-469
400
-674
741
-1029
-233
29
-464
-30
718
19
2435
-1202
578
-45
-716
528
-1678
887
-163
-300
-985
-197
-105
1182
-374
-1396
-636
-974
377
99
-518
629
394
643
-552
47
1199
-1045
396
-888
1051
316
-41
-1134
-762
-1727
-1038
1692
394
336
-355
-177
-1126
326
366
1331
95
-1116
-463
-390
-320
140
960
-57
625
-732
-395
341
12
794
261
-869
-958
-1341
1305
-76
-2107
1595
-858
-614
-165
-119
-924
503
-492
-142
230
-827
-948
228
49
598
-553
-67
741
781
-104
151
-814
831
-837
599
742
-305
-562
258
-10
-53
1114
315
-511
-1512
1132
-93
78
-63
922
-426
-1074
-519
1141
400
-268
-508
512
-209
951
-316
-1277
-481
-92
-206
1007
930
215
-221
-702
-1133
640
-346
-893
250
1318
-667
14
-421
809
-618
892
-127
392
-1077
-253
-903
319
-78
-500
922
-155
135
514
310
44
-393
1384
-1637
558
289
-437
-1214
182
-290
292
-62
-332
948
172
-547
277
817
-1269
923
-1090
-640
409
-379
109
-353
572
1047
-1055
550
127
29
1037
-338
-223
-286
267
6
-610
-1804
647
-823
-7
1111
-958
-1
-896
-142
-1140
-718
511
-885
-1375
15
-1089
-532
-15
-123
-452
977
-247
-1831
1362
-894
1945
1348
-187
-838
-339
-370
135
-382
570
85
-218
303
519
-506
1452
-203
332
997
510
159
-1025
-160
-553
721
-1278
-168
281
737
78
-839
301
110
357
1146
-1347
-1290
-439
-387
-1082
-1336
-653
1306
227
534
1603
-40
1461
-570
1079
-469
-283
997
-358
-888
1168
-1327
-74
-381
347
64
-1416
-331
161
-175
-224
-206
-2
-696
-330
-1333
-226
-986
-256
450
-400
964
-2106
-561
-581
-201
-284
776
-208
-133
-1070
838
356
-243
-521
1360
432
-421
431
862
-926
173
-38
976
-20
98
1168
-317
262
-539
-468
634
-529
267
844
-848
364
-653
-694
563
369
-1092
463
569
-1487
-675
18
1034
-599
76
-43
-28
338
-572
-710
29
-65
1026
1498
130
248
1242
831
-689
780
-32
560
-821
1893
502
-79
436
-719
196
1059
-1076
297
631
654
-158
570
514
-666
-176
567
2025
443
2148
87
233
238
894
202
985
-1008
1193
379
-773
-688
-223
985
747
1558
-2313
261
131
298
592
51
-712
-280
-1135
243
662
546
126
282
-902
-1419
-69
-824
-1011
156
450
-458
-87
304
30
348
244
495
-1176
41
-12
249
-281
-1058
-595
-1465
706
555
1035
-1427
-383
1199
-990
-9
-27
355
-62
1007
220
-82
-147
-2266
1930
-326
-682
230
124
-363
823
249
-449
-2225
203
459
-647
-370
-795
1049
-1230
-636
253
-1281
-990
311
193
309
-580
1071
636
-980
-889
-414
-265
289
-58
1188
1615
-687
688
313
1619
-25
-1208
546
61
-1010
-255
162
-918
814
518
-186
75
-231
931
207
-761
345
407
-887
1698
1224
629
-265
251
933
-1031
-426
126
395
495
-126
304
-611
323
467
-1274
879
-2225
-165
-474
238
342
-285
788
-660
1308
795
-578
1202
-210
419
1189
779
208
-695
-1108
-551
-1138
-534
-1167
936
933
-16
-1023
1150
-141
35
725
-934
-1604
-204
148
-605
-229
-231
-523
-635
369
447
1010
-351
-759
-503
568
255
1494
167
360
1296
-426
161
557
413
1079
967
546
-1357
-329
-1216
771
603
44
-1033
1574
-1425
-949
1659
224
-997
1916
250
522
-748
-1140
779
1471
1326
-18
570
-377
346
2395
738
306
242
-3
727
-403
364
688
1022
-405
240
-2181
-559
-307
2030
1035
-451
-751
175
1216
110
-323
1059
1308
491
361
471
-675
-688
-55
-690
-45
-747
182
638
287
270
-251
395
373
1102
461
650
297
1264
614
1161
-2314
1692
-104
560
154
-55
-216
-89
-312
-605
235
617
732
-571
-1181
-767
-196
588
-1175
-506
-702
-1007
-37
1172
1248
260
-83
-540
-80
-3
128
-37
-82
341
-566
-633
-531
-563
-2191
772
1255
344
933
-530
292
728
451
536
651
138
-689
-558
54
-239
-185
-150
318
-459
375
143
-1
-187
-956
-1605
-1519
-133
-87
803
405
0
-1507
-780
-100
-179
-445
1076
-1777
-416
-1816
637
109
1030
-1016
1001
472
234
-254
1180
-361
-719
-243
-501
668
-543
-665
-114
-279
1584
1751
-330
-564
743
392
-361
-10
-1593
320
-126
238
422
-1522
-178
-822
1044
405
-27
-52
-785
-137
783
238
-187
1630
863
-39
-794
1281
1105
-382
-165
192
-23
167
-869
-494
-564
43
810
-269
-101
-251
1287
190
-591
-60
678
-256
111
328
-1337
-519
-949
-900
131
754
-1353
198
-236
38
-868
412
-578
319
-151
725
468
-416
1866
1044
-116
-422
273
599
888
-83
-288
1224
-127
-22
-555
-94
711
489
1374
338
-389
-1653
412
1166
-206
-16
-404
432
536
163
1058
896
392
-374
370
-510
-294
42
-302
143
857
392
-440
-873
750
-605
-597
210
822
258
2579
-986
-2756
-1780
-16
226
1050
-942
-772
-884
-874
193
959
-278
-732
-721
646
1040
-49
-698
711
25
1257
-951
715
-1039
-1008
1129
-1604
179
1964
-936
742
480
-456
276
606
807
822
2004
56
629
-618
549
-927
163
-546
-155
239
-1193
-1175
-646
-218
-1275
-454
6
-294
-342
-110
-1073
-394
189
333
826
-80
-302
527
267
-408
467
125
39
-373
1020
309
-140
-774
-292
-359
520
675
478
-454
-699
1165
-171
761
-1006
-526
753
962
-27
-271
9
-769
28
-466
-12
1339
-370
255
-637
657
1745
-679
517
-313
1055
-496
585
997
397
1202
-32
417
-682
-507
-1470
-1896
-30
-1097
718
85
444
176
825
-169
-546
-438
190
-336
-1236
415
-440
-1784
691
110
541
848
-328
-649
2050
115
-372
-12
-53
-1221
500
-1488
163
63
680
305
-317
-926
-256
1247
226
631
1159
-825
-376
1035
419
-724
578
-801
210
-500
-459
282
644
-1041
503
25
1024
285
-791
-256
213
351
547
-500
-405
738
-1200
-1612
-93
-2177
-288
242
-117
-389
-363
-785
189
-798
456
-672
1755
-1122
-34
836
-253
430
-511
-1027
-927
-1291
-977
123
-117
589
171
-239
356
441
969
-1381
398
486
-159
-269
31
-434
-1961
-536
131
705
-92
-417
758
500
-747
-1166
-288
199
598
-96
-430
261
-637
287
-689
807
-375
-88
-743
705
-300
-429
-87
-608
546
-1052
262
121
-28
-1306
-1224
51
-807
-927
329
-682
2
-46
-921
1929
-1040
-745
351
437
-855
-817
267
273
-445
875
-215
1253
-417
445
-895
-135
-101
198
-32
1780
-1085
1864
980
955
-704
-80
224
-158
-314
-33
-1182
-675
936
-787
544
-432
1243
-295
-444
-946
-1333
-247
1056
633
-219
-369
29
1488
1051
-1018
-1094
523
-677
90
97
1884
592
1806
-1656
642
-1014
-781
-750
-719
1013
506
1275
-31
-563
-589
-191
-114
-221
-593
-124
493
-876
365
-125
-488
1429
81
-595
109
450
639
-338
-177
-1515
-103
382
454
-351
-262
-843
-279
-90
1474
322
-627
-1101
549
-431
52
-182
-208
346
320
68
1379
675
-519
749
176
445
-240
232
-1441
635
70
-564
-561
79
-1286
1237
715
124
909
-259
-32
477
109
636
210
-6
-65
915
-774
615
738
212
-574
401
-632
-351
-453
548
-850
430
-1939
960
831
25
-249
164
923
54
245
-645
243
-979
68
-1224
-724
-1187
-772
-1206
925
1277
-87
-685
-308
-208
-629
-5
-481
338
-829
218
1033
419
25
-203
-1626
1759
-207
724
-1428
-1334
687
-215
365
-132
-162
101
582
997
-28
1029
-115
-353
-35
-290
818
15
588
-494
1425
124
-53
652
1068
250
893
1087
197
304
-184
-384
-717
-55
180
1196
1024
177
-512
1545
-1503
-676
106
-507
175
1589
-465
-615
-243
-394
-616
557
159
-237
193
329
695
721
-1359
-266
-718
960
-256
390
1231
59
967
-455
154
-176
-758
-26
-831
238
873
1717
-1211
26
152
185
1050
-59
-363
-461
90
853
355
-307
-753
-888
-738
591
19
55
-265
720
359
226
253
-182
-136
-224
-360
1124
-358
127
1584
173
736
467
-263
-440
-1303
-19
176
635
-798
-2
591
-41
1933
1340
597
589
-47
1213
-162
-1239
-64
759
-622
-1370
-142
-823
-432
-736
480
-226
-1645
-564
-186
328
375
-467
882
-489
682
992
396
996
1126
-826
1258
332
-1022
22
-442
1160
-802
-462
-725
272
-337
-494
986
-39
-494
733
-713
-728
225
704
-262
-647
-1794
974
-192
-247
159
916
-1264
-267
71
-484
-113
-613
-909
489
-596
-257
-1129
-29
276
-45
621
-74
-231
-1495
16
-1003
440
-897
222
71
716
-68
-579
223
-689
-860
991
-536
-41
-719
179
-1008
-363
101
266
-1232
-75
209
475
-873
-100
-289
-529
-100
73
733
124
-308
118
-1045
537
368
644
-811
324
975
-608
9
310
-108
-177
1056
1319
249
-950
-173
385
542
739
821
-576
-1893
-587
-218
1242
-428
-874
-539
1176
-31
-1098
241
-1181
-967
1295
330
563
-581
554
-472
-290
1234
1346
-541
751
-71
1026
175
785
143
623
469
-172
-810
799
731
-39
161
-170
-296
-680
835
-414
1060
-494
-706
239
694
-722
-605
861
644
573
16
109
290
-239
201
-767
145
-959
-582
-1269
595
-730
-393
48
-384
1472
1546
107
1191
162
355
-1112
-856
7
-370
-181
-282
-876
1161
571
-821
426
-1487
-538
-136
-1390
867
-1418
-695
496
297
188
704
1118
-792
-686
-304
244
-384
-928
1008
658
-199
-1492
-1073
701
2362
166
468
10
-533
-291
-1498
1026
-907
409
408
1135
-157
-340
169
-1014
742
99
47
202
-1035
758
-286
-339
915
1903
-423
-835
772
359
-78
-429
-1051
-584
-96
-150
-436
1846
350
-641
417
-927
-1282
1562
1003
-348
944
-883
-587
-940
632
-922
-1833
585
-1949
-592
-846
-846
-279
-1815
39
1372
-223
-1601
-227
310
385
-106
345
-120
1109
-355
-196
481
-336
-209
-63
219
992
1141
-43
2274
-100
-1513
-396
-930
1355
416
1162
-613
-133
540
-148
-265
887
125
558
1051
431
-769
135
1876
1401
1149
-1648
141
-922
50
1081
-1329
710
222
-704
482
-427
1445
-762
1294
-327
441
717
292
101
424
-844
305
-416
-412
1473
1137
1195
-182
-413
-33
267
969
-315
-150
-732
-1206
-280
986
-433
-1234
507
803
-623
365
579
141
-242
92
49
196
-969
-211
-253
-78
-787
73
718
-1430
-743
265
792
881
-50
293
-1065
-1196
211
-642
-526
391
-362
943
1354
761
-125
-60
763
-1373
-399
-197
676
-919
-335
-854
-569
417
56
656
505
-93
1233
424
-120
1703
-880
28
-92
-816
-1283
-1774
-81
-360
955
739
-965
-636
257
225
162
-717
-809
732
-1317
-582
228
-275
-1466
842
-368
-1440
-910
806
-391
-440
1012
359
-61
65
66
103
-718
1047
-125
-330
-760
-514
1318
-563
-54
-30
89
804
-1482
329
-464
-885
-86
-1171
-330
202
-1090
19
-223
175
377
312
-662
-557
-173
-1169
-1016
559
886
529
-1070
23
370
-308
707
89
-1292
-1242
378
350
-633
-1608
-599
369
1789
-801
-1556
-149
22
-870
-819
158
236
1539
-955
1017
-344
984
-732
182
610
414
158
346
-1311
173
-144
40
230
-634
-300
740
-263
679
-98
-163
-425
-1869
131
435
751
914
473
-494
-1258
-1719
-1826
1042
131
1444
-44
537
-1994
-1661
253
312
-1497
-67
-359
-52
-146
-669
293
-411
1281
-293
1079
-964
-820
-330
1122
942
-533
-526
322
1236
-1019
71
74
317
-255
46
-1007
250
-115
3
-685
662
331
-105
758
-614
281
1224
-519
587
-3
749
-487
-266
360
-269
-303
520
103
1296
-718
-1960
-537
1454
896
-562
865
466
-381
-641
1315
-117
408
-1021
609
-142
-1003
1610
306
-1093
-745
-1167
459
-1842
-831
603
-296
-1456
-298
441
-322
-98
199
-579
630
531
-1567
1080
2492
1147
-58
683
546
1146
-341
-1098
-767
-351
-448
695
-118
17
427
-111
50
-426
-1243
1232
-653
-947
234
376
11
178
121
-465
-1097
404
-668
-479
55
-213
612
-1290
-1201
-709
-170
-108
313
231
501
231
145
621
-1737
821
-1061
84
-238
-656
821
42
-200
-408
-775
-116
774
877
254
155
1678
189
-517
-503
-592
-229
1231
-961
730
1436
951
518
-432
-1172
292
-1
882
-274
202
495
737
992
-116
376
-986
-1093
-629
409
1815
-774
6
-299
191
901
167
-481
-1556
200
684
239
441
-1168
-247
-530
-614
-96
358
-1721
30
-773
-799
687
309
-705
416
-238
411
1694
316
995
46
2126
348
487
446
370
-1188
1145
803
151
-602
-1029
-1476
669
161
-344
735
534
814
-1036
225
1067
924
208
-625
-65
-957
-724
625
335
1039
353
476
1348
-1130
-444
960
705
766
549
-64
-6
1017
376
-1178
714
256
-202
-102
1137
651
-961
654
-1292
459
-593
1276
172
457
1412
-166
-342
-269
-547
-63
-48
-216
-254
-291
633
1053
-882
366
494
865
-123
-172
-380
263
168
635
523
1036
638
-463
1132
239
-529
919
1495
-443
904
-721
485
278
-1783
1938
908
-502
-1074
-814
586
443
-299
-615
-255
180
-752
328
-946
151
1057
344
-707
798
1177
-1333
-755
258
-1031
397
-2227
631
354
-451
615
-470
-248
-92
-95
1477
-1467
-236
108
-40
617
1243
682
1260
-633
-249
354
-436
-588
757
277
1270
226
565
256
-217
-147
469
-716
-1253
-240
-271
714
1820
-14
104
-916
-64
164
171
-856
-474
51
1124
1412
-340
-695
-1323
-612
377
-693
-22
-384
1221
-175
-54
799
11
-941
997
-1206
-898
632
-25
-251
1198
281
1028
-686
1566
436
-989
-399
1217
-52
1207
441
-753
-1710
590
-170
-591
-836
1165
-1005
1154
-1495
608
1057
-91
854
-315
-227
105
435
510
461
-540
12
638
9
-7
-1224
931
2319
-615
211
387
-513
388
-171
448
778
174
538
694
1674
-1576
-387
-305
842
-301
-433
-353
-1186
806
-147
-1430
-838
-2056
-268
-181
-322
-431
-687
244
-122
-178
-502
42
720
-828
-470
436
-24
1093
-672
-1504
787
202
-148
-287
436
248
-1406
-322
678
-398
64
265
-695
615
-358
-266
254
1
-1097
928
-126
263
-76
807
-1033
-233
934
-664
-249
-1166
-131
97
131
-1200
-49
1586
743
-13
1223
1
259
504
-420
1288
57
-811
-84
1108
-55
-1272
949
-376
-553
303
-535
-1128
883
241
-160
-1110
-1465
591
-354
-983
114
-770
-575
446
1085
33
-1518
1038
196
816
-1410
371
45
1419
-315
-713
-215
1350
-379
-247
-316
-587
-420
-1203
157
-406
-1354
-142
-710
62
1252
-691
-194
-398
568
711
1037
970
97
189
-51
-1563
628
227
591
235
762
480
693
189
-360
-493
1408
533
-197
40
-655
2261
-102
-1134
-751
-1527
647
266
-145
377
83
1579
-1091
259
-674
-182
-743
-855
809
656
-955
-458
19
153
-444
280
838
583
541
-609
840
554
351
-543
441
-1681
-659
280
-536
-221
-72
-194
-2013
-684
-792
974
900
-1021
-925
-447
52
-1933
-1319
277
-1070
-381
-205
-202
-1113
238
438
964
204
-493
-693
127
179
-1009
291
-508
1981
315
-437
-499
-528
833
563
-269
1126
637
-103
186
636
936
1772
1050
23
458
-458
-1292
-772
1891
976
-688
59
-1084
-1229
-362
-371
581
-969
521
664
-337
-819
-627
-914
-1341
1386
582
-611
-1812
-855
-162
1323
-193
-644
889
182
-563
-480
554
-786
-241
1289
495
-379
1522
1286
-653
-650
-661
243
-1066
1162
751
-979
-23
940
-794
410
321
-1227
39
502
-141
-160
-1862
-2150
-72
-2003
86
-877
516
635
2027
378
917
-15
687
1807
131
-506
650
111
-337
50
140
-774
324
19
-194
1203
-696
294
-277
-402
-57
-424
797
412
-1457
-1346
-177
1005
309
-354
-755
256
1081
234
-261
-393
-1390
166
-938
-39
-35
840
234
-920
243
-482
453
256
-1796
426
-1575
319
94
-565
1189
-180
-411
1036
1417
777
225
-142
-1100
-419
58
1001
1085
89
578
-720
898
-1377
-1599
-994
219
350
-86
173
-193
222
-195
407
-507
38
-1025
-869
-613
287
-36
-285
-703
228
1175
1245
681
-662
-71
1273
-1094
1509
534
1083
-120
1105
-168
-744
325
-499
-998
-304
99
868
-403
-703
-306
-316
862
-326
-666
261
382
1158
-343
176
-206
39
-22
245
-745
-125
368
-1276
-325
-1281
201
1006
-90
-303
-32
626
676
58
-546
382
794
289
-978
-1657
971
-62
-558
-681
956
-11
492
683
17
677
-965
-197
-1423
253
1972
-701
-482
-1411
-152
-139
-1093
664
61
-263
449
-652
451
1320
-33
-480
-460
-645
1481
-155
-565
-1116
897
-93
1133
-23
-1427
-679
336
-833
1404
-1851
-978
-527
861
450
-1132
572
437
-203
473
-495
-847
-785
-567
1369
270
76
-691
-259
-1330
319
770
-137
1196
-167
571
-433
-1106
1023
-535
159
-662
1114
-758
-940
16
-867
299
1225
1122
-726
-306
117
707
-225
-521
48
971
404
-277
648
-261
726
907
-1225
-1292
-1742
-396
25
-1092
1368
-695
-496
-1474
-1454
-241
1096
-537
-546
-444
472
-1186
-731
164
-492
-976
353
594
288
169
-503
320
-11
22
767
886
-527
958
-1341
-231
-825
280
-205
-199
269
-473
875
-218
-798
-616
161
490
-888
-1286
1058
602
-512
1217
708
156
6
177
-1085
-886
-476
-1327
127
-424
-611
434
671
-1122
-92
89
-725
14
-178
62
774
1018
56
554
-535
-170
563
337
435
-325
635
612
-1256
104
1020
-1383
454
-15
-1356
-89
732
355
-846
338
-37
-333
1038
-488
-917
-1518
96
-915
770
-424
-693
1224
636
-262
-66
-373
1465
602
-1875
1916
-117
-628
278
681
1097
24
558
173
387
88
-614
-615
-181
-1158
-445
1402
22
486
786
-513
-196
-1496
-1085
-215
825
-66
683
-71
-1288
-1067
246
41
20
1254
104
-772
271
565
-291
64
1060
-1424
1214
-356
243
341
397
-460
-75
942
191
-1668
-2007
531
711
162
1200
-710
830
836
10
-1404
-28
-268
-726
-545
417
-18
-293
143
-569
934
-33
351
387
-793
-1263
387
-1773
220
5
976
309
150
696
690
-206
1378
1338
-727
-854
956
318
606
-200
-1847
842
8
-43
549
1411
1821
-36
-366
-886
1255
391
104
-258
1190
315
-809
346
551
678
820
-2017
1585
5
-125
-260
-149
-49
571
94
-592
574
926
-432
46
-1249
-799
-476
747
439
333
73
1429
-1698
56
561
397
-725
-496
-392
-1830
-1673
138
-94
-345
391
1872
516
-1302
62
156
-22
-1043
343
-81
191
-216
180
231
-302
-226
-1579
-174
-42
1382
1141
312
-1087
-52
1120
-1259
732
-202
-29
-202
-989
-248
1140
680
448
-1902
-1200
965
-240
946
267
128
-299
-1385
-66
-971
-1301
-656
-463
465
-470
-713
-275
203
-49
-1137
648
76
2
-1287
512
1364
328
40
139
731
35
1796
-301
1326
-1768
-1342
-239
-46
739
-568
-1157
418
-471
1471
-426
-655
1577
-660
-455
6
374
-517
889
25
-1064
-138
230
-212
770
1272
979
-491
674
-480
75
799
-1133
1089
899
683
-1039
-68
1746
-342
-1273
1428
-175
-478
-149
-313
-913
782
-373
-1126
-2980
-819
-1081
-21
-153
-622
929
-244
-393
266
-4
-1590
858
-431
-50
416
1036
-655
474
757
-1369
-551
334
1323
-1236
-291
-630
-268
-1083
1930
171
71
220
-517
-1191
-178
441
571
118
-450
-158
-606
-653
71
-382
668
-782
-1412
522
1086
-1015
-372
-695
947
-644
1329
-1354
-1038
517
-433
-156
276
-1163
634
879
-302
326
199
-145
-919
233
-530
526
-478
-747
932
-465
-1020
-625
868
-571
906
618
437
-1357
14
-426
696
-427
-946
-947
-186
-833
-654
-612
-506
-884
372
-626
127
525
-188
325
503
1462
38
-266
593
532
2008
1025
-1981
647
436
892
325
-1832
87
258
-683
-734
592
582
985
-139
-703
-1251
658
1261
508
-618
879
42
-457
666
1672
-1370
-207
1046
-916
-18
-1176
-424
731
989
-95
-1040
-223
331
-287
1498
154
887
572
-665
1005
555
-1550
-335
-1890
479
-546
316
-188
2118
-240
-840
345
-571
-1045
-132
226
614
-4
412
447
-690
-505
277
139
433
-294
-109
-221
2034
264
96
393
381
436
370
239
330
201
225
-1470
-1350
874
513
-1419
325
1048
-713
182
245
1705
568
-39
236
-215
81
-390
-438
-1526
-1411
964
120
-334
1367
-314
1218
301
-551
673
-373
-394
-106
-577
766
-1184
-157
-202
477
139
-1519
674
-1927
-79
-934
-909
-312
-378
334
151
-645
789
1446
-54
-87
-80
569
-70
-706
1209
-810
-1839
1166
-1046
1965
-61
-333
-1134
-1399
1157
519
637
-1259
285
238
662
-882
278
-206
1644
556
270
660
-447
-550
-354
915
-691
722
-1239
-1566
1301
1122
-870
-126
371
884
-531
-27
-444
-529
-617
333
-1125
-398
610
-116
-407
-656
-25
527
-331
594
771
158
714
-1066
-511
384
-465
-983
-21
1598
-301
1495
-1154
1251
102
-658
-1163
-235
25
277
-148
1577
-821
-461
-539
-1241
517
693
547
-756
-1048
-290
-302
-653
323
431
335
-184
1502
268
-602
-641
772
-771
-1471
542
-188
741
-608
-424
-174
-780
227
-1377
1079
263
-362
395
592
-1162
1208
-1081
-37
-1064
1328
-513
313
846
-1217
-261
278
33
-1733
673
179
-1071
-819
-545
193
-1344
280
-1105
615
197
-399
1221
2635
1312
-1934
-1112
953
271
95
-566
-204
-452
-694
136
642
-733
548
-309
549
328
553
-622
-151
-698
-526
-1595
-26
-425
273
693
-969
-394
167
-10
-178
-363
1213
117
881
-253
-176
-1391
-113
-1563
699
-1657
-1297
1163
711
-1318
-101
-759
-617
-104
-752
829
-1018
99
-600
-225
-866
1393
529
645
-178
-1135
166
244
-256
158
276
-272
1726
554
-971
552
-355
467
-72
-1918
-296
-209
-728
-53
63
-1447
1264
1669
275
-120
-175
-1626
-1053
-521
607
2015
-783
698
-1463
470
1123
-242
-511
-454
-596
12
551
824
-516
-653
755
-642
-946
-127
417
169
196
841
-353
182
-669
-1199
745
-1029
-113
1768
465
866
927
1195
-7
299
1503
293
-341
-1046
25
-784
1317
383
-1286
-824
-166
-185
-107
-693
-547
-440
-215
-1175
-1191
544
424
105
-630
-605
-2014
-335
-55
916
-85
-1255
332
-575
634
521
824
2682
720
-480
925
1846
-432
246
-902
-116
175
-332
60
1357
249
-578
-607
290
-629
616
1027
-357
-228
-132
-1566
-46
77
-417
817
-632
-496
888
168
1751
-1093
-709
1195
1629
-623
-284
158
-1235
662
686
-1273
-1003
-744
-1869
15
-141
166
287
-13
532
-86
290
-450
170
372
-1138
-666
-132
-1020
309
516
-543
464
685
-819
-910
-250
-273
-139
52
-847
438
1
8
-618
-718
913
1183
-90
511
643
-313
715
-1201
617
917
2221
383
208
474
-1782
-108
-429
-1008
1044
165
257
-657
-791
-954
649
-703
1218
-647
832
615
267
565
734
-1342
-281
-209
-800
-1138
-456
442
495
559
-571
-724
567
-785
1518
-578
426
-627
683
-230
-850
-373
302
-621
-239
-1176
258
-678
394
-461
1782
89
65
97
-639
-436
-580
596
-792
264
-439
-1192
1588
227
-682
-215
265
977
891
736
-1003
-107
-191
-420
471
-315
1103
845
-383
1432
1121
155
-751
-426
915
-337
-614
-795
-944
-549
889
-13
-1738
-252
-313
-549
-704
-1002
-585
507
-131
-141
-622
-525
127
-200
-1177
-773
-1038
986
-307
-11
160
1270
3
395
-826
-761
-31
214
20
-1193
-798
-180
85
-815
1617
-453
619
-146
930
597
813
-75
707
-330
1500
143
1055
632
-801
1804
415
-1654
-607
-689
482
-152
-132
134
-800
426
-686
641
105
-38
905
335
-307
1852
-812
-141
2102
-662
525
-1167
725
-1241
113
1390
828
-19
-14
114
884
-506
-252
717
-836
66
-550
883
-842
-176
927
3
-198
116
-983
-1153
-35
-731
539
133
-102
-1897
466
-219
-154
131
1097
271
442
410
-210
-853
325
436
620
784
174
-141
-957
191
885
-487
-321
138
1057
-2186
201
1313
-433
1470
-590
-1109
1430
-109
-447
-176
-510
-551
74
-112
814
-244
-102
-1665
312
-369
335
-902
288
-189
-877
-876
1161
-113
93
-42
190
-481
501
-516
774
-1238
-227
-229
285
-1584
-569
868
-37
383
-570
-901
1003
-1077
-533
1808
832
72
400
-995
552
-476
282
559
180
618
385
-549
124
-529
458
337
919
885
963
953
1195
-398
-148
-954
-499
513
-277
95
314
868
-248
1646
978
661
-601
-1361
-1478
-599
386
-1548
-18
-151
1370
260
514
254
368
181
618
-125
-1402
-566
614
-1521
-1134
-174
-1900
-720
818
-7
-494
-910
146
-15
173
-298
-1775
-162
612
375
1826
487
480
572
2933
-1851
1448
1366
180
-5
91
179
115
439
53
643
1242
51
-404
1192
-626
-15
699
1170
335
1474
-933
-1000
1045
-791
-1036
1462
-478
70
446
631
-701
310
349
-3
-441
-778
-686
35
2293
892
886
-337
501
-1213
194
-46
341
-1088
637
-594
-903
-820
-683
-156
825
802
516
316
-171
-1288
311
-183
-269
827
21
647
1295
-1385
363
351
865
88
-407
362
1553
-996
-730
-1108
178
439
-1699
-589
39
-337
-251
-523
-373
-724
-397
-117
-36
-1117
-1623
-95
-972
-902
-146
-609
-681
-266
91
1015
45
343
-74
-348
181
-197
157
-713
596
37
125
800
-483
377
91
-374
1712
299
571
-139
-192
-1655
351
1400
-2275
779
-1431
-355
-683
1355
-1321
-204
34
784
-714
475
-169
-236
262
259
-412
-1894
-121
-282
90
-172
804
402
-45
-541
205
-548
-410
-272
-1382
-1729
108
226
-1082
192
562
1554
-1112
-500
624
-289
-534
865
-1571
501
-621
-64
-424
1705
556
983
-308
-552
269
432
-1192
72
-1010
-776
-267
-667
-604
1105
-661
1268
12
1416
197
90
-787
-399
-457
253
-707
-1792
-667
-603
-511
-2
767
-140
-194
-1469
106
-845
756
-399
-641
-294
-1076
-1494
2221
-259
1648
-903
-1370
-219
857
1507
359
-144
491
-274
-993
618
566
876
-446
402
330
-574
567
543
-904
119
-1497
1673
1466
-969
-578
925
-833
-978
-532
-470
-773
24
712
-750
-845
993
558
32
141
338
-696
-2543
693
-904
-8
510
548
386
1285
705
157
668
219
1661
235
-209
440
1703
204
-32
-819
680
-1468
-224
923
-67
-825
373
1024
-80
364
524
-161
724
-1161
-824
-248
-1026
-1
126
-631
-1353
447
-209
641
-755
508
167
-106
-58
-60
512
-299
-1091
-216
435
802
-1601
-1338
-142
493
1037
116
-61
524
520
164
1524
716
-46
476
-836
374
681
929
-345
1157
551
-492
-373
-166
856
-435
-626
508
-722
-1052
714
-200
169
-25
111
-156
22
-389
260
32
-369
-1007
313
-582
399
-790
-1048
-208
415
2
-205
-1255
272
492
-383
166
-321
742
-1187
-268
229
958
798
-818
-1425
-683
-1387
-333
758
561
743
-618
-931
-207
1588
389
326
-114
-456
257
-734
150
634
1377
1415
102
-1259
39
1511
1166
-535
-59
1560
622
177
-1023
-446
-136
141
-1637
-197
-467
195
997
4
1216
-555
1197
-152
-415
-1285
789
-338
581
1459
-899
-84
-125
1478
497
-534
-249
-286
225
1927
379
51
22
728
498
-716
685
-1021
256
-390
-1147
-955
-726
-929
928
1108
-424
-246
-304
507
445
342
-556
1996
-1052
1412
578
873
-1083
314
371
-404
167
38
-2367
-682
55
-6
-816
39
-220
987
86
-1276
-752
-342
-700
-420
-237
-238
-716
-64
156
3826
-437
1439
-772
-720
1290
-357
906
-768
-730
-837
-179
-50
-527
1098
695
425
876
-113
1409
542
-908
1038
-171
475
798
-165
-319
1454
-1397
-434
914
-486
-121
-1307
1080
-565
249
-71
-1480
-133
-606
-139
597
914
-319
-94
1360
-562
-691
760
-575
1017
-54
-382
685
-318
237
129
-88
-1721
514
792
-784
-668
-154
603
-316
-260
980
-541
-590
504
-619
730
147
106
424
-750
1364
-1010
-1388
-258
-1135
1311
687
1054
1531
714
120
-787
-714
-508
939
608
-1473
124
-1548
-547
-974
-234
-343
-1363
328
1185
1543
842
-74
-144
-237
-1715
321
-783
826
-89
227
-409
-557
-532
5
1567
134
327
-121
286
183
-426
-724
1352
607
629
-1773
-1265
907
18
-849
-439
139
-1062
-738
-1001
693
-1333
1228
355
-374
616
509
-619
201
545
18
-215
946
-920
-462
-471
648
39
-148
484
-555
64
652
-1019
-653
-772
468
-1429
680
-272
145
-386
315
1124
502
-9
-234
147
-616
-389
-169
199
536
-825
1594
-550
-252
496
1099
224
402
-582
232
-1
1048
-137
657
774
-70
391
0
493
-655
-20
-375
250
931
-779
-522
1741
1155
-370
-526
703
-266
2329
92
1359
-679
812
1009
-1499
-931
-1012
824
3059
279
628
420
353
1143
815
448
-470
1141
-224
89
72
-240
-870
-42
-833
142
1015
523
-162
-1671
-1194
190
-225
1146
-211
-169
-184
1087
605
-51
26
-965
-979
419
1175
33
-37
-270
-527
56
363
505
785
1348
-114
-142
476
62
413
65
847
762
141
-310
965
486
-374
1357
-1095
-1062
-470
-321
-490
-30
-124
447
781
-1143
-29
358
-1
-500
-216
865
-153
-1016
-239
1743
162
74
1123
-871
-1662
462
1243
-1253
-822
-393
-90
-864
-1107
-619
-12
543
-94
376
1278
1292
-20
-278
704
-167
-769
1697
741
-709
-290
-261
1029
153
-500
-462
1066
1119
-94
-578
-845
1138
327
-884
1106
1301
978
795
769
-141
-332
-1097
133
1509
-544
645
739
-1215
-431
-630
291
885
-437
-349
856
-8
-590
760
-381
622
-68
346
62
-82
28
-506
960
-1180
535
-230
-1615
-54
-182
-429
-382
-795
692
559
-546
830
569
-517
553
-106
552
-215
-246
-782
555
-464
934
-1426
485
341
-2
-180
1259
-275
278
-301
618
-293
-114
622
-1363
-169
-25
315
548
-425
-71
-230
1559
-478
-153
250
165
864
433
1090
239
-1450
957
-157
-622
-474
74
1737
-1939
-146
800
-977
569
-1044
-258
-592
-889
-398
1194
101
364
-541
532
-1806
87
-81
413
68
550
-1649
-285
-984
64
1095
-2389
-304
806
-477
735
-415
-49
1127
792
-854
-236
1043
-857
528
677
-942
570
-1110
-299
-1395
-1456
58
380
629
-350
94
839
-260
-43
1035
1525
-1179
1431
-623
-1258
-1777
-565
100
1112
358
-1693
930
-1129
-1314
261
2
727
-720
199
-37
-1406
619
-579
-66
1391
-618
396
-498
21
740
-1438
-240
-1189
-1120
-1052
-32
51
-180
1311
123
-1527
775
-699
398
533
730
640
1451
-785
728
-531
-1299
67
-269
-745
-630
411
-724
-746
1280
-978
87
1565
210
-859
-1194
462
1073
-396
-156
193
45
1106
721
-1005
1101
562
1314
226
556
35
-1485
1355
-93
637
-339
-526
511
-955
159
-978
161
71
76
-260
-41
-545
-302
833
1232
-1128
766
1230
120
590
-770
-164
859
309
-25
154
-573
343
843
-377
-1324
1128
-976
95
-320
348
85
301
1135
-499
946
-1532
396
-1121
556
-849
-1378
-869
869
-347
-175
944
183
48
39
-750
861
-758
1245
138
-183
700
1315
2311
-385
-982
564
-325
-619
-809
1791
280
430
489
83
30
858
692
-305
2068
422
68
1635
-1289
391
821
90
303
42
-1190
276
-1042
870
-932
659
453
971
-1770
-288
-118
253
-137
-800
1023
195
-637
-922
462
763
403
-963
885
434
-421
837
181
-503
351
-854
-305
-172
-442
202
-547
477
295
182
70
1483
-417
1219
-842
95
-1664
741
-1920
-12
539
1259
333
9
-1363
176
-137
-563
-906
-874
-1068
-597
-280
755
-667
-933
547
-302
901
1656
-649
-180
1036
-296
-396
162
946
512
-102
298
-22
937
-782
-485
-619
5
282
256
-414
-163
1020
559
1210
-693
358
959
489
-1625
644
-236
-635
1484
-364
-475
-354
1244
-837
-58
735
517
-1050
737
1534
-165
-1995
240
-1080
488
-1296
1216
-316
210
282
1134
1152
-212
929
419
511
796
262
1161
-765
65
992
553
-24
-442
-450
902
-622
-469
410
80
114
-927
-769
522
664
-272
1371
79
-723
839
-807
186
22
835
235
-1500
166
135
24
481
-1111
742
-737
-1399
1800
-469
-975
-2716
660
501
-389
298
-224
121
-593
-1104
-444
-635
-1286
-719
254
-853
-201
1875
92
1576
341
1096
-53
378
-82
1856
542
-1108
-473
583
-874
-837
-528
-265
-225
102
-121
-197
1354
-729
-526
65
-1392
-703
-373
1122
183
-743
-683
104
-484
-280
-608
-899
122
-990
1372
-808
-320
-400
-1668
133
-803
-892
610
409
924
-1200
-325
1428
-88
172
1370
-924
-1546
282
-248
-249
-98
396
-261
-329
823
81
231
1062
263
96
-1073
1078
-338
225
560
1844
893
188
290
-23
-8
-1107
1003
-100
769
277
-393
-761
-892
525
113
-670
1078
483
-1017
-572
460
-2033
1614
167
-856
300
-254
-645
-381
732
-994
-302
88
-18
-98
217
-1164
-156
-781
-84
9
-1174
-834
-397
-478
378
-459
-1423
610
-289
26
-5
-279
-98
1442
-763
1607
56
-1821
436
-546
868
96
93
-960
-713
-464
-420
-362
1621
1446
32
880
363
53
-19
-1523
-258
-353
35
1283
-178
1046
-42
1009
1516
240
-73
260
-1314
1040
673
800
-1776
846
-229
-502
579
175
-535
235
383
540
-211
1414
1592
-1383
568
322
577
435
-292
-743
131
242
1228
368
5
-643
-122
70
674
-51
1370
-184
-526
-292
209
-900
-580
-22
-689
408
548
-1361
-228
-809
95
799
633
-560
-346
-735
222
-649
1141
279
697
-809
-194
-79
1018
-114
446
475
-974
378
-857
113
-667
-321
139
844
-749
-975
1108
60
710
622
-37
534
-888
73
2022
-556
1653
401
-1693
164
1086
331
23
688
362
664
-668
-1038
468
1028
-486
-280
502
-1477
540
-286
-658
131
-242
173
-574
-12
166
945
-304
-506
-757
-310
269
279
378
-1012
-577
1279
127
1413
1298
241
950
-1075
-295
551
986
489
1493
187
663
177
-1277
-13
446
-888
-1098
-146
-1289
282
1373
163
312
-1206
389
641
911
333
-320
446
-262
-1048
286
730
-1158
1004
-430
6
-685
304
-1019
633
