25 60 841
0 5
0 11
0 14
0 23
0 24
1 10
2 4
3 1
3 13
4 5
4 7
4 16
4 18
5 9
5 24
6 7
8 9
8 13
9 3
9 17
10 7
11 9
11 24
12 2
12 11
12 21
12 23
13 6
13 7
13 13
13 21
14 1
15 3
15 23
16 1
16 15
16 20
17 23
18 14
18 20
18 24
19 11
19 13
19 17
19 19
20 4
20 6
20 17
20 19
21 10
21 18
21 20
22 4
22 10
22 18
23 0
23 5
24 6
24 11
24 17
24
7
33
37
13
43
0
4
42
39
17
56
41
58
22
30
44
5
6
59
29
2
10
40
8
53
49
34
57
21
35
55
23
46
38
47
50
28
3
48
1
26
36
32
52
14
54
27
19
25
15
45
51
9
11
18
31
16
20
12
-1355
2309
-1371
-990
-1189
397
224
473
166
429
-370
1197
752
1127
-167
-1158
322
250
-922
659
653
682
-590
224
468
-228
-919
506
177
-448
-937
-1331
-448
-42
301
7
23
-233
466
-844
986
269
210
-409
-130
-1841
-632
-216
50
1173
-425
516
1444
736
-394
1571
-128
2187
-2144
-689
-127
-101
1627
-578
-431
609
149
551
831
410
-1371
-24
847
206
-241
-121
-528
-788
-1456
1328
-284
-93
988
-1750
-65
-267
-124
-768
591
939
-1410
-675
503
-1025
120
342
225
-1710
587
-31
495
607
543
1545
-523
-725
742
-1093
1306
-1016
216
-314
-1502
-690
590
148
140
-432
-954
-410
867
638
490
44
1984
144
-1978
-907
207
773
1415
336
251
-139
-359
-118
353
-231
-327
98
-1235
545
-359
880
-1190
33
-648
-76
1223
-858
871
-374
211
-1576
-386
-1471
363
954
-106
-632
339
734
792
-660
-580
19
913
37
-75
-1093
434
-391
-1363
807
870
21
-708
547
206
-3
-6
-330
-239
-1115
518
-1237
828
351
-414
256
1125
153
358
1020
-240
-1083
351
504
1491
-719
1392
-77
1752
783
323
-839
21
-1501
2282
893
35
762
-705
604
-202
965
-640
105
576
222
-924
-643
-41
120
873
539
-285
745
-1127
-974
223
-61
-866
752
570
434
-207
1310
-598
-1819
1697
-318
869
320
-93
38
-1310
-477
-862
438
1038
1391
-231
-444
-631
355
-291
-1603
-584
500
-39
-2489
-277
-2127
1702
782
-55
-572
-610
400
364
-862
-299
900
-1121
-452
-139
1337
507
1213
335
81
999
-608
-701
-759
-1077
-683
-350
210
177
-624
-337
-266
-598
-489
-284
-556
55
-620
342
48
-691
-1101
127
-885
-570
993
1264
-682
461
-117
1386
73
-675
-406
221
189
-838
-546
720
1450
-453
1293
-1013
410
-696
502
-2665
-642
-504
28
-184
893
211
-1841
-1346
1170
-624
543
-536
668
-573
634
-1756
725
792
-833
-433
129
1646
1119
543
388
866
708
-1840
562
-110
-852
-319
-13
1065
28
-843
1114
-546
-2433
476
764
965
-57
-1690
-557
1158
682
-552
303
-142
598
182
-983
-1520
-39
329
-1353
-719
-397
123
-945
-539
-671
477
580
-545
249
520
-1129
-311
-691
-1169
495
-1276
-621
1332
-11
-53
649
514
374
1488
119
559
13
738
507
806
-1036
-113
-107
-96
308
1426
1415
32
-514
-586
857
-58
-1265
-307
344
1558
508
-1573
-67
-559
162
891
393
-1863
-817
1202
153
-367
1483
-91
1437
-1515
-660
-1675
547
-645
832
-1450
462
331
-828
428
1300
183
176
-581
1321
1686
-201
2145
615
-971
854
553
-635
478
-89
-1432
-582
-1034
420
-203
-215
1367
320
246
358
-444
-166
1698
-14
643
-1087
1038
-666
-2192
-267
-240
61
550
-1610
-1077
590
-744
1311
-304
-1443
187
1085
-572
-452
332
58
56
609
-634
537
1862
800
-430
-1315
-443
-589
990
758
-859
29
-746
722
618
1102
-1179
-456
310
576
337
-508
680
-795
-1479
-291
-64
165
-209
1269
-531
-514
1328
-346
346
298
-364
1721
2074
-1155
662
741
-109
174
874
-600
-1034
34
-1244
-199
583
855
-1153
231
688
-470
231
63
-808
129
-484
-1420
1505
188
-29
1189
1184
232
-249
314
319
-565
414
488
-1213
106
-2
378
1099
289
322
283
619
-1167
-405
-67
136
-1530
421
257
-578
969
325
-1851
1056
51
-280
-504
-785
-1732
260
302
-674
689
-72
227
-693
321
694
-54
402
206
619
1604
1148
176
1027
1116
292
-139
244
-556
-525
-546
-698
-138
631
161
26
-1201
-391
-787
-1174
-1060
129
-1045
-770
-85
-1750
430
-108
1559
-273
773
1130
-117
473
-783
106
1111
420
-492
-945
-152
-43
-449
1360
1290
1159
-205
-140
-277
-256
659
-415
679
1019
-1043
627
1099
445
787
-306
-1566
347
-704
407
547
-1156
-217
428
787
-364
100
-1113
394
1325
-240
633
-87
1218
492
-429
-912
709
-209
-321
1004
-489
1186
-379
-636
1432
-1857
-978
-1079
-922
-514
-449
-81
-251
-1071
141
466
-1083
2098
-422
1101
-958
267
97
-80
-551
-896
73
1363
88
615
1529
723
-231
1238
989
935
-291
1139
-356
1998
-1070
-189
-128
-722
-636
581
-152
498
140
-689
-249
-120
324
1274
479
637
382
-1021
-1750
-231
-1430
614
-1089
412
304
-570
-64
-1533
-517
-661
18
-696
-717
-1261
-238
-1376
1290
-1014
-832
-1311
597
2163
2102
-353
-1023
180
144
406
-664
53
398
-311
-1448
1320
-226
352
296
244
-927
-870
819
180
-176
275
-135
731
1171
334
551
-723
167
219
-456
610
291
731
-774
-1069
354
151
-436
117
37
-192
242
134
285
-384
227
761
-302
-226
-224
1549
-948
925
-259
468
337
554
571
1279
-188
5
-743
937
-1282
-1853
70
-339
814
1252
457
-1550
662
185
66
128
10
537
-257
65
448
2
-1418
-433
1157
866
-66
775
-597
-646
2
-1623
997
-881
-1169
-425
1090
1299
-955
901
-467
767
-1165
306
198
-724
-410
935
-618
-1549
449
-2452
-142
1219
-126
1379
629
-1227
817
-327
-809
1144
696
-2182
387
-6
-628
-372
-442
102
333
-540
-550
932
121
-193
-780
-1282
460
1788
-399
-895
1311
1
708
700
-563
-162
950
1661
-328
462
136
-1389
312
692
-1141
1733
1253
-960
-366
148
-157
1189
981
-2803
-70
-1062
-21
-990
-380
-201
-1328
-1192
-133
-859
-31
698
1332
-908
1837
-1033
-188
862
-326
-173
-2011
1061
-1537
-944
-59
-1095
3
-1192
1019
568
-1618
-752
904
807
614
-1
-301
2227
-782
-314
-378
-41
-91
-139
-1806
-105
1441
-755
-1113
-233
591
-350
-616
1312
909
-942
588
-667
398
54
310
-166
-211
1294
772
370
-899
-1288
684
477
1084
-483
1365
-786
-1375
-153
-227
552
-146
247
528
2034
851
300
-262
-619
354
-1030
-379
-165
901
293
-937
-88
881
-2274
-362
605
2112
412
350
1084
1389
-413
-1288
317
571
-256
-1387
-1103
1121
311
539
-361
-275
374
824
1403
-848
2671
-874
229
1000
-629
362
-304
457
121
1128
6
-787
686
1353
753
387
103
1155
-442
-2198
-55
205
507
-175
-344
727
990
-852
-1521
1060
-455
-1404
1248
-568
127
-338
-1047
931
39
-632
801
187
-157
1020
-537
274
577
-25
437
-915
-64
-101
1506
1255
-1145
-1865
-199
833
-1330
-445
847
1392
929
-1350
1223
-551
-1435
405
-328
604
-193
1177
2791
802
-1044
-844
-694
-1213
344
-88
1551
-1610
-359
100
254
-633
-330
-141
-185
7
-10
-1002
-6
-107
-443
619
583
-678
1022
252
-474
463
-960
2312
112
-132
-1226
897
276
1558
1436
1227
269
-326
490
1002
155
486
374
-283
592
1719
584
-1637
391
950
557
-521
-1080
27
-217
-784
-470
1650
2098
906
-1125
1729
-807
7
1173
-175
670
251
-270
-509
925
-722
-1011
277
1028
1868
348
979
832
-277
1731
283
1631
-2355
-271
-1859
804
645
960
-933
329
-192
522
1464
244
106
-1433
-99
-1106
200
-2
-596
696
-844
1283
1169
-861
210
-381
-583
735
-1142
-1161
364
-23
349
-323
447
-1572
-691
84
718
203
-276
-265
-318
1185
875
495
114
-1919
576
1553
-1187
-793
-1249
331
-2568
493
-821
-777
726
-1454
925
1026
-1203
407
-159
-309
-19
-277
159
740
-969
-21
426
-376
-1221
-1133
634
-1235
-377
531
879
91
134
237
-39
264
619
1336
250
-985
-618
1067
362
-1447
-980
1011
-545
847
839
991
39
-219
248
-558
1026
-89
-143
1257
336
76
1233
-577
-1047
934
-652
191
437
258
386
187
-218
236
-105
-437
-1919
-1025
-1426
744
-230
157
761
225
151
-499
352
-1448
-870
841
-870
916
897
-326
-343
-482
378
2026
-68
-141
57
80
-600
1096
-807
1430
-305
-335
370
-1634
-359
937
-126
-470
1119
-323
-1126
101
1723
-281
-139
-769
-268
200
829
-238
-649
-304
333
0
-687
1458
247
270
-538
708
1771
-1591
-1198
2100
-1569
191
400
-314
463
-1029
1339
375
974
-1144
-1350
1227
1470
-594
983
700
-1189
388
-251
-409
82
259
-880
1387
-617
479
138
259
821
238
-113
-460
1624
80
-619
-1013
-108
220
280
665
-368
-1481
759
1038
185
-430
-882
-787
1817
-548
20
-313
-354
344
-1295
-2080
131
-100
894
785
-1754
-548
-232
-699
-427
-733
1218
829
-294
-556
-1450
892
-604
-989
1017
139
-904
-341
-1403
-635
-150
1304
-3
-828
471
335
-159
-65
1012
-1316
-700
-8
-228
570
-117
177
812
1331
990
-446
-530
12
-1170
81
-735
1257
333
-589
306
362
-314
27
565
-616
135
2067
715
138
-108
631
-129
847
-1096
-651
435
157
150
627
-1101
-758
93
1459
27
-160
773
458
-2383
318
-454
964
-217
-1474
30
230
133
64
994
1073
-629
1159
-1080
-615
363
287
485
-1310
37
-609
-278
1095
844
360
257
1304
365
520
-176
716
236
1276
394
650
-1815
-898
1376
515
-204
-624
-661
11
1045
-179
-49
-206
105
-13
-141
-515
1148
-439
391
13
908
904
187
-458
-243
-732
2448
386
228
-170
-714
8
998
1612
-689
1718
-256
-1265
-1329
295
212
-317
-123
82
505
-132
-187
648
91
-2316
-1037
1388
-961
-55
163
2319
141
-829
172
-882
-460
1011
-885
709
55
-144
820
-295
703
-1478
919
-224
658
-277
727
113
-144
1448
65
-386
-551
290
-1990
-1065
89
338
636
37
-1383
-551
-1121
1257
152
-847
-187
487
-1567
-570
1019
-1581
-2486
1016
-851
-1534
811
1251
1283
-596
238
-1533
-76
659
-17
-309
-648
464
113
260
-129
63
762
191
-1220
589
337
-735
569
1426
-787
1016
-467
-500
-353
-546
209
448
-2071
595
244
142
352
-65
586
-802
330
559
-459
-67
1619
974
364
616
1002
-1346
19
-1070
-18
-251
588
488
366
-1562
1269
-838
-204
-697
-713
1528
2284
-933
424
-1031
417
-352
-930
-1094
867
-1331
274
-415
1469
1646
102
406
360
485
908
83
-689
-191
810
-1378
1056
1470
1374
114
-20
1457
1848
1075
-1317
-477
-1251
633
-373
-101
302
553
390
1130
1578
1431
-907
-149
-278
-1601
2218
-1285
-87
-549
447
-128
335
-660
282
-643
-377
-412
108
-309
-593
605
1598
848
427
325
73
272
-159
-1087
-231
-1066
-124
-974
-19
-649
799
1431
1336
538
-1100
1027
-790
-1291
-927
392
-427
299
-443
1317
868
539
1684
-755
892
-681
-413
927
1592
9
-961
1076
-1321
-2501
-1171
-519
847
-129
1146
-801
-323
926
-866
-669
672
30
-229
0
1221
82
-969
-1494
553
509
-1707
-970
-63
-615
385
-923
-586
-742
2123
-422
-69
-411
-155
87
-674
-306
-63
339
-1876
-1045
380
994
459
-762
7
-1565
684
-299
-275
-541
-2784
756
-467
825
-734
-70
549
-52
-791
1669
-435
-132
21
-406
477
-238
-737
-889
58
1180
1272
-235
780
-1767
31
144
330
-24
1189
-434
862
47
1349
271
-98
-1258
22
-700
352
-1153
12
390
-288
57
424
1348
-554
551
355
-148
35
-1121
-489
-336
-328
-535
1113
2263
-1449
541
-375
758
135
707
-137
987
42
-873
-213
152
468
-171
-273
-255
277
-546
603
335
568
63
-146
-1329
519
15
1857
-1262
878
-384
156
139
-440
-113
265
1121
993
1049
-124
-582
-1358
1525
55
78
854
-120
-1878
984
-435
-1259
585
-600
-1897
792
-625
867
-637
466
-490
-711
-1455
601
-2412
-949
-1492
126
2116
-1690
675
-453
218
-847
1734
-388
-228
44
110
-13
112
1162
-1380
-662
-965
-329
-111
1151
-613
-541
915
1331
-773
93
-892
-847
-299
49
1283
-559
-455
-375
-2214
-1076
78
679
-309
-384
-672
-611
-279
-135
-1352
24
-986
-586
452
37
488
-296
1505
1637
517
893
-114
-698
90
276
-33
-397
-512
1410
-909
1636
-1086
342
75
-145
545
819
-834
388
758
482
-482
1050
-940
314
-400
252
1505
-148
294
-340
-266
-421
1624
-71
-1164
639
-183
-836
983
-1190
84
-666
-327
85
-837
572
1022
-1293
-1415
-676
-324
455
-550
1408
568
-826
-832
-508
321
-585
-534
-387
176
-396
947
70
238
74
162
879
632
-353
673
193
-1167
410
-353
575
-391
-224
-127
-223
-577
600
-121
713
734
-229
1319
871
1274
-691
-67
188
-46
481
-297
-1071
493
673
325
203
-457
-722
-187
-471
-923
228
-657
252
-602
923
1514
-129
238
389
487
-808
-243
-264
-265
1266
-574
886
-162
-968
-1506
-786
-1462
-574
431
143
-1164
638
616
123
397
-267
369
-434
-961
1270
-130
-289
-347
-926
116
-417
-772
-1053
420
932
380
-641
-646
931
-1517
-445
1368
348
-264
-2682
305
405
-1129
93
191
-277
-247
313
299
1839
-899
-1334
-338
-684
-206
834
1022
-717
1
818
-48
-78
-728
370
-265
-1457
-327
1221
-635
1409
-237
-784
1061
-1396
833
1100
-2054
343
-354
1993
1177
92
896
2305
-143
-633
642
77
-601
484
433
-1393
-470
-669
-390
-777
-932
495
722
-1445
154
1555
216
995
-34
-718
380
65
-421
2
2350
828
-254
-46
194
-184
309
1811
-763
-1143
-1741
-227
-1526
1720
580
-76
349
935
55
-589
765
1358
597
-346
-2345
305
2165
-252
915
-176
816
-519
-337
-1220
244
1337
-1048
-797
261
-936
-669
-678
37
-527
1127
-11
1273
-409
365
1622
-123
-1473
1146
-127
108
-345
380
-375
64
92
-34
595
402
1406
-620
-242
4
-636
440
-832
-346
367
-758
1156
117
99
889
822
-341
51
421
1686
778
-937
443
190
106
5
540
-747
-575
513
1376
-278
-1869
-254
298
-951
1399
-388
-680
-92
-705
-789
-708
321
-41
309
654
696
227
2010
-568
-299
-114
-9
-2
943
-651
-341
137
176
1689
-66
-88
208
396
-560
-399
-238
392
570
-1388
982
349
1291
176
-1927
-376
2654
137
-236
824
-108
-1252
216
1284
-97
721
391
-302
-1626
-706
-1107
-456
-211
-471
-207
-581
745
-592
382
-931
-313
343
-19
643
53
-49
255
905
-1074
-1209
1272
431
-1182
181
-907
1449
498
249
715
-552
-575
-2394
-840
1098
-630
54
348
204
187
-599
-2127
266
-120
-803
2286
-1039
637
29
-350
180
2007
1253
461
-721
572
1731
1542
1681
672
-910
283
187
1514
1290
1137
-166
-648
1271
173
-1564
-213
-1532
167
934
-304
807
2901
-42
595
-477
80
1543
787
872
1453
-425
-1018
338
-840
646
99
-821
1390
-223
-28
-581
-493
-278
-283
437
-877
-927
-1360
1038
-582
1032
1261
848
-17
-1179
767
-532
183
507
417
-1332
236
-1524
413
-630
-52
1073
-388
-554
-1160
-162
408
878
311
1050
-886
673
-753
-525
947
-386
-544
1735
65
691
-850
-802
535
-606
-366
199
-414
1136
707
435
2880
-2756
-7
-344
633
-75
1
-780
1086
1881
1401
-8
798
670
274
-563
875
661
759
1641
1391
383
-570
645
712
1229
1981
-61
1841
914
1257
957
-1343
341
672
-49
628
1197
1356
-1157
-23
-1589
927
-837
-574
265
1696
976
-55
-916
888
403
150
-1441
-491
-941
-391
-78
-469
-108
626
1065
-1209
-579
-1291
486
1436
-659
369
-636
660
38
903
317
590
112
52
-1053
1153
813
521
-627
-51
-1019
-568
387
137
-278
-107
-323
-623
-724
-507
-432
-632
1328
155
1355
1307
-1010
-497
-410
437
-753
-72
50
-353
1594
-521
-238
985
411
-2482
241
-707
15
189
-947
481
449
926
-95
1044
1068
-188
228
766
-313
-954
344
-175
364
27
-972
-87
-738
218
697
-689
-11
-653
105
-1353
130
387
854
184
-803
-349
733
349
972
497
-172
-101
-76
38
-341
-219
1157
966
-1059
1295
-1720
-36
156
-289
511
-911
-555
223
-677
289
-414
694
-794
-679
-518
1222
217
663
1529
392
-666
-606
70
-603
211
163
535
1360
879
-645
-34
-1366
599
-360
-544
-410
-185
-608
91
148
-313
457
1544
352
-1268
86
488
-702
-64
1177
1938
-397
-740
1269
318
-717
1537
-1569
-851
-48
-511
-54
1022
711
-1908
-1259
-1663
-977
431
-1764
-422
-512
115
-350
-1052
2179
-233
-525
649
-793
-137
-379
-1432
-438
574
-693
719
-648
658
-940
473
653
-101
438
946
789
-290
-1418
-484
-403
-532
535
623
489
970
-232
516
-231
-758
-55
949
2099
-342
636
426
201
-290
1224
-704
599
492
1262
-324
-710
579
-139
-2070
1188
486
75
305
-295
683
1437
-919
-728
-114
840
-322
-333
1324
-2184
2299
1500
-333
246
-365
212
598
-686
1149
-440
-338
-499
-2036
-490
-1082
-31
714
-18
-771
438
636
-349
1263
-50
1954
-410
-38
-42
-600
-1570
61
-574
-829
825
-664
-707
268
-1693
-587
-456
-68
-1003
670
-786
-30
415
719
129
-1297
-57
1472
385
644
-920
1326
1629
260
-140
-863
910
355
2094
-528
1726
795
-898
96
1668
-1301
251
880
-166
-1601
428
728
243
-344
51
414
540
435
464
-188
590
2781
926
-289
1263
-655
-646
264
873
496
-535
0
1251
600
-1649
-608
-265
877
-215
-1214
-545
-250
-539
392
-523
1049
-160
746
1344
338
-2361
736
186
719
-1213
-251
-653
-317
445
945
105
-32
-1284
1501
-1299
567
352
859
127
-813
1092
-795
781
988
132
966
601
797
-65
681
1781
-776
-54
-798
251
458
-42
-106
353
-418
11
707
1263
-1062
1869
-986
43
1133
448
488
-636
968
-632
-871
-735
240
831
771
71
-656
633
518
-908
-551
-550
172
-1558
1375
420
-496
1069
-844
434
904
-1102
94
480
-181
1567
502
2369
196
2
275
-260
-474
-411
429
1251
999
-1180
-1137
-502
-1951
1518
-859
404
872
841
-265
-487
1019
-371
52
1667
-88
-579
-917
232
-372
-1503
123
-484
507
-108
-79
-1043
852
-139
934
-147
-30
326
-207
1282
243
393
-48
-251
912
-2126
-314
-319
-698
-194
-2058
1600
-328
-364
-544
-1711
-523
2
-145
-591
-423
-914
-1054
714
-20
-1768
802
430
-272
-520
-285
1526
-16
-1153
-733
-533
-1443
457
1027
-1031
400
82
-101
178
-602
-479
774
-491
75
-688
-103
58
771
-1081
-17
684
421
1300
-237
850
641
-765
1396
1417
1038
434
1465
329
326
1817
132
1084
-520
-767
-135
1755
117
1347
786
298
229
-823
-1969
607
603
444
518
-631
592
-1119
-1284
1354
-290
80
-1517
-756
714
-962
483
404
823
-1501
-756
-964
-263
1100
937
525
-446
659
-611
449
131
469
-749
44
1298
-306
553
-332
511
-782
511
-1258
1473
355
-1486
1486
-304
-1613
-1448
-992
2010
-133
-482
102
768
-1106
418
-1089
-768
894
-194
1063
30
11
-324
-1783
-1178
-648
-416
-923
-222
840
343
490
699
-596
-196
199
-1594
620
-134
21
-864
-121
432
-1138
875
-640
-2087
286
118
139
-651
-433
1401
195
1024
-199
-493
-1122
1041
391
-353
1009
-1350
103
-448
-257
984
-1431
-967
-747
-407
576
-1426
157
34
-278
-434
642
139
789
-552
714
348
-845
-304
165
346
-1041
47
402
-1578
931
1669
1485
59
-205
283
-134
197
-221
-1374
107
-2020
1229
-760
61
597
1487
-213
-549
530
-1534
790
148
1235
92
796
201
882
-49
-24
856
820
-202
1164
-927
748
-158
231
1254
-289
301
920
-632
-1312
-685
-288
781
-1341
-211
-1259
-274
-234
-846
-731
863
39
-611
766
-1310
-1200
-536
690
1128
-603
-3
-1050
-302
632
480
-964
1189
194
1224
-215
-1233
937
-815
-935
734
28
-712
540
195
-304
-226
-1633
185
-755
339
1251
-77
-84
576
1049
-1258
-1810
-484
-130
362
-215
1877
1418
-717
-905
310
-22
-564
763
-1267
201
-230
409
779
1394
-571
283
-226
-897
42
-688
601
1133
-2220
-2100
-286
-228
1684
-1069
1277
-448
120
-895
626
1457
102
1699
797
328
909
296
74
784
-306
-1120
560
417
499
-921
671
-509
18
1001
342
-882
-196
-490
1442
393
-1119
-1052
-378
1306
388
-1211
-375
255
-964
1400
946
-100
-290
-845
-521
-1092
-1385
611
399
-933
109
-1995
321
-1858
-1451
-761
-16
-350
112
-1575
-345
1544
286
-200
55
909
86
1550
-126
404
838
-779
1001
-634
-644
-51
191
422
-48
-67
477
123
-822
-415
-642
1440
-33
2440
825
-1479
-346
474
1640
448
526
-179
-132
-288
-625
373
-1174
-1151
-436
711
647
806
21
-1333
-1058
47
303
-1147
503
576
418
311
-418
7
416
168
334
-368
-574
-156
-440
162
194
329
-2155
836
-328
584
-227
346
-225
568
-241
1141
144
778
1542
-1420
-782
-436
-582
142
1200
-1396
268
873
904
1068
503
-529
220
-326
-1544
98
1412
333
-372
-1698
551
169
-690
-1099
-528
-1147
-2098
56
711
52
-271
-1644
-219
-1389
-683
-363
-271
-1250
154
-529
419
225
1233
-362
-413
-248
1726
-1133
-499
326
216
702
320
202
-1837
-139
22
421
-782
276
510
-210
46
-240
17
1139
-1266
-1361
-330
309
311
1259
-275
555
1037
193
-1717
45
870
419
-529
-616
-1229
485
-1148
852
-26
671
-818
-552
-159
1644
270
1174
-643
825
210
-44
1245
-815
620
-963
-677
312
-1252
-1029
418
-1333
-457
802
-1147
-920
-450
-425
-623
-513
-881
19
510
126
1070
-50
-176
-103
102
1456
-771
1002
-578
639
-317
-397
1090
11
410
-124
-1479
545
-213
-876
1243
-230
-132
-862
1338
-819
144
1245
-522
-662
-69
-246
-415
3
1063
-237
1198
610
-927
-506
690
115
-990
422
557
-786
387
-411
28
-312
0
-2188
372
-816
629
1015
-1197
-90
95
335
275
217
-823
293
271
1265
44
96
137
1428
690
-187
-19
852
34
316
710
314
1187
-1112
-443
93
1050
1115
-224
909
1472
-1068
582
-995
-1157
259
-927
946
346
-189
-33
-104
-728
472
-1969
1291
32
-365
199
-51
584
-503
429
-723
795
-1104
-249
31
-497
-33
770
20
2612
-1290
620
-48
-768
567
-1800
951
-175
-321
-1056
-211
-113
1268
-401
-1497
-682
-1045
404
106
-556
675
422
689
-592
51
1286
-1121
425
-953
1128
338
-44
-1217
-818
-1853
-1113
1815
423
361
-381
-190
-1207
350
393
1428
102
-1197
-496
-419
-343
150
1030
-62
671
-786
-424
366
13
851
280
-932
-1028
-1438
1399
-81
-2260
1711
-921
-658
-177
-128
-991
540
-528
-152
247
-887
-1017
245
53
642
-593
-72
795
838
-111
162
-873
891
-898
642
796
-327
-603
276
-10
-57
1196
338
-548
-1621
1215
-100
83
-67
989
-457
-1152
-557
1224
429
-287
-545
550
-224
1021
-339
-1369
-516
-98
-221
1080
997
231
-237
-753
-1215
687
-371
-958
269
1414
-716
15
-452
868
-663
957
-137
420
-1155
-272
-968
342
-84
-536
989
-167
145
551
333
48
-422
1485
-1756
599
310
-469
-1302
195
-311
313
-67
-356
1017
184
-586
297
876
-1361
990
-1169
-687
439
-406
117
-379
613
1123
-1132
590
136
32
1113
-363
-239
-307
287
7
-654
-1935
694
-883
-7
1192
-1028
-1
-961
-152
-1223
-770
548
-949
-1475
17
-1168
-570
-16
-132
-484
1048
-265
-1964
1461
-959
2087
1446
-200
-899
-363
-397
144
-409
611
92
-234
325
557
-543
1557
-218
357
1070
547
171
-1099
-171
-593
773
-1371
-180
302
791
84
-900
323
118
383
1229
-1445
-1384
-471
-415
-1160
-1433
-701
1401
244
573
1720
-43
1567
-611
1157
-504
-303
1069
-384
-953
1253
-1423
-80
-408
372
69
-1519
-355
173
-187
-240
-221
-2
-747
-354
-1430
-242
-1058
-275
483
-429
1034
-2259
-601
-623
-216
-304
833
-223
-143
-1147
898
381
-260
-559
1459
464
-452
462
924
-994
185
-41
1047
-22
105
1253
-340
281
-578
-502
680
-568
286
905
-909
390
-700
-745
604
396
-1172
497
610
-1596
-724
19
1110
-643
81
-46
-30
362
-613
-762
31
-69
1100
1607
139
266
1333
892
-739
837
-34
601
-880
2031
538
-84
467
-771
210
1136
-1154
319
677
702
-169
611
551
-715
-188
608
2173
475
2304
94
250
256
959
217
1056
-1081
1280
407
-829
-739
-239
1057
801
1671
-2481
280
141
319
635
55
-764
-300
-1217
260
710
586
136
302
-968
-1522
-74
-883
-1084
168
483
-492
-93
326
32
373
262
531
-1262
44
-13
267
-301
-1135
-638
-1571
757
596
1110
-1531
-410
1286
-1062
-9
-29
381
-67
1080
236
-88
-157
-2431
2071
-350
-732
247
133
-390
883
267
-481
-2386
218
493
-694
-397
-852
1125
-1320
-682
272
-1375
-1062
334
207
332
-622
1149
682
-1051
-954
-444
-284
310
-62
1274
1732
-737
738
335
1737
-27
-1295
586
66
-1083
-274
174
-985
873
556
-200
80
-247
999
222
-816
370
437
-951
1821
1313
675
-284
269
1001
-1106
-456
135
424
531
-135
327
-656
347
501
-1367
943
-2386
-177
-509
255
366
-305
845
-708
1403
852
-620
1290
-226
450
1276
836
223
-745
-1189
-591
-1221
-573
-1252
1004
1001
-18
-1098
1233
-152
38
778
-1001
-1720
-219
159
-648
-246
-248
-561
-681
395
479
1084
-376
-814
-539
609
273
1603
180
386
1390
-457
172
598
443
1158
1038
585
-1456
-353
-1304
828
647
48
-1108
1688
-1529
-1018
1780
240
-1069
2055
268
560
-803
-1223
836
1578
1422
-20
612
-405
371
2570
791
328
259
-4
780
-432
390
738
1097
-435
257
-2340
-599
-329
2178
1111
-483
-806
188
1305
118
-347
1136
1403
527
387
505
-724
-738
-58
-740
-48
-801
195
685
308
290
-269
423
400
1183
495
697
318
1356
659
1245
-2482
1815
-111
600
165
-59
-232
-95
-335
-649
252
662
785
-612
-1267
-823
-210
631
-1261
-543
-753
-1080
-40
1258
1338
279
-89
-579
-86
-3
137
-40
-88
366
-607
-679
-569
-604
-2350
828
1347
369
1001
-569
313
781
484
575
698
148
-739
-598
58
-257
-199
-161
341
-492
402
153
-1
-201
-1025
-1722
-1630
-143
-94
861
435
0
-1616
-837
-108
-192
-477
1155
-1906
-446
-1948
684
117
1105
-1090
1074
506
251
-272
1266
-387
-771
-261
-537
716
-583
-714
-123
-299
1699
1878
-354
-605
797
421
-388
-11
-1708
343
-135
255
453
-1632
-191
-882
1120
435
-29
-55
-842
-147
840
255
-201
1748
926
-42
-851
1374
1185
-410
-176
206
-25
180
-932
-530
-605
46
869
-289
-108
-270
1381
204
-634
-64
727
-275
119
352
-1434
-557
-1018
-965
140
809
-1452
212
-253
40
-931
442
-620
342
-162
778
502
-446
2001
1120
-124
-453
292
642
953
-90
-309
1313
-137
-24
-595
-101
762
525
1473
363
-418
-1773
442
1251
-221
-17
-434
463
575
174
1135
961
421
-402
396
-547
-315
45
-324
153
920
420
-472
-936
805
-649
-640
226
882
277
2766
-1058
-2956
-1909
-17
243
1127
-1011
-828
-949
-937
207
1029
-298
-785
-774
693
1116
-52
-748
763
27
1348
-1021
767
-1114
-1082
1211
-1721
192
2107
-1004
795
515
-489
296
650
865
882
2150
60
675
-663
589
-995
175
-585
-166
257
-1280
-1261
-693
-234
-1368
-487
7
-316
-367
-118
-1151
-423
203
357
886
-86
-324
565
287
-438
501
134
42
-400
1095
331
-150
-830
-313
-385
558
724
512
-487
-750
1250
-184
816
-1079
-564
808
1032
-29
-291
9
-825
30
-500
-13
1436
-397
273
-683
705
1871
-728
554
-336
1132
-533
627
1070
426
1290
-34
447
-732
-544
-1577
-2034
-32
-1176
771
91
476
188
885
-181
-585
-470
204
-360
-1326
446
-472
-1914
741
118
580
910
-351
-696
2199
124
-399
-13
-57
-1310
536
-1596
175
67
730
327
-340
-993
-274
1338
242
677
1243
-885
-403
1110
449
-777
620
-859
225
-537
-492
302
691
-1117
539
27
1099
305
-848
-274
228
376
586
-536
-435
792
-1288
-1729
-99
-2335
-309
259
-125
-418
-389
-843
203
-856
489
-720
1882
-1204
-37
897
-271
461
-548
-1102
-995
-1385
-1049
132
-126
632
183
-257
382
473
1040
-1481
427
521
-171
-289
33
-465
-2104
-575
141
756
-99
-447
813
537
-801
-1251
-308
213
641
-103
-461
280
-683
308
-739
866
-402
-95
-797
756
-322
-461
-94
-652
585
-1129
281
130
-30
-1401
-1313
55
-866
-995
353
-731
2
-49
-988
2070
-1115
-799
376
469
-917
-876
286
293
-477
939
-230
1344
-447
478
-960
-144
-108
213
-34
1910
-1164
2000
1051
1024
-755
-86
240
-169
-337
-35
-1268
-724
1004
-844
584
-463
1333
-316
-477
-1014
-1430
-265
1132
679
-235
-396
31
1596
1127
-1092
-1174
561
-726
96
104
2021
635
1938
-1776
688
-1088
-838
-805
-771
1087
542
1368
-33
-604
-632
-205
-122
-237
-636
-133
529
-940
391
-135
-523
1533
87
-639
117
483
685
-363
-190
-1625
-110
410
487
-376
-281
-904
-300
-97
1581
345
-672
-1181
589
-462
56
-195
-224
371
343
73
1479
724
-557
803
189
477
-257
249
-1545
681
75
-605
-602
84
-1379
1327
767
133
976
-277
-34
512
117
683
225
-7
-70
982
-831
659
792
227
-616
430
-678
-376
-486
588
-912
462
-2080
1030
891
27
-267
176
990
58
262
-692
260
-1051
73
-1313
-777
-1274
-828
-1294
992
1370
-93
-735
-331
-223
-675
-6
-516
363
-889
234
1108
450
27
-218
-1744
1887
-222
777
-1532
-1431
737
-230
391
-142
-174
108
624
1070
-31
1104
-124
-379
-38
-311
878
16
631
-530
1529
133
-56
700
1146
268
958
1166
211
326
-197
-412
-769
-59
193
1283
1098
190
-549
1657
-1613
-726
113
-544
188
1704
-499
-660
-261
-423
-660
598
170
-254
207
352
745
773
-1457
-285
-770
1029
-275
418
1321
63
1037
-488
165
-189
-813
-28
-891
256
937
1842
-1300
28
163
198
1127
-63
-389
-495
96
915
381
-330
-808
-953
-792
634
21
59
-284
772
385
243
271
-195
-146
-241
-386
1206
-384
136
1700
185
789
501
-282
-472
-1398
-20
189
681
-856
-2
634
-44
2074
1438
641
632
-51
1302
-173
-1329
-68
814
-668
-1470
-153
-882
-463
-790
515
-242
-1765
-605
-199
351
402
-501
946
-524
731
1064
425
1068
1207
-886
1350
356
-1097
23
-474
1244
-860
-496
-778
292
-361
-530
1057
-42
-530
786
-765
-781
241
755
-281
-694
-1924
1044
-206
-265
170
983
-1356
-286
76
-520
-121
-658
-975
525
-639
-275
-1211
-31
296
-49
666
-79
-248
-1603
17
-1076
472
-962
238
76
768
-73
-621
239
-739
-923
1063
-575
-44
-771
192
-1081
-389
109
285
-1322
-81
225
509
-936
-107
-311
-568
-107
79
786
133
-331
126
-1121
576
395
691
-870
347
1046
-652
10
333
-116
-190
1133
1415
267
-1019
-186
413
581
792
881
-618
-2030
-630
-234
1332
-459
-937
-578
1261
-33
-1178
258
-1267
-1037
1389
354
604
-624
594
-506
-311
1324
1444
-580
805
-76
1100
187
842
153
668
503
-184
-869
857
784
-42
173
-183
-318
-729
896
-445
1137
-530
-757
256
744
-775
-649
924
691
614
17
117
311
-256
216
-822
156
-1029
-625
-1361
638
-783
-421
51
-412
1579
1659
115
1277
174
381
-1193
-918
7
-397
-194
-303
-940
1246
612
-880
457
-1595
-578
-146
-1491
930
-1521
-746
533
318
202
755
1199
-849
-736
-326
261
-412
-996
1081
706
-213
-1601
-1151
752
2534
178
502
11
-572
-312
-1607
1101
-973
439
437
1217
-168
-365
181
-1087
796
106
51
217
-1110
813
-306
-364
981
2042
-454
-895
828
385
-84
-461
-1127
-626
-103
-161
-468
1980
375
-688
447
-994
-1375
1675
1076
-373
1013
-947
-630
-1009
678
-989
-1967
627
-2090
-635
-907
-907
-299
-1947
42
1472
-239
-1717
-243
332
413
-114
370
-128
1189
-381
-210
516
-360
-224
-68
235
1064
1224
-46
2439
-107
-1623
-425
-997
1454
446
1247
-658
-143
579
-159
-285
952
134
599
1127
463
-824
144
2012
1503
1233
-1768
151
-989
54
1159
-1426
761
238
-755
517
-458
1550
-817
1388
-351
473
769
313
108
455
-905
327
-446
-442
1581
1220
1282
-196
-443
-35
287
1039
-338
-161
-785
-1293
-301
1058
-465
-1324
544
861
-668
392
621
151
-259
99
53
211
-1040
-226
-271
-84
-845
78
770
-1534
-797
284
849
945
-54
315
-1143
-1283
226
-689
-564
419
-388
1012
1453
817
-134
-64
819
-1473
-428
-211
725
-986
-359
-916
-611
447
60
704
542
-100
1322
455
-129
1826
-944
30
-98
-875
-1377
-1903
-87
-387
1024
793
-1035
-682
276
242
173
-770
-867
785
-1413
-625
245
-295
-1573
903
-395
-1545
-976
864
-420
-472
1086
385
-65
69
71
111
-770
1123
-134
-354
-815
-552
1414
-604
-57
-32
95
862
-1590
353
-498
-949
-92
-1256
-354
216
-1169
21
-239
188
404
335
-710
-598
-185
-1254
-1090
600
950
567
-1148
24
397
-330
758
95
-1386
-1332
405
375
-679
-1725
-642
396
1919
-859
-1669
-160
23
-934
-879
170
253
1651
-1025
1091
-369
1056
-785
195
654
444
169
371
-1407
185
-155
43
246
-680
-322
793
-282
728
-105
-175
-456
-2005
141
466
805
981
508
-530
-1350
-1844
-1959
1117
140
1550
-47
576
-2139
-1782
271
335
-1606
-71
-385
-56
-157
-717
315
-440
1374
-314
1158
-1034
-880
-354
1204
1011
-571
-564
345
1326
-1093
77
79
340
-273
49
-1080
268
-124
4
-735
710
355
-113
813
-659
302
1313
-557
629
-3
803
-523
-286
386
-289
-325
558
110
1390
-771
-2103
-576
1560
961
-602
928
500
-408
-687
1410
-126
438
-1096
653
-152
-1076
1727
328
-1172
-799
-1252
493
-1976
-891
647
-317
-1562
-320
473
-345
-105
213
-621
676
569
-1681
1158
2673
1230
-62
733
586
1229
-366
-1178
-823
-376
-480
746
-126
18
458
-120
54
-457
-1333
1321
-700
-1015
251
404
11
191
130
-499
-1177
434
-717
-514
59
-228
657
-1384
-1289
-760
-182
-116
335
248
538
248
155
667
-1863
881
-1138
90
-255
-704
881
45
-215
-438
-831
-125
830
941
272
166
1800
202
-554
-539
-635
-246
1320
-1030
783
1541
1020
555
-463
-1257
314
-1
946
-293
216
531
790
1065
-125
403
-1058
-1172
-675
439
1947
-830
7
-321
205
967
179
-516
-1669
215
734
256
473
-1253
-265
-568
-659
-103
384
-1846
32
-829
-858
737
332
-756
446
-255
441
1817
339
1067
50
2281
373
523
478
397
-1274
1228
862
162
-645
-1104
-1583
717
173
-369
789
572
873
-1111
242
1144
991
223
-671
-69
-1026
-776
671
359
1115
378
511
1446
-1213
-476
1030
756
821
589
-69
-7
1091
404
-1263
766
275
-217
-110
1219
698
-1031
702
-1386
492
-636
1368
185
491
1515
-178
-367
-289
-586
-67
-52
-232
-272
-312
679
1129
-946
392
530
928
-132
-185
-408
283
181
681
561
1111
685
-496
1214
257
-568
986
1603
-475
970
-773
520
298
-1912
2079
974
-538
-1152
-873
629
475
-320
-660
-273
193
-807
352
-1014
162
1134
369
-759
855
1263
-1430
-810
276
-1106
426
-2389
677
379
-483
660
-504
-266
-99
-101
1584
-1573
-253
116
-43
662
1334
731
1351
-679
-267
380
-468
-630
813
297
1362
243
606
274
-233
-158
503
-768
-1344
-257
-291
766
1952
-15
111
-983
-69
176
184
-918
-509
55
1206
1514
-364
-745
-1419
-656
405
-743
-23
-412
1310
-188
-57
857
11
-1009
1069
-1294
-963
678
-27
-270
1285
302
1102
-736
1679
467
-1061
-428
1305
-56
1295
473
-808
-1835
633
-182
-634
-897
1249
-1079
1238
-1604
652
1134
-98
916
-338
-243
112
467
547
494
-580
13
684
9
-8
-1313
999
2488
-660
227
415
-551
416
-184
481
834
187
577
745
1795
-1691
-415
-328
903
-323
-464
-379
-1272
865
-158
-1534
-899
-2206
-288
-194
-345
-463
-737
262
-131
-191
-539
45
772
-888
-504
467
-26
1172
-721
-1613
845
216
-158
-308
468
266
-1508
-346
727
-427
69
284
-746
660
-384
-285
272
1
-1177
995
-135
282
-82
865
-1108
-250
1002
-713
-267
-1250
-140
104
141
-1287
-53
1702
797
-14
1312
1
278
540
-451
1381
61
-870
-90
1188
-59
-1365
1017
-403
-593
325
-574
-1210
947
259
-172
-1191
-1571
634
-379
-1055
123
-826
-617
478
1164
36
-1628
1114
210
875
-1512
398
48
1522
-338
-765
-231
1448
-407
-265
-339
-629
-450
-1290
168
-435
-1452
-153
-762
67
1343
-741
-208
-427
610
763
1113
1040
104
203
-54
-1677
673
244
634
252
817
515
743
203
-386
-529
1511
571
-211
43
-703
2425
-109
-1217
-806
-1638
694
285
-156
404
89
1694
-1171
278
-723
-196
-797
-917
868
703
-1024
-492
21
164
-476
301
899
626
581
-653
901
594
377
-582
473
-1803
-707
300
-575
-237
-77
-208
-2159
-734
-850
1045
965
-1095
-992
-479
56
-2074
-1415
297
-1148
-409
-220
-216
-1194
255
470
1035
219
-528
-744
136
192
-1082
312
-545
2125
338
-469
-535
-566
894
604
-288
1208
683
-110
199
682
1004
1901
1126
24
492
-491
-1386
-829
2028
1047
-738
64
-1163
-1318
-388
-398
624
-1039
559
712
-361
-878
-673
-980
-1439
1487
624
-656
-1944
-918
-174
1419
-207
-690
953
195
-604
-515
595
-844
-258
1383
531
-406
1633
1379
-700
-698
-709
261
-1143
1246
805
-1051
-25
1008
-852
439
344
-1317
42
539
-151
-172
-1998
-2306
-77
-2149
92
-941
554
681
2174
405
984
-16
737
1938
141
-543
697
119
-361
54
150
-830
348
21
-208
1291
-747
315
-298
-431
-62
-455
855
442
-1563
-1444
-190
1078
331
-380
-810
275
1159
251
-280
-422
-1491
178
-1006
-42
-38
901
251
-987
261
-517
486
275
-1927
457
-1689
342
100
-606
1275
-193
-441
1111
1520
834
241
-152
-1180
-449
62
1073
1164
95
620
-772
964
-1477
-1715
-1066
235
376
-92
186
-207
238
-209
436
-544
41
-1100
-932
-658
308
-38
-306
-754
245
1261
1336
730
-710
-76
1366
-1174
1619
573
1162
-129
1185
-181
-798
349
-535
-1071
-326
106
931
-433
-754
-328
-339
924
-350
-714
280
410
1243
-368
189
-221
42
-23
263
-800
-134
395
-1369
-349
-1374
216
1079
-97
-325
-35
672
725
63
-585
410
851
310
-1049
-1778
1042
-67
-599
-730
1026
-12
528
732
19
726
-1035
-211
-1527
271
2115
-752
-517
-1514
-163
-149
-1173
712
66
-282
481
-700
484
1416
-35
-515
-493
-691
1588
-167
-606
-1197
962
-100
1215
-25
-1531
-729
361
-894
1506
-1985
-1049
-565
924
483
-1214
613
469
-218
507
-531
-909
-842
-608
1468
290
82
-742
-278
-1427
343
826
-147
1283
-179
612
-464
-1186
1097
-574
171
-710
1195
-813
-1009
17
-930
321
1314
1204
-778
-328
125
758
-241
-559
51
1042
433
-297
695
-280
779
973
-1314
-1386
-1868
-424
26
-1171
1467
-746
-532
-1581
-1559
-259
1176
-576
-586
-476
507
-1273
-784
176
-528
-1047
378
637
309
182
-540
343
-12
24
823
951
-566
1028
-1438
-247
-885
301
-220
-214
289
-507
939
-233
-856
-661
172
526
-952
-1379
1135
646
-550
1305
760
167
7
190
-1164
-950
-511
-1423
137
-455
-655
466
720
-1204
-99
95
-778
15
-191
66
830
1092
61
594
-574
-182
604
362
467
-349
681
656
-1348
112
1094
-1483
487
-16
-1454
-96
785
380
-907
363
-40
-358
1113
-523
-983
-1628
103
-982
826
-455
-744
1313
683
-281
-71
-400
1571
646
-2011
2055
-126
-673
298
730
1176
26
599
186
415
95
-659
-660
-194
-1242
-478
1504
23
522
843
-550
-211
-1604
-1164
-230
885
-71
732
-76
-1382
-1145
263
44
22
1346
111
-828
291
607
-312
69
1137
-1528
1303
-382
261
366
426
-494
-80
1010
204
-1789
-2153
570
763
174
1287
-762
891
896
11
-1506
-31
-288
-779
-584
447
-20
-314
153
-610
1002
-35
377
415
-851
-1355
415
-1902
236
5
1047
331
161
747
740
-221
1478
1436
-780
-916
1025
341
650
-214
-1981
903
8
-46
589
1514
1953
-39
-392
-950
1346
419
111
-277
1277
338
-867
371
591
728
880
-2164
1701
6
-134
-279
-160
-53
612
100
-636
616
994
-463
50
-1340
-858
-511
801
471
358
78
1533
-1821
60
602
425
-778
-532
-421
-1963
-1795
148
-101
-370
419
2008
554
-1397
67
167
-24
-1119
367
-87
205
-231
194
247
-324
-242
-1693
-186
-45
1483
1224
335
-1166
-56
1201
-1351
785
-217
-31
-216
-1061
-266
1222
730
480
-2040
-1288
1035
-258
1015
286
137
-321
-1486
-70
-1042
-1395
-704
-496
499
-504
-765
-295
218
-52
-1220
695
81
2
-1380
549
1464
352
42
149
784
37
1927
-323
1422
-1896
-1440
-256
-50
793
-609
-1241
448
-505
1578
-457
-703
1692
-708
-488
6
402
-555
953
26
-1141
-149
247
-227
826
1364
1050
-527
723
-515
81
857
-1215
1168
964
732
-1115
-73
1873
-366
-1365
1531
-187
-513
-160
-336
-979
839
-400
-1208
-3197
-879
-1160
-23
-164
-667
996
-262
-422
285
-5
-1705
920
-462
-54
446
1111
-703
509
812
-1469
-591
358
1419
-1326
-312
-676
-287
-1161
2071
183
76
236
-554
-1277
-190
473
613
127
-483
-169
-650
-701
76
-409
717
-839
-1515
560
1165
-1088
-399
-745
1016
-691
1426
-1453
-1114
554
-465
-167
296
-1247
680
943
-324
350
213
-156
-985
250
-569
564
-512
-801
999
-499
-1094
-671
931
-613
972
663
468
-1455
16
-457
746
-458
-1014
-1016
-199
-894
-702
-656
-542
-949
399
-671
136
563
-201
349
540
1568
41
-285
636
571
2154
1099
-2125
694
467
956
349
-1965
93
276
-733
-787
635
624
1057
-149
-754
-1342
706
1352
545
-663
943
45
-490
715
1793
-1469
-222
1122
-982
-20
-1262
-455
784
1061
-102
-1116
-240
355
-308
1607
166
952
614
-714
1078
595
-1662
-360
-2027
514
-586
339
-202
2272
-257
-901
370
-612
-1121
-141
243
659
-4
442
480
-741
-541
297
149
464
-315
-117
-237
2181
283
103
422
409
468
397
257
354
216
241
-1577
-1448
938
550
-1522
349
1124
-765
195
263
1828
610
-42
253
-231
87
-418
-470
-1637
-1514
1034
129
-358
1467
-336
1307
323
-591
721
-400
-422
-114
-619
821
-1270
-168
-217
511
149
-1629
723
-2067
-85
-1002
-975
-334
-405
358
162
-692
846
1552
-58
-93
-86
611
-76
-758
1297
-869
-1972
1250
-1122
2108
-65
-357
-1216
-1500
1241
557
683
-1351
305
255
711
-947
298
-221
1763
597
289
708
-479
-590
-379
982
-742
774
-1329
-1680
1395
1204
-933
-135
398
948
-569
-29
-476
-568
-662
357
-1207
-427
654
-125
-437
-704
-26
565
-355
637
828
170
766
-1144
-548
412
-499
-1054
-22
1714
-323
1603
-1238
1342
110
-706
-1248
-252
27
297
-158
1691
-880
-495
-578
-1331
555
743
587
-811
-1124
-312
-324
-701
347
462
360
-198
1611
288
-646
-687
828
-827
-1578
582
-202
795
-652
-455
-187
-836
243
-1477
1157
282
-388
424
635
-1246
1296
-1160
-40
-1142
1424
-550
336
907
-1305
-280
299
35
-1859
722
192
-1149
-879
-585
207
-1442
300
-1186
659
211
-428
1310
2826
1407
-2075
-1193
1022
291
102
-607
-219
-485
-745
146
689
-787
587
-331
589
352
594
-668
-162
-749
-565
-1711
-28
-455
293
743
-1039
-422
179
-11
-191
-390
1301
125
946
-272
-188
-1492
-121
-1677
750
-1777
-1392
1248
763
-1413
-108
-815
-662
-111
-806
889
-1093
106
-644
-242
-929
1494
567
692
-191
-1217
178
262
-275
169
296
-291
1851
594
-1042
592
-381
501
-77
-2058
-317
-224
-781
-57
67
-1552
1355
1790
295
-129
-188
-1744
-1129
-559
651
2161
-839
749
-1569
504
1204
-260
-548
-487
-639
13
591
884
-553
-701
810
-689
-1015
-136
447
182
211
902
-379
195
-718
-1286
799
-1104
-121
1896
499
929
994
1282
-7
321
1612
314
-366
-1122
26
-841
1413
411
-1380
-884
-178
-198
-114
-743
-586
-472
-230
-1260
-1278
583
455
112
-676
-649
-2160
-359
-59
983
-91
-1346
356
-617
680
559
884
2877
773
-514
992
1980
-464
264
-968
-124
187
-357
64
1455
267
-620
-651
311
-675
661
1102
-383
-245
-141
-1680
-49
82
-447
876
-678
-532
952
180
1878
-1172
-761
1282
1748
-668
-305
170
-1325
710
736
-1365
-1076
-798
-2005
16
-151
178
308
-14
570
-92
311
-483
182
399
-1221
-714
-142
-1094
332
553
-582
498
735
-878
-977
-269
-293
-150
56
-908
470
1
9
-663
-770
980
1269
-96
549
690
-335
767
-1289
662
984
2382
411
223
509
-1912
-116
-461
-1081
1120
176
276
-704
-848
-1023
697
-754
1307
-695
893
659
286
606
787
-1440
-301
-224
-858
-1221
-489
474
531
600
-613
-776
608
-842
1628
-620
457
-672
733
-247
-912
-400
324
-666
-257
-1261
276
-728
423
-495
1911
96
70
104
-686
-468
-622
639
-849
284
-471
-1279
1703
244
-732
-230
284
1048
956
789
-1076
-115
-204
-451
506
-338
1183
907
-411
1536
1202
166
-806
-457
982
-361
-659
-852
-1013
-589
954
-14
-1864
-270
-335
-589
-755
-1075
-627
544
-141
-151
-667
-563
136
-214
-1262
-830
-1113
1058
-329
-12
171
1362
4
423
-886
-816
-33
230
21
-1279
-856
-193
91
-875
1735
-486
664
-156
998
640
872
-80
758
-354
1609
154
1132
677
-859
1935
445
-1774
-651
-739
517
-163
-141
144
-858
457
-736
688
112
-41
971
359
-329
1986
-871
-151
2255
-710
563
-1252
778
-1331
122
1491
889
-21
-15
122
949
-543
-270
769
-897
71
-590
947
-903
-189
995
3
-212
124
-1054
-1236
-37
-784
578
143
-109
-2035
500
-235
-165
140
1177
291
474
440
-226
-915
348
468
665
841
186
-151
-1026
205
949
-522
-345
148
1134
-2345
215
1409
-464
1577
-633
-1189
1534
-117
-479
-189
-547
-591
79
-120
874
-262
-109
-1786
334
-396
359
-968
309
-203
-941
-940
1246
-121
100
-45
203
-515
537
-554
831
-1328
-243
-246
305
-1700
-611
931
-40
411
-612
-967
1076
-1155
-572
1940
892
77
429
-1067
592
-511
303
600
193
663
413
-589
133
-567
491
362
986
949
1033
1023
1282
-427
-159
-1024
-535
550
-297
102
337
931
-266
1766
1049
709
-645
-1460
-1586
-643
414
-1661
-19
-162
1470
279
551
273
395
194
663
-134
-1504
-608
658
-1631
-1217
-186
-2038
-772
877
-8
-530
-977
156
-16
185
-320
-1904
-174
656
403
1959
522
515
614
3146
-1986
1553
1465
193
-5
98
192
123
471
57
689
1332
55
-433
1278
-672
-17
750
1255
360
1581
-1001
-1072
1121
-848
-1111
1568
-513
75
479
677
-752
332
375
-3
-473
-834
-736
37
2460
957
950
-361
537
-1302
208
-49
366
-1168
683
-637
-969
-879
-732
-167
885
861
553
339
-184
-1381
334
-197
-289
887
22
695
1389
-1485
390
377
928
95
-436
389
1666
-1068
-783
-1189
191
471
-1822
-632
41
-362
-270
-561
-400
-776
-426
-126
-39
-1198
-1741
-102
-1043
-968
-157
-653
-731
-285
98
1089
48
368
-79
-374
194
-211
168
-765
639
40
134
858
-518
405
97
-402
1836
320
612
-149
-206
-1775
377
1502
-2441
835
-1535
-381
-733
1453
-1417
-219
37
841
-766
510
-182
-253
281
278
-442
-2032
-130
-302
96
-185
862
432
-48
-581
220
-588
-439
-292
-1482
-1855
116
242
-1161
206
603
1667
-1193
-536
670
-310
-573
928
-1686
537
-667
-68
-455
1829
597
1054
-330
-592
289
464
-1279
77
-1084
-833
-287
-715
-648
1186
-709
1360
13
1519
211
96
-844
-428
-490
271
-758
-1922
-715
-646
-548
-2
823
-151
-208
-1576
114
-907
811
-428
-688
-315
-1155
-1603
2382
-278
1768
-968
-1469
-235
919
1617
385
-154
527
-294
-1065
663
607
940
-479
431
354
-616
609
583
-970
128
-1605
1795
1572
-1040
-620
993
-893
-1049
-570
-505
-829
26
764
-804
-907
1065
599
34
152
363
-747
-2728
743
-970
-8
547
588
414
1378
756
168
716
235
1782
252
-224
472
1827
219
-34
-879
730
-1574
-240
990
-72
-885
401
1098
-85
390
562
-173
777
-1246
-884
-267
-1100
-1
135
-677
-1451
479
-225
688
-809
545
179
-113
-62
-64
549
-320
-1171
-232
466
860
-1718
-1436
-153
529
1113
124
-66
562
558
176
1634
768
-50
511
-897
401
731
996
-370
1241
591
-528
-400
-178
918
-467
-672
544
-775
-1129
766
-215
181
-26
119
-167
23
-417
279
34
-396
-1080
335
-624
428
-848
-1124
-223
445
2
-220
-1346
292
528
-411
178
-344
796
-1274
-287
246
1028
856
-877
-1528
-733
-1488
-357
814
601
797
-663
-998
-223
1703
418
349
-122
-489
276
-787
161
680
1478
1518
109
-1351
42
1621
1250
-574
-63
1674
667
190
-1098
-478
-146
151
-1756
-211
-501
209
1069
4
1304
-596
1284
-163
-445
-1379
847
-363
624
1565
-965
-90
-134
1585
533
-573
-267
-307
242
2067
406
55
24
780
534
-768
735
-1095
275
-418
-1231
-1025
-779
-996
995
1188
-455
-263
-327
543
478
367
-596
2141
-1129
1515
620
936
-1162
337
397
-433
179
41
-2539
-732
59
-6
-876
42
-236
1059
93
-1369
-807
-367
-751
-450
-255
-256
-768
-69
168
4104
-468
1544
-829
-773
1383
-383
972
-824
-783
-898
-192
-54
-565
1178
745
456
940
-121
1512
581
-974
1114
-183
510
856
-177
-342
1560
-1498
-465
980
-522
-130
-1402
1158
-606
267
-76
-1588
-143
-650
-150
640
980
-342
-101
1459
-603
-742
815
-616
1091
-58
-410
735
-342
254
139
-95
-1846
552
849
-841
-717
-165
647
-339
-279
1051
-581
-633
541
-664
783
158
114
455
-805
1464
-1083
-1489
-277
-1217
1407
737
1131
1642
766
129
-844
-766
-545
1007
652
-1580
133
-1661
-587
-1044
-251
-368
-1462
352
1271
1655
903
-79
-154
-254
-1840
344
-840
886
-95
243
-439
-598
-571
5
1681
144
351
-130
306
196
-457
-776
1450
651
674
-1902
-1357
973
20
-911
-470
149
-1140
-792
-1074
743
-1430
1317
381
-401
661
546
-664
215
584
19
-230
1015
-987
-495
-505
695
42
-159
519
-595
69
700
-1093
-701
-828
502
-1533
730
-292
156
-414
337
1206
539
-10
-251
157
-661
-417
-181
214
575
-885
1710
-590
-270
532
1179
241
431
-624
249
-1
1124
-147
705
830
-75
419
0
528
-703
-21
-403
268
998
-835
-560
1868
1239
-397
-564
754
-286
2498
98
1458
-728
871
1082
-1608
-999
-1086
884
3281
300
674
451
379
1226
874
481
-504
1224
-241
96
77
-258
-933
-45
-894
153
1089
561
-174
-1792
-1281
203
-242
1229
-226
-181
-197
1166
649
-54
28
-1035
-1050
450
1260
35
-40
-290
-566
60
389
541
842
1446
-123
-152
511
67
443
70
908
817
151
-332
1035
522
-401
1455
-1175
-1139
-504
-344
-525
-32
-133
479
837
-1226
-31
384
-1
-537
-231
928
-164
-1090
-256
1870
174
79
1204
-934
-1783
495
1334
-1344
-882
-421
-97
-926
-1188
-664
-13
582
-101
404
1371
1385
-22
-298
755
-179
-825
1820
795
-760
-311
-279
1104
165
-537
-495
1143
1201
-101
-620
-906
1221
351
-948
1187
1396
1049
853
824
-152
-357
-1177
142
1619
-583
692
793
-1303
-462
-676
312
950
-469
-374
918
-8
-633
815
-409
668
-73
372
66
-88
30
-543
1030
-1266
573
-247
-1732
-58
-196
-461
-410
-853
742
600
-585
891
611
-554
593
-114
592
-231
-264
-839
595
-498
1002
-1529
520
365
-2
-193
1351
-295
298
-323
662
-315
-122
667
-1462
-182
-27
338
588
-455
-76
-246
1673
-513
-164
268
177
927
465
1169
256
-1555
1027
-169
-667
-509
80
1863
-2080
-156
858
-1048
610
-1119
-277
-635
-953
-427
1281
109
390
-580
571
-1938
93
-87
443
73
590
-1769
-306
-1055
68
1174
-2563
-326
865
-512
788
-445
-53
1209
850
-916
-253
1119
-919
566
726
-1011
611
-1191
-320
-1497
-1562
62
408
675
-375
101
900
-279
-46
1110
1636
-1265
1535
-669
-1349
-1906
-606
107
1192
384
-1816
998
-1211
-1410
280
2
780
-773
213
-40
-1508
664
-621
-71
1492
-663
425
-534
22
793
-1543
-257
-1275
-1202
-1128
-34
55
-193
1407
132
-1638
832
-750
427
572
783
687
1557
-842
781
-569
-1393
72
-289
-799
-676
441
-777
-801
1373
-1049
93
1679
226
-921
-1281
496
1150
-425
-167
207
48
1187
773
-1078
1181
603
1409
242
597
38
-1593
1454
-100
684
-363
-565
548
-1024
171
-1050
173
77
81
-279
-44
-585
-324
893
1321
-1210
822
1319
128
633
-826
-176
922
331
-27
165
-614
368
904
-404
-1420
1210
-1047
102
-343
373
91
323
1218
-535
1015
-1643
424
-1203
597
-911
-1478
-933
932
-373
-188
1013
196
51
42
-805
923
-813
1335
148
-197
751
1410
2480
-413
-1054
605
-348
-664
-868
1921
300
462
525
89
32
921
742
-327
2219
453
73
1754
-1382
420
881
96
325
45
-1276
296
-1118
934
-1000
707
486
1042
-1899
-309
-126
271
-147
-858
1098
209
-683
-989
495
818
433
-1033
950
465
-451
898
194
-540
377
-916
-327
-185
-474
217
-586
512
316
196
75
1591
-447
1307
-903
102
-1785
795
-2059
-12
579
1351
357
10
-1462
189
-147
-603
-972
-938
-1145
-640
-301
810
-715
-1001
586
-324
966
1777
-696
-194
1111
-318
-425
173
1015
549
-110
320
-24
1005
-838
-520
-664
5
303
274
-444
-175
1094
600
1297
-743
384
1028
525
-1743
691
-253
-681
1592
-390
-510
-380
1334
-898
-63
788
554
-1126
790
1645
-177
-2141
257
-1158
523
-1391
1305
-339
225
303
1216
1236
-227
997
449
548
854
281
1246
-821
70
1064
594
-26
-474
-483
968
-668
-503
440
86
122
-994
-825
560
712
-292
1471
85
-776
899
-866
199
24
896
252
-1610
178
145
26
516
-1191
796
-791
-1501
1931
-503
-1045
-2913
708
537
-417
319
-240
130
-636
-1184
-476
-681
-1379
-772
272
-915
-216
2011
99
1691
366
1176
-57
406
-88
1991
581
-1189
-507
625
-938
-897
-567
-285
-241
109
-129
-211
1453
-782
-564
70
-1493
-754
-400
1204
196
-797
-733
111
-519
-301
-652
-965
131
-1062
1472
-867
-343
-429
-1789
143
-861
-957
654
438
991
-1288
-349
1532
-94
184
1470
-992
-1658
302
-266
-267
-106
425
-280
-352
882
87
248
1140
282
103
-1151
1156
-363
242
600
1978
958
202
312
-24
-8
-1188
1076
-107
825
297
-422
-816
-957
563
122
-718
1156
518
-1091
-614
493
-2181
1731
179
-918
322
-272
-692
-408
786
-1066
-324
94
-19
-105
232
-1248
-168
-838
-90
10
-1259
-895
-426
-512
405
-493
-1527
654
-310
28
-5
-300
-105
1547
-818
1724
60
-1953
467
-586
931
103
100
-1029
-764
-498
-450
-388
1739
1551
35
944
389
57
-21
-1634
-277
-379
37
1376
-191
1122
-45
1082
1626
258
-78
279
-1409
1116
722
859
-1905
907
-246
-538
621
187
-574
253
411
579
-227
1516
1708
-1484
609
345
619
466
-314
-797
140
259
1317
395
5
-690
-131
76
723
-54
1469
-197
-564
-313
224
-966
-622
-23
-739
438
588
-1459
-244
-868
102
858
679
-600
-371
-789
238
-696
1224
299
748
-868
-208
-85
1092
-122
478
510
-1044
406
-920
121
-716
-344
149
905
-804
-1046
1188
65
762
667
-40
573
-953
78
2169
-596
1773
430
-1816
176
1165
355
25
738
388
712
-716
-1114
502
1103
-521
-300
538
-1584
580
-307
-706
140
-259
186
-615
-13
178
1014
-326
-542
-812
-332
288
300
406
-1085
-619
1372
136
1516
1392
258
1019
-1153
-317
591
1058
524
1601
201
712
189
-1370
-13
479
-952
-1178
-156
-1383
302
1473
175
335
-1294
418
688
977
357
-343
479
-282
-1124
307
784
-1242
1077
-462
6
-735
326
-1093
679
