50 100 1
0 47
1 1
1 16
1 44
2 39
4 16
4 17
4 18
4 20
4 22
5 1
5 30
6 3
6 9
6 32
6 33
6 37
6 49
7 22
8 7
8 11
9 36
9 38
10 3
10 5
12 32
13 18
13 19
13 27
13 37
14 34
15 17
15 39
15 40
18 28
18 36
19 34
20 19
20 22
20 23
20 46
20 48
21 1
22 20
23 10
23 20
24 9
24 23
25 6
26 10
26 30
26 48
27 34
28 48
29 11
29 28
29 43
29 46
30 8
30 14
31 14
31 21
32 35
32 41
33 4
34 4
34 12
34 19
34 46
35 45
35 47
36 10
36 20
36 25
36 41
36 42
37 26
37 35
38 26
39 43
40 0
40 30
41 5
42 9
42 13
43 28
44 26
44 45
45 20
45 46
46 0
46 11
46 40
46 47
47 11
48 17
48 46
49 2
49 41
49 43
75
85
91
81
34
56
92
37
17
71
78
66
82
60
26
18
90
30
72
54
80
49
69
23
99
0
79
3
19
14
25
52
61
74
39
84
97
41
12
73
51
50
57
20
76
9
32
77
5
98
10
83
42
22
33
48
88
55
95
1
62
38
15
93
24
58
28
59
7
31
43
46
65
13
94
67
45
21
47
11
4
86
63
53
40
8
27
87
16
6
35
29
44
96
68
36
2
64
89
70
1
0
1
0
0
0
-1
0
-1
2
-1
-1
0
-3
0
0
0
2
0
1
1
0
2
1
1
2
0
0
3
-1
1
0
0
2
1
0
-1
-2
0
0
0
0
0
0
-2
1
-1
2
0
2
2
1
0
2
0
-2
-1
0
-2
0
-1
1
0
1
-1
-1
0
0
-2
-1
0
0
0
-1
0
0
1
1
0
0
-1
1
0
0
1
-1
-1
0
1
0
-1
1
-1
1
0
1
0
-1
0
0
-1
-1
0
1
1
0
0
-1
-1
0
0
1
-1
1
0
0
-2
0
0
-1
1
0
0
-1
3
-1
0
1
-1
1
1
1
2
0
0
0
0
2
0
1
1
-1
-2
0
1
0
-1
0
1
0
1
1
1
-1
-1
1
1
-1
0
1
0
0
1
1
0
-2
1
-1
0
1
2
-2
0
1
0
-1
1
-1
3
0
-1
0
-1
-1
0
-1
2
1
0
1
0
1
0
0
1
-2
0
1
0
-1
0
0
0
1
0
1
-2
0
-3
1
-1
0
2
0
2
1
0
0
0
-1
0
-3
0
0
0
0
1
-1
0
1
2
0
-1
1
0
-2
0
0
1
-1
2
0
-1
-1
0
1
0
0
-1
-2
1
1
1
-2
1
2
1
0
-1
-1
-1
0
2
-1
-1
0
0
1
0
0
1
1
1
-2
0
0
1
1
0
0
0
0
0
-1
2
-1
-2
1
2
0
-1
-1
0
2
0
1
0
-1
0
0
-1
0
-1
-1
0
-2
0
1
1
0
-1
1
-2
1
-2
-2
0
-1
1
1
-2
1
0
-1
1
-1
0
-1
0
0
0
-1
0
1
-1
0
-1
-1
1
-2
1
0
2
1
0
-1
-1
1
0
-2
0
1
-1
-2
0
0
-1
-2
-1
-1
2
1
0
-1
-1
0
0
0
-1
0
0
1
-1
-1
-2
-1
2
-1
1
-1
-2
-2
0
0
1
-1
1
0
-1
0
0
-1
0
0
1
1
0
-1
0
-1
0
1
-1
-1
2
0
0
-1
0
-1
1
-2
0
-1
1
0
0
-1
1
1
-1
-1
1
2
-1
0
0
0
0
0
0
0
0
2
0
0
0
0
0
-1
-4
2
1
1
1
-1
0
-1
-1
0
-1
-1
0
-1
1
1
-1
1
-1
-2
0
2
1
1
0
0
0
0
-1
1
1
1
0
1
0
-1
-1
1
0
0
0
1
-2
-1
0
0
-1
1
0
0
0
-1
-1
2
1
0
0
-1
-2
0
0
1
0
0
-1
-1
2
-1
2
1
0
1
-1
1
0
0
-2
-1
0
-1
-2
-1
0
2
0
-1
0
1
-1
0
-1
-1
0
1
-1
1
0
1
1
1
1
0
0
0
0
0
0
0
-1
-1
0
0
0
-1
1
2
0
-1
1
2
0
1
1
0
2
0
-2
0
-2
-1
0
2
2
-1
-1
0
-1
-2
-1
-2
0
0
1
0
-1
-1
0
-1
-1
-1
0
0
0
0
1
0
0
0
0
1
2
0
-2
0
0
0
1
2
1
0
-1
1
1
0
0
1
1
2
-1
1
-1
-1
0
0
0
-1
0
0
2
-1
0
1
1
0
-1
-1
-1
0
2
-1
-1
2
1
0
-1
1
-1
0
-2
0
-2
0
0
0
1
1
0
-1
-1
-1
1
0
0
2
-2
1
1
0
0
2
1
-1
1
1
0
0
-1
0
2
0
2
-1
0
0
0
-1
-2
1
-1
1
1
0
1
-1
0
-1
-1
0
0
-1
-1
-1
0
2
0
0
1
0
-1
1
0
0
-1
-1
-1
1
1
-1
-1
-2
0
-1
0
-1
0
1
1
0
-1
0
-1
0
1
0
1
0
0
-1
0
2
1
-1
0
-1
2
-1
1
1
1
0
-2
-1
1
1
0
0
1
1
0
0
0
-2
2
1
1
-2
-1
-1
0
-2
0
-1
0
0
0
0
-1
-1
0
0
0
0
-1
1
-2
1
0
1
3
-1
0
0
1
0
1
0
-1
-1
0
0
1
-1
-1
0
0
0
0
0
-1
-1
1
0
1
0
-1
1
-1
1
0
2
1
1
0
0
1
0
0
0
-2
-2
0
1
1
0
-1
1
0
0
0
1
-1
0
1
1
-1
0
2
1
2
-1
-1
0
-1
1
-1
-1
0
1
0
0
-1
1
0
2
-1
0
0
1
-1
-1
1
0
0
0
0
0
0
-1
2
0
0
0
-1
-1
1
-1
-1
1
0
0
0
0
0
-2
-1
-1
-1
-1
1
0
0
0
-2
-2
1
2
0
-1
1
0
1
1
0
-1
-2
0
0
1
0
1
0
0
1
-1
1
0
0
-1
2
1
1
0
0
1
-2
0
0
1
0
0
-1
1
1
2
1
0
1
0
-1
1
1
1
-1
-2
-1
1
-1
-1
0
0
0
0
1
1
-1
0
-1
1
-2
1
-2
-1
0
1
0
0
1
1
0
1
1
1
-1
-1
0
2
-1
-2
0
-1
0
1
0
1
2
-1
0
-3
0
0
0
1
-2
-1
2
1
-1
0
-1
0
-1
-1
0
1
0
0
-1
0
1
0
1
1
0
0
1
0
1
-2
-2
0
0
2
-1
-1
1
0
-1
1
-1
-1
0
1
1
0
-2
-1
-1
0
-1
1
0
0
1
0
0
0
-1
0
2
-1
2
-1
0
-1
-1
0
0
-1
0
-1
0
2
-1
0
0
1
2
1
0
0
-1
0
0
2
0
0
0
0
-1
-1
0
2
1
1
-3
1
1
0
0
-2
-1
1
1
0
0
-2
0
-1
-2
2
1
-1
1
0
0
0
0
0
1
2
0
1
0
1
2
2
0
0
-1
-1
0
1
0
0
1
0
-1
-1
1
0
0
-1
1
0
0
-1
0
0
-1
1
0
0
0
0
-1
0
1
1
-1
-2
1
0
1
0
1
1
1
-1
-1
-1
1
0
0
0
1
-1
0
-1
0
1
0
0
-1
1
0
1
-1
1
2
-1
0
-1
-2
-1
-1
1
1
-1
1
-1
0
-2
0
0
0
0
0
0
-1
0
-1
0
0
2
0
2
1
0
0
-1
0
0
0
0
-2
1
-1
1
0
-1
1
-1
2
-2
-1
1
-1
1
0
0
-1
0
0
2
0
-1
0
1
0
1
0
2
0
-1
1
1
0
-1
0
0
-1
-1
0
0
0
1
-1
1
-1
2
1
-1
-1
1
-1
0
-1
1
0
-2
0
0
2
2
0
2
1
-1
-2
0
0
-2
0
-1
0
0
1
-1
1
1
1
1
0
0
-2
0
1
-1
-1
1
-1
-3
2
1
0
0
0
0
0
0
-1
0
0
-1
1
0
-1
1
2
0
2
0
1
0
0
1
2
-2
2
2
-2
0
-1
0
-1
-1
1
1
-1
-1
0
0
2
-1
-1
-2
-1
0
0
-1
-1
1
-1
-1
0
2
0
1
2
-1
0
0
0
0
1
2
2
0
-1
-2
0
1
0
2
0
-1
1
0
0
-2
0
-1
-1
1
-1
0
0
-1
-1
-1
0
-1
0
-3
2
0
-1
0
0
0
1
0
-1
0
-3
1
0
0
-1
2
-1
0
0
0
-1
0
0
-1
1
0
-1
-1
0
-1
0
0
1
1
0
0
0
1
-1
1
0
0
-1
2
-2
0
1
0
2
2
0
-1
-1
1
0
-2
0
0
1
0
3
-1
0
-1
-1
0
0
1
0
-1
0
-1
-1
1
1
0
0
0
1
0
1
1
1
0
0
1
1
-1
-1
0
2
1
1
-1
0
0
-1
-2
-1
0
-1
-1
1
1
0
-1
-1
-1
0
0
0
2
0
-1
0
2
0
1
-1
0
0
0
0
1
0
-3
-1
1
1
-1
-1
0
-1
-1
1
-2
0
-1
0
-1
2
2
0
0
0
0
0
0
1
1
-1
0
-1
0
0
-2
-1
1
0
-1
0
1
0
0
-1
-2
1
-1
2
-1
-2
-1
0
1
-1
-1
-1
-1
1
0
1
0
1
0
-1
0
0
1
-2
1
1
0
-2
-1
1
0
0
-1
1
1
1
0
0
1
2
0
0
1
-1
-2
0
0
0
1
0
1
1
0
1
-1
0
-1
0
0
1
0
1
1
-2
0
-1
0
1
1
-1
-1
1
1
0
-2
1
-1
0
1
0
0
0
1
0
-1
-2
1
0
0
0
2
2
1
-1
1
-2
1
1
0
0
-1
-1
-1
0
-1
0
0
0
1
-1
2
0
1
-1
-1
0
0
-2
-1
0
1
0
1
-1
-1
-1
0
0
1
0
2
1
0
0
0
1
-1
0
1
-1
2
2
0
-2
-2
0
0
0
0
-1
1
0
0
-2
0
0
2
0
0
0
0
-1
2
0
-1
0
1
-1
1
1
0
0
-1
-1
-2
0
0
1
0
0
-1
0
1
1
2
-1
1
-1
0
0
2
0
-1
-2
2
-1
1
0
0
0
-1
1
0
0
-1
0
0
-1
-1
1
1
0
0
0
0
-1
1
1
-1
-1
-1
-1
1
1
1
-1
0
0
0
2
0
0
2
0
0
0
1
0
0
0
-1
0
-1
0
-1
0
-2
1
-1
1
0
-2
0
-1
-1
0
2
1
0
0
2
0
0
-1
0
1
0
-1
0
-1
1
0
-1
1
1
1
-1
0
1
1
-1
0
1
0
0
2
-1
1
-2
-1
0
0
-2
-1
-1
-1
2
0
-1
2
-1
1
0
0
0
1
-2
0
-1
-1
0
1
0
0
1
1
2
-1
-2
-2
-2
1
-1
0
0
0
1
0
-1
0
-1
0
2
0
0
-1
0
-1
2
0
0
0
0
0
-1
0
-2
0
0
0
-1
-1
-1
-1
-2
0
1
2
0
2
0
1
-1
0
0
-1
0
1
-2
0
0
0
1
-2
-2
0
1
-1
0
0
-1
0
2
1
0
-1
0
-1
1
0
0
-1
1
0
-3
0
-1
0
1
0
-1
1
-1
1
-1
1
1
1
-1
1
2
-1
1
0
1
2
0
-1
-1
-1
-1
-1
1
1
0
-1
-1
-1
0
0
-2
2
-1
0
-1
0
-1
-1
0
0
1
0
1
1
1
0
0
-1
-1
0
-1
0
-1
3
0
-1
-2
1
1
-1
-2
0
0
1
0
1
3
0
1
0
0
0
-1
1
0
1
1
-1
-1
0
-1
0
-1
0
0
-2
-2
-2
1
1
0
1
0
0
1
1
1
-1
-2
1
0
0
0
1
-2
0
1
3
0
-1
-1
1
0
0
-1
2
0
0
0
0
0
-1
-1
-1
0
2
1
0
0
0
-1
1
-1
0
0
1
-1
1
0
3
0
0
-1
-2
0
1
0
0
1
1
0
0
-2
0
1
-1
0
1
0
1
0
-1
0
0
1
1
0
0
0
1
2
-1
0
0
0
0
0
1
0
-1
0
-1
0
0
0
-2
0
-1
-2
0
1
2
0
-1
0
1
1
1
1
-1
1
0
1
-1
0
1
2
1
0
1
-2
-1
0
1
0
0
3
1
-1
1
1
3
1
0
0
1
0
0
0
0
1
0
0
-1
2
1
0
0
0
1
0
-2
1
-1
-2
-1
0
0
-3
0
0
-1
0
1
-1
-2
1
0
-1
-1
-2
1
0
-1
-1
0
-1
1
0
-2
0
0
-3
0
-1
-1
1
1
-1
0
1
0
-2
-1
0
0
0
0
0
0
0
1
1
2
0
0
1
2
-2
2
0
1
-1
1
0
1
0
0
0
1
1
1
-3
1
1
-1
0
2
-1
1
-1
-3
0
-1
2
-2
1
-2
0
0
-1
0
0
-1
0
-1
1
-1
-1
0
1
0
-1
1
1
0
2
1
1
0
1
1
-1
-1
1
0
-2
-2
-2
0
0
0
0
0
0
0
2
2
-1
-1
1
-1
-1
-2
1
2
0
0
-1
1
1
0
-1
1
0
1
-1
-2
2
1
0
0
1
-1
2
0
-1
1
0
-1
-1
1
0
0
0
-1
-1
0
-1
0
0
0
-1
0
0
0
0
1
0
0
-1
0
0
0
1
1
1
2
-1
0
-1
1
1
0
-3
-1
0
0
-1
1
0
-1
-1
2
1
1
1
0
0
0
-1
-1
0
0
0
-1
0
-1
0
1
0
0
0
-1
2
-1
-1
1
0
0
2
0
1
0
-1
-2
0
0
1
0
0
1
0
-1
-2
-1
-1
0
1
0
1
1
0
0
1
0
0
0
0
0
-1
1
1
1
2
-1
-2
0
1
2
1
0
0
1
-1
1
1
-1
0
1
3
1
0
-1
1
0
0
1
1
0
0
0
0
0
0
-1
-1
0
0
1
0
1
1
-1
-1
1
1
1
1
-1
0
3
0
2
1
0
0
0
-1
1
0
0
0
-1
0
-1
-1
0
0
1
1
1
0
-1
1
1
0
2
-1
0
-3
1
-1
0
0
0
1
0
1
1
0
0
0
-1
0
1
-2
0
0
1
1
1
1
-1
-1
0
-2
0
1
0
0
-2
-1
0
-1
-1
1
1
2
1
-2
0
-1
0
1
2
-1
0
0
-1
0
0
0
0
1
0
-1
0
-1
-2
-1
-2
-1
-1
2
1
-1
-1
2
0
0
1
-1
-1
2
2
0
0
0
-1
-1
0
0
-1
-1
0
-1
-1
0
1
1
0
-2
0
1
0
0
0
0
0
1
2
0
1
0
-1
0
1
-2
0
2
0
0
1
1
0
0
-2
-2
0
-1
0
0
0
0
2
1
0
0
-1
0
-1
0
2
1
-1
1
0
0
1
-1
-2
1
0
0
1
1
0
1
-1
1
0
-1
2
1
0
0
-1
0
-1
-1
1
0
-1
0
1
1
0
0
0
0
0
-1
-1
1
-1
0
1
-2
0
-1
0
-1
0
2
-1
-2
1
-1
-2
-1
-1
1
0
0
2
1
-1
0
-1
1
-1
0
1
1
1
1
1
0
0
0
-1
0
0
0
0
-1
-1
-1
0
-1
0
0
1
0
0
-2
2
0
0
-2
1
1
0
0
1
-1
0
-2
1
2
1
-1
0
1
1
1
-1
0
0
0
2
0
1
0
1
0
-1
1
-2
-2
1
1
-1
1
-1
0
0
1
2
1
1
-1
0
1
0
-1
0
1
1
1
2
-2
2
1
1
0
2
0
0
0
0
0
1
-2
1
0
-2
0
2
-1
-2
-1
-1
-1
0
0
1
-1
0
0
0
-1
1
0
1
1
1
0
1
-1
-2
0
0
1
0
0
-1
1
1
0
1
0
1
1
-2
-1
0
0
0
-1
0
0
1
1
0
0
2
-1
-1
2
0
1
1
0
2
1
1
0
1
0
1
0
-1
1
1
1
1
-1
-1
0
-1
1
3
0
1
0
0
0
0
-1
-2
-1
-1
0
3
-1
2
0
0
1
-1
1
0
-2
0
2
0
0
0
0
0
0
-1
0
1
0
0
1
1
2
-1
-1
1
1
0
0
0
-1
1
-1
0
1
0
0
-1
-1
0
-1
0
1
0
-1
0
0
0
-2
0
0
0
-1
0
-1
0
0
0
-1
1
2
1
0
1
0
-1
1
0
-1
0
-1
0
-1
0
-1
0
2
0
1
-2
-1
1
-1
1
0
0
2
-1
0
1
0
-3
-1
-1
-1
0
0
0
0
-1
-3
0
1
1
1
0
1
0
-1
0
1
-1
0
2
1
1
-1
0
0
0
2
1
-1
-2
1
-2
0
0
0
2
0
-1
-1
1
0
-1
1
1
-1
-2
0
1
-1
1
0
-2
0
-1
0
-2
-1
1
-1
0
1
-1
0
1
-1
1
1
0
0
-1
1
0
-2
-1
-1
0
0
1
0
1
0
0
1
0
0
1
-1
-1
0
1
-1
0
-2
1
0
-1
0
0
1
0
0
1
1
-1
0
-1
0
-3
1
0
0
2
1
0
0
0
-2
0
-1
0
1
-1
0
0
-1
0
0
-1
0
0
0
0
0
-1
-1
-1
-1
1
0
0
0
-3
-1
0
2
-1
-1
-1
1
-1
0
0
0
1
0
2
0
0
-2
1
0
-1
1
-1
1
0
0
2
0
0
0
-1
1
0
0
1
0
-1
-1
1
-2
0
-1
1
1
2
0
-1
1
0
-1
0
0
0
-1
1
0
0
1
0
1
-1
-2
1
-1
1
0
-2
0
-1
-1
-1
0
-1
-1
2
0
0
1
0
0
1
0
1
1
0
-1
0
2
1
1
1
-2
1
1
1
0
0
0
1
2
1
0
-1
1
0
0
0
0
0
0
0
-2
-2
0
0
-1
0
0
1
0
1
0
1
3
-1
2
-1
2
0
0
-1
-1
0
2
-1
1
0
1
0
-1
1
-1
0
-1
0
-1
0
-1
-1
-2
0
1
1
1
-1
-1
-1
-2
0
2
-2
0
0
-1
0
-2
-3
1
2
-1
1
-1
-1
1
1
-2
-2
0
0
-1
0
1
-1
1
0
0
0
0
0
0
2
1
1
2
0
0
0
0
0
1
2
0
0
0
-1
0
-2
0
-2
-1
0
0
0
1
2
0
1
0
0
1
1
-2
2
0
1
-3
-1
-1
0
1
1
0
1
-1
0
0
1
0
0
1
1
1
2
-3
1
0
0
0
0
0
1
0
0
0
0
-1
-3
0
0
0
1
1
-2
0
0
1
2
1
2
-1
0
0
2
0
0
0
-2
0
-2
0
0
1
-1
-1
1
2
1
1
1
0
1
1
1
0
0
0
1
-2
1
-1
1
1
1
2
-1
-1
-1
1
0
0
1
1
0
-1
-1
1
0
0
0
3
0
1
1
0
-2
0
1
1
1
1
1
0
-2
1
0
1
-1
1
1
0
0
-1
-1
0
-1
-1
0
1
0
0
0
0
0
2
0
1
1
0
-2
1
-1
1
-1
0
-1
1
-1
0
-1
3
1
-1
0
-2
0
0
0
0
1
0
0
2
-1
0
-2
0
0
0
1
-1
1
0
0
1
1
0
-2
1
0
1
0
0
0
1
0
1
0
0
0
0
-1
0
0
1
0
1
1
1
-1
0
-2
-1
0
0
0
0
-2
1
0
-1
1
0
-1
0
0
0
-1
-1
0
1
0
-1
0
2
0
0
0
-1
2
-1
-2
0
0
0
-1
0
0
-1
0
-1
-1
-1
-1
-1
2
-1
-1
-1
0
2
1
2
0
0
1
1
1
0
0
0
-1
0
2
0
1
0
-2
0
-1
1
0
1
-3
1
-1
-1
-2
0
0
0
-2
0
-1
1
0
1
0
-1
0
1
0
0
1
1
-2
1
1
0
2
-1
1
0
-1
0
0
1
1
1
0
0
0
0
1
-2
-1
0
0
0
0
0
-1
-1
0
-1
-1
-2
-1
-1
0
-1
1
0
1
0
-1
-1
0
-2
0
3
0
2
-1
-1
-2
0
1
2
-2
-1
1
-1
1
0
0
2
0
0
0
0
-1
0
0
1
0
1
2
0
1
2
0
-1
1
1
0
-1
1
-1
0
1
1
0
-1
1
0
0
0
2
0
0
-1
-1
1
0
0
0
1
-1
0
0
0
2
-1
-1
0
-1
-1
1
2
0
-1
2
-1
-1
0
-1
0
-1
1
1
2
0
1
-2
-3
-1
0
-1
0
-1
-1
0
-2
1
1
-1
1
-1
0
1
1
1
0
-2
1
-2
-1
0
0
0
1
1
0
1
1
0
0
0
0
-1
2
-1
2
1
0
0
0
0
-1
0
-1
-1
1
0
2
0
-2
1
0
-1
0
2
-1
0
-1
1
0
0
0
-1
2
0
-1
-1
0
0
-1
0
0
-1
-1
-1
-2
1
1
-1
1
1
-1
-1
-2
1
0
-2
-1
-2
-1
0
0
-1
1
-1
0
-1
0
-1
0
-1
2
0
1
0
0
-1
-2
1
0
0
1
-1
1
2
0
-1
0
1
0
0
0
2
1
0
-1
1
0
1
1
0
0
1
0
1
1
-1
0
-1
1
-1
1
-1
1
0
2
0
-1
1
-1
-2
1
-1
-1
1
-1
-1
-1
1
0
2
0
1
1
-2
0
0
-1
-1
1
0
-1
0
0
2
1
0
-1
1
1
-1
1
2
0
0
1
0
2
-1
-2
-1
0
0
0
-1
0
0
0
0
0
-1
-1
1
0
1
1
1
-1
0
-2
0
0
-2
1
0
0
1
0
3
-1
0
0
-1
-1
1
0
-1
-1
-1
0
-2
0
0
-1
0
-1
-1
0
0
1
1
1
-1
1
0
-1
2
0
0
0
-2
0
-2
-1
-1
-1
1
0
-1
0
-1
-1
0
0
-2
1
0
1
2
-1
-1
0
1
-1
0
-1
-1
-2
1
1
1
1
1
0
0
0
0
0
-2
-1
-1
0
1
2
1
1
2
-1
0
-3
-1
1
1
0
-1
0
1
-2
1
0
1
-1
1
0
0
1
-1
0
0
-2
1
0
1
-1
0
0
0
1
2
1
-1
-1
1
2
0
1
-1
1
1
1
0
-1
1
0
-1
2
-2
0
0
-1
0
-1
2
-1
1
1
1
-1
-1
1
0
0
-1
0
0
-1
1
0
-1
0
1
0
-1
1
0
0
1
0
-1
0
-1
0
1
0
0
-2
-1
0
-1
0
0
2
1
1
0
1
1
-1
1
0
0
0
1
0
1
0
0
3
-1
0
0
0
0
0
1
1
-1
-2
1
-1
-1
1
-1
0
0
1
-1
0
0
0
-1
1
1
2
0
0
0
0
-1
-2
0
2
0
0
-1
-1
0
0
0
1
-1
-1
-2
1
0
-1
1
0
0
0
2
-2
-1
-2
1
1
1
0
-1
-1
0
1
2
0
0
1
0
1
0
-1
-1
-1
-2
0
1
1
1
-2
0
-1
0
-1
0
0
-1
1
-1
0
-2
1
1
-2
0
0
1
0
0
1
0
-2
0
0
1
0
-2
-2
1
0
-1
-1
0
0
-1
-2
0
1
1
-2
1
0
2
0
0
-1
0
0
-2
1
0
0
-1
0
1
-2
-1
1
-1
0
0
0
0
0
0
0
0
-1
1
0
0
1
-1
0
0
1
-1
0
1
-1
0
0
0
0
0
1
2
0
-1
1
-1
0
1
0
0
0
0
0
0
0
-1
-1
1
1
-1
1
-1
-1
1
1
0
2
-1
-2
1
-2
-1
1
-1
0
-2
-2
1
0
0
0
0
0
2
-1
1
2
1
1
-1
1
2
1
0
-1
0
-1
-1
1
1
1
1
0
1
-1
1
0
0
-1
-1
1
-1
1
0
0
1
-1
0
-2
1
1
0
1
-2
2
1
1
1
1
1
-1
-1
1
-1
-1
0
1
-1
0
2
1
0
-1
0
1
2
1
0
0
0
-1
0
-1
1
0
0
0
0
-1
0
0
-1
2
0
1
-1
-1
1
1
0
1
-1
1
1
-1
0
1
2
1
-1
1
0
-1
1
0
-2
-1
0
0
0
-1
-2
-1
-1
0
0
0
0
-1
-1
0
1
1
0
-1
0
-1
0
-1
1
-1
0
1
-1
0
0
1
0
0
0
-1
1
0
-1
-2
0
-1
-1
-1
-1
1
1
-1
1
1
0
0
-1
-1
0
0
0
0
-1
-2
0
1
-1
-1
0
-1
1
-3
-1
1
-2
-2
1
-1
-1
0
0
0
-1
1
1
-1
-2
-1
0
-1
-1
0
0
1
1
0
0
0
1
-1
1
-1
1
2
0
0
1
-1
1
-1
-3
-1
-1
0
-1
-1
0
-1
1
1
0
1
1
0
0
-1
1
0
1
-1
0
0
0
0
-1
1
-1
0
1
0
0
1
-1
1
0
-1
0
-1
1
0
0
1
0
0
0
-1
0
-2
0
1
0
-1
0
-3
-1
-3
0
1
1
1
0
0
-1
1
0
0
-1
0
0
0
-1
1
-2
-2
0
-1
0
1
0
1
0
1
0
1
1
-2
1
-1
-1
-1
-1
-1
2
0
1
0
1
-1
-1
-1
0
-1
-1
2
-1
2
1
-1
1
0
1
0
0
0
1
0
0
0
0
0
-1
-1
0
1
0
0
-2
-1
-1
1
-2
2
1
0
1
1
2
0
2
0
0
1
0
1
-1
0
-1
1
1
-1
-2
1
-1
-1
-1
1
0
0
-1
-2
0
0
-2
1
-1
0
0
1
0
1
0
-1
-1
0
-1
-1
-1
1
2
0
1
-2
1
1
0
-1
-2
1
1
-1
0
0
0
2
1
0
0
-1
-1
0
0
-1
0
0
2
0
1
-1
0
1
-1
0
0
1
0
0
-1
0
1
-1
1
-1
1
0
-1
-2
-1
1
2
-1
0
0
0
2
1
1
1
-1
0
0
-1
-1
-1
-1
-1
-2
2
0
-1
-1
0
1
-1
0
-1
0
-1
1
0
0
1
0
0
1
0
1
2
2
0
0
1
0
0
0
-1
1
-3
1
-2
1
0
0
0
1
0
1
1
-2
2
1
1
-1
-2
-2
0
0
0
0
2
1
1
1
0
-1
1
0
1
-1
-1
0
0
1
1
0
-1
-1
0
-1
0
0
-1
0
0
-1
0
-1
1
-1
1
1
-1
-1
0
1
0
0
-1
0
0
0
-2
-1
-2
0
1
0
-1
-1
-1
1
1
-1
-1
-1
0
0
1
0
0
0
1
-1
0
0
0
-1
1
-1
-1
-1
0
0
0
0
0
0
1
1
1
-2
1
1
-1
0
-1
-1
0
0
1
0
-1
0
-1
-1
1
1
-2
-1
0
0
-1
0
-1
0
-2
0
0
0
1
0
-2
-1
0
2
0
-1
1
-2
1
-2
0
-1
-1
0
1
-1
-1
1
0
0
0
1
-2
0
0
0
-1
0
1
0
1
1
-2
0
-1
1
1
1
-1
1
-1
0
-1
-1
0
0
3
-1
0
1
-1
-1
0
1
2
0
-1
-1
-1
0
-1
-1
0
-1
1
1
0
1
0
-2
-1
1
0
0
0
0
0
-1
-1
-1
1
-1
0
1
-1
-1
2
1
0
0
0
0
-2
1
0
2
-2
0
-1
-1
2
-2
1
0
-1
-2
-1
-1
-1
-1
-1
-1
0
-2
0
0
-1
1
-1
-2
-1
-1
0
0
0
-2
-1
1
-1
-1
1
1
0
1
1
0
-2
1
-1
0
-1
1
0
1
0
0
-1
0
-2
-1
0
1
0
1
0
0
1
1
0
0
-2
-2
1
0
-1
-1
0
1
-1
0
1
0
0
1
-1
1
0
-1
1
-1
1
0
1
0
-1
-2
0
-1
0
0
0
1
-1
0
2
0
0
-1
1
1
1
-1
-1
1
1
1
-1
1
0
0
-1
0
-1
0
-1
0
-1
0
1
0
1
-1
1
0
0
-1
0
0
1
0
1
0
0
-1
-3
1
1
0
0
-1
-1
-1
-1
-1
2
0
0
0
3
0
1
1
0
0
-1
-1
1
1
0
2
1
-1
1
0
0
0
1
1
0
0
3
0
0
0
-1
0
-1
-1
0
-1
0
0
1
-2
0
1
-1
2
1
2
0
1
0
0
1
1
-1
1
-2
0
-1
-1
1
0
0
1
-1
2
1
2
0
-2
-2
0
0
-2
0
1
-1
1
0
-1
-1
-2
0
-1
0
-1
0
0
0
0
-1
1
-2
1
1
0
0
-1
0
-1
0
2
-1
-2
1
0
1
-1
-1
1
1
0
-1
0
-1
1
0
-1
3
-1
1
-1
-1
0
0
-1
-1
0
1
1
-1
-1
0
0
1
-1
1
-1
1
-1
0
0
0
-1
-1
0
-1
-1
0
-1
1
0
0
0
0
1
1
-1
1
0
2
3
-1
-1
-2
0
0
0
0
-1
-1
0
2
0
1
1
-2
-1
-1
-1
0
-1
1
-1
0
2
-1
1
1
0
-1
0
1
0
1
2
0
-1
-1
1
0
-1
0
0
-2
0
-1
-1
-1
1
0
-1
0
-1
0
0
-2
2
1
2
-1
2
0
0
0
1
-1
-1
0
-2
1
-2
0
1
1
0
-1
0
0
-1
-1
1
1
-1
-1
0
-1
0
1
1
0
0
1
-2
0
0
0
0
1
0
-1
0
0
0
-3
0
1
0
0
2
0
2
-1
-1
-1
-1
0
0
-1
0
1
0
0
-1
0
0
1
0
-2
2
0
0
1
-1
0
0
0
-1
-1
1
0
1
-1
0
1
1
1
1
-2
2
-2
-1
1
2
3
3
0
1
-1
-1
0
0
-1
1
-1
-2
1
-1
0
1
-1
0
-2
1
-1
0
0
-1
-1
0
-3
1
1
0
2
1
-1
0
0
0
-1
0
0
0
0
1
0
1
1
0
0
-1
2
1
1
0
1
0
0
-1
1
2
-1
-2
0
-1
-1
-1
-2
-1
0
0
0
0
0
0
1
-1
0
-1
1
2
0
2
1
-1
-1
1
1
-1
0
-1
0
-1
-1
-1
0
-2
-1
-2
-1
-1
-1
0
0
-1
-1
-1
0
0
-2
0
0
-1
-1
1
-2
0
-1
1
0
-1
-1
0
-1
1
0
3
-1
0
1
0
0
0
1
-1
1
1
-2
1
-1
-2
-1
0
2
2
0
0
1
0
-2
0
0
-1
1
-1
0
0
1
-1
-1
1
1
0
1
-1
1
1
0
-1
1
-1
-1
-2
-1
-1
1
0
1
1
0
0
0
3
0
-2
0
0
-1
1
1
0
1
-1
0
-1
0
0
0
0
0
1
0
1
1
1
0
-3
0
-1
1
1
-1
-2
0
1
0
0
2
1
1
0
0
2
-2
-1
0
0
0
-1
-1
0
-2
0
1
1
1
0
1
-1
-1
0
-1
1
-1
0
0
-3
-1
1
-1
0
0
1
-1
-3
-2
0
1
-2
-1
0
0
0
-1
1
-2
-1
0
1
1
0
0
-2
1
0
0
-2
0
0
2
1
-1
1
-1
-2
0
-1
0
1
0
1
0
1
-1
0
-2
1
-2
1
1
0
1
0
1
3
1
0
1
2
-1
0
0
0
2
-1
0
-1
-1
0
1
1
-1
0
0
-1
-1
0
0
1
1
2
-1
1
0
-1
0
1
-1
1
1
-1
0
0
-1
1
-2
0
0
0
0
1
0
0
0
1
0
0
-1
0
1
2
0
1
-1
1
1
1
1
1
0
2
0
0
0
1
0
0
0
-1
-1
-2
0
2
0
-1
0
0
1
1
1
-2
0
2
1
0
-1
-1
2
0
0
-2
-1
1
0
-1
0
2
0
1
-1
1
1
1
-1
-1
-2
-3
-2
0
0
0
1
0
0
-3
0
-2
-1
-1
0
-1
2
1
-1
1
0
-1
0
0
-1
2
-2
1
0
0
1
0
0
0
1
-1
1
1
2
-1
-1
1
0
0
1
1
-1
2
-3
0
0
0
2
0
-2
-2
0
0
1
0
0
-1
1
-1
-2
-1
1
-2
0
0
0
-1
1
-1
-1
0
1
0
0
-1
1
1
-2
1
2
-1
0
-2
2
0
1
0
-2
1
-1
2
-2
2
-2
1
1
1
-1
-1
0
-1
-1
2
1
0
0
2
0
0
1
0
-2
0
-1
1
1
0
0
-1
1
1
1
0
0
0
0
-1
-1
2
-1
-1
1
0
-2
-1
1
1
-3
0
-1
-1
1
1
-1
0
0
2
0
0
-1
1
-1
-2
1
-1
0
-1
0
-2
0
0
-1
1
0
0
-1
-2
0
1
-1
0
-2
1
2
1
2
0
1
0
-1
0
1
0
1
0
1
-1
0
1
0
0
-1
0
-2
1
1
0
-1
1
0
0
-1
0
1
-2
0
-1
0
0
0
-1
0
-1
-1
1
0
-3
-1
0
-1
0
1
1
-1
2
-1
0
1
0
0
2
-1
-1
-1
1
0
1
1
-3
0
-1
0
-1
1
-1
1
2
1
2
0
-1
-2
0
-1
-1
-2
0
3
-1
-1
-1
1
3
-1
-2
2
0
0
-1
0
0
1
-1
-1
1
1
-1
-2
2
-2
-1
1
1
-2
-1
1
1
0
3
1
0
2
1
0
-1
0
0
1
1
0
1
2
-1
0
0
0
0
-1
1
0
0
-1
-2
0
0
0
1
0
-1
-1
0
0
2
-2
0
-1
1
1
0
1
0
0
0
1
0
1
0
1
2
2
1
0
-1
-1
-1
0
0
1
-1
2
0
0
0
-1
1
1
0
0
1
0
1
1
-1
0
0
0
1
-1
2
1
0
2
-1
0
0
1
-2
-1
1
0
-2
-1
2
-1
2
0
1
0
0
-1
1
0
-1
1
-1
2
0
-3
1
1
-1
1
-2
-2
1
2
-3
0
-1
1
-1
-1
-1
-1
1
1
0
-2
1
-1
0
1
-1
1
-3
0
0
0
-1
0
0
0
0
1
-1
0
2
0
2
-1
-1
0
-1
1
1
-1
-1
1
-1
0
-1
0
1
1
0
0
-3
-1
-1
2
0
0
-1
0
-2
-1
-1
-1
0
-1
0
1
0
0
0
-1
0
-1
-1
1
-1
0
0
1
-2
0
-2
0
-1
0
1
1
0
1
-1
0
-1
1
-2
0
0
-2
1
0
-1
0
1
0
2
-2
2
0
1
-1
0
1
0
-1
-1
1
1
0
-1
0
1
-1
1
-1
1
1
0
-1
0
0
1
-1
0
1
1
-1
-1
0
-1
0
0
0
0
0
-1
-1
0
0
0
0
-1
-2
0
-2
-2
0
0
-1
0
0
0
0
-1
0
-1
0
0
0
-2
0
-1
0
0
-1
1
0
2
1
-1
0
0
-1
0
1
0
1
2
-1
0
1
-2
-1
-1
0
2
-1
-1
1
0
-2
2
0
0
-1
-1
0
-1
0
1
-1
1
0
-2
1
0
1
-1
0
-2
-1
0
0
0
0
-1
-1
0
-1
0
1
2
-1
1
-1
0
2
1
-3
-1
1
-1
-1
0
-1
0
0
-1
-1
1
0
-1
-2
-1
0
-1
0
1
0
0
-2
-2
0
0
-1
2
1
-1
0
2
1
-1
-1
0
0
-1
0
1
-1
-1
0
0
-1
0
0
-1
1
0
0
0
-1
1
0
0
1
2
0
2
0
0
-1
-1
0
0
-1
0
2
1
0
0
0
1
1
0
0
-1
-1
1
0
-2
0
1
0
0
0
-1
-1
1
-1
0
0
-1
2
0
0
1
0
0
2
0
-1
-2
0
-1
-1
0
3
-1
1
0
-1
0
0
0
-1
1
0
0
1
0
0
1
1
0
-1
1
-1
1
1
0
0
-2
1
1
-2
-1
1
-1
0
0
-1
-1
3
0
-1
-2
0
2
0
0
-1
1
-2
0
0
0
-2
0
0
1
1
1
1
0
2
1
1
1
0
1
1
-1
-1
-2
0
0
-1
1
-1
0
1
-2
1
0
-1
1
0
-1
-1
2
0
0
1
0
1
2
0
0
1
1
-1
2
1
-2
-1
0
1
0
1
0
-1
1
-2
1
0
-1
-1
-2
-1
0
0
-1
2
1
0
-2
1
0
-2
1
0
-1
0
2
-1
1
-1
-2
-1
-2
-1
0
0
-1
-1
1
0
-2
2
0
0
1
1
1
-1
-1
-2
-2
-2
1
-2
0
-1
1
1
-1
-1
0
-1
-2
0
-1
2
0
1
-1
2
1
1
-1
0
-1
-1
-1
1
-1
1
1
-1
-1
2
0
2
1
-1
-1
-1
-1
1
0
0
0
0
1
1
2
0
0
0
0
0
0
0
1
0
-1
0
1
0
0
0
1
0
-1
0
-1
0
0
-2
-1
0
0
0
1
0
1
0
0
0
-1
-2
0
0
1
2
0
0
-1
0
-1
-1
1
0
1
0
-1
0
-1
0
-1
-1
1
1
0
1
0
2
1
1
0
0
1
-1
-2
2
2
-1
0
-1
-1
0
-1
0
1
0
0
0
1
-1
0
0
1
1
0
1
1
-2
1
-1
-2
1
1
-1
1
-1
0
1
0
2
0
1
0
-1
-1
0
-2
2
0
0
-1
2
0
1
0
2
0
1
1
1
-1
-2
-1
0
1
1
0
1
-1
1
0
1
1
-2
2
-2
-1
1
1
-1
0
2
1
1
-2
1
1
1
0
1
0
0
1
0
0
0
2
-1
0
-2
1
0
3
0
-1
1
1
-1
3
1
1
1
0
-1
0
1
-1
-1
0
-1
-1
1
1
0
1
-1
1
-1
1
0
0
-1
0
-2
1
0
1
-1
-3
1
0
-1
-1
0
2
-1
0
-1
-1
-2
-1
-2
-1
1
0
-1
0
1
0
0
0
0
-2
-1
1
2
1
-1
0
0
1
-1
-1
-1
0
0
-1
-1
2
0
1
1
0
0
0
1
0
0
1
0
-1
0
0
0
-1
0
-1
1
1
1
-2
1
1
0
1
1
-1
-2
0
2
-1
1
0
0
-1
0
-1
-1
-1
2
-2
0
1
0
2
-1
1
0
-1
0
0
-1
1
1
0
-1
-1
-1
1
2
0
2
0
-1
0
2
-1
0
-1
-1
-1
0
0
0
0
1
1
0
1
-1
-1
-1
1
1
0
1
0
-1
0
1
1
-1
1
0
-2
0
1
0
-1
0
-2
-1
-2
0
-1
0
0
1
0
1
0
0
0
-1
-1
0
-2
0
0
1
0
0
-1
-1
2
-1
1
1
0
2
-1
0
1
0
-1
-1
0
0
-1
0
0
2
-1
0
1
0
-1
1
-1
0
-1
-1
1
0
-2
0
-2
3
0
-1
-2
-1
-1
0
-1
0
-1
-1
1
0
1
3
-1
1
0
1
1
0
1
0
0
1
1
0
0
2
-1
0
-1
1
-1
-1
0
0
3
2
1
-1
2
-1
1
-2
0
-2
1
1
0
0
-3
0
1
1
-3
-1
0
1
0
0
2
1
1
0
1
1
0
1
0
-1
0
1
2
-1
0
0
1
-1
-1
0
0
1
-1
0
-1
1
-2
-1
-2
0
-1
1
-1
-1
2
-3
1
-2
0
-1
0
-1
-1
1
0
1
-1
0
1
1
0
0
-1
-1
-1
0
0
1
0
-1
2
0
1
0
1
0
0
0
0
0
1
1
0
1
-1
-1
0
2
0
0
-3
-1
1
1
-1
0
0
2
-1
0
1
1
0
0
1
2
1
1
0
1
-1
0
0
0
-1
0
2
1
-1
1
0
-1
-2
0
2
1
0
1
-1
1
-2
-1
-1
0
1
1
-1
-1
2
-1
0
0
0
0
1
-1
-1
1
0
0
-1
1
-1
0
2
0
-3
0
0
2
0
0
0
1
2
-1
0
1
-2
-1
0
0
0
1
-1
0
2
0
0
-1
-1
2
0
0
1
-2
1
-1
0
0
0
-1
3
0
0
0
-1
0
0
0
0
-2
-2
1
0
1
0
0
0
0
1
-1
0
0
1
1
1
1
2
0
1
1
0
0
0
0
-1
0
1
-1
-1
0
0
-2
2
-1
0
0
1
0
1
0
0
-1
1
1
0
-1
1
-2
0
-1
1
1
2
0
0
1
0
1
1
1
0
0
2
-1
1
0
1
-1
2
0
-2
2
-2
0
0
-2
0
0
-1
0
1
1
-1
-1
-1
1
-2
-2
1
0
-1
0
0
1
-2
0
0
0
0
-1
1
-1
0
0
-1
0
0
0
-1
-3
-2
0
1
2
-1
0
1
-2
1
-1
1
0
1
0
1
0
1
1
-1
0
-1
2
2
1
-1
-4
1
-1
0
0
1
-1
0
0
-1
1
0
0
2
1
0
-1
0
1
0
-2
-1
1
0
0
-1
-1
-1
2
-2
0
-1
-1
-1
0
-2
1
1
0
0
-1
1
2
1
-2
-2
-1
-1
2
0
-1
-1
-1
1
-1
0
0
-1
0
0
-1
2
1
0
0
1
-1
2
2
2
2
2
0
0
-1
-2
0
1
2
0
-1
-1
-2
1
0
1
0
1
0
1
-1
0
2
-1
1
0
2
0
0
0
0
1
0
0
1
-2
0
-1
1
-1
0
1
1
1
0
0
0
-1
1
1
0
1
0
1
0
-2
-2
1
1
-1
0
1
-1
0
0
0
0
-1
1
0
0
-1
1
-1
-2
0
-2
0
-2
0
-2
-1
-1
1
-1
0
1
-1
0
3
-1
0
0
0
-1
1
1
0
0
0
1
1
-2
0
1
1
0
0
0
1
1
1
1
0
1
-1
1
-1
-1
-1
2
-1
3
0
-1
-1
0
1
2
-1
-2
0
-1
0
0
0
0
-1
0
0
1
2
0
-1
1
-1
2
-2
-3
-1
-1
-1
-1
-1
1
0
0
-2
0
1
-2
1
-1
-1
0
1
-1
1
0
1
-1
2
-1
0
1
1
1
1
2
1
-1
0
0
-2
-2
-2
0
1
1
2
-3
-1
0
0
0
1
0
0
0
0
-1
2
1
0
2
-1
0
1
-1
0
1
-2
0
-1
-1
-1
1
0
-1
0
0
0
1
0
0
0
-1
-1
1
1
1
0
-1
-1
2
0
-1
0
-1
-1
0
0
0
0
1
1
1
-1
-1
-1
0
1
0
1
-1
-1
1
-2
-2
2
0
2
1
1
-1
0
0
0
2
0
0
0
-1
1
1
1
0
1
0
-1
-1
-1
1
1
-1
-1
1
0
0
1
1
0
1
2
-2
1
0
0
0
-2
1
0
1
0
0
-1
0
-1
-3
-1
1
-1
-1
-1
1
1
-1
0
1
0
-2
1
1
-1
1
1
3
0
0
0
-2
0
-1
0
0
1
-1
-1
0
-1
0
-1
-1
0
1
-1
0
-1
0
2
-2
0
0
1
-1
0
0
0
-1
-1
-1
0
-2
-1
-1
0
-1
-1
1
0
-1
-1
-2
1
1
0
0
-1
0
-1
0
-1
2
0
0
1
0
0
0
1
-2
-1
1
2
1
1
-1
1
1
0
0
-1
0
-1
1
0
1
-1
1
1
2
-2
0
-3
0
2
0
-3
0
0
0
1
0
-1
1
-2
2
-1
0
0
2
0
0
0
2
-2
0
0
-1
0
0
1
0
-1
0
0
0
-1
0
-1
1
1
-1
0
1
1
0
-1
-1
2
1
1
0
2
0
0
-2
-1
-1
0
1
2
0
0
-2
3
0
-1
-1
0
-2
0
0
-2
1
1
0
-1
0
0
0
1
0
-1
-1
0
-1
-2
-1
0
0
2
1
0
1
1
0
-2
-1
1
0
-1
1
-1
-2
-1
-2
0
2
1
0
1
-1
-1
-2
0
-2
1
2
0
0
0
-1
-1
0
-2
0
1
0
1
0
0
1
1
-1
-1
0
1
1
0
1
1
0
-1
1
-1
-1
1
0
1
1
0
-1
1
0
1
0
-1
-1
2
0
-1
1
-1
0
1
0
0
-1
-1
-2
1
0
-1
1
0
0
-1
-2
0
0
2
0
1
-2
1
0
0
-1
1
1
-1
0
-1
-1
-1
-1
1
0
-2
1
1
-1
1
0
-1
1
1
-1
1
1
1
1
0
2
-1
-1
1
0
0
-1
0
-2
0
-1
1
-1
1
2
-1
0
0
-1
-1
-1
-1
-2
-1
1
2
1
0
-1
-2
0
-1
1
-1
-1
1
0
0
1
-1
-1
0
0
0
-1
-2
-1
-1
2
0
0
0
-2
-1
0
-1
0
-1
-1
0
-2
-1
-1
-1
1
0
-2
0
1
1
-1
0
0
0
-1
1
-1
0
0
0
-1
-1
-2
1
1
0
0
1
0
-2
-1
0
1
0
0
0
0
-1
-2
0
-1
2
-1
-1
0
0
-1
1
1
2
1
2
1
-1
0
0
-1
0
0
0
-1
0
0
2
1
2
2
1
0
-1
0
0
-1
0
0
1
1
0
1
0
1
-2
-2
-2
0
1
0
-1
0
0
0
0
0
0
0
0
-3
-1
-1
1
-1
-1
1
-2
0
2
1
1
1
-1
0
-1
3
-1
0
0
-1
0
0
-1
-2
0
-2
2
0
0
0
0
1
-2
0
1
-1
1
-1
2
1
1
-1
2
-1
1
1
0
-2
0
-1
1
1
-1
0
-1
2
0
0
0
1
-3
-1
-2
2
-1
1
0
0
0
0
0
-1
0
-1
0
0
-1
-1
0
1
-1
0
0
0
-1
0
0
-1
-1
0
0
0
0
1
-1
1
1
1
-1
1
-2
-3
0
-2
-1
1
0
0
1
1
2
1
0
1
0
0
-1
-1
-2
-1
0
-1
-2
0
1
-1
1
1
0
1
1
0
0
2
1
1
1
-1
0
0
-1
0
-1
-2
0
1
0
-1
1
1
-2
-1
-1
-3
1
1
-1
-1
0
1
0
-1
0
1
1
0
-1
1
0
0
-1
-1
1
0
-1
0
-1
-2
0
2
-1
1
0
-1
0
-1
-1
1
1
1
0
-1
1
1
1
0
-1
0
1
0
0
1
1
-1
2
0
-1
1
0
-1
0
1
2
1
1
-1
1
1
0
2
-2
-1
0
0
1
-2
0
1
0
1
-1
-1
1
-1
-2
0
1
-1
0
1
1
-1
0
1
-1
2
0
-2
0
1
1
1
0
-1
2
-1
1
1
-2
1
2
-1
0
0
0
1
0
-2
-1
0
0
0
1
-1
0
1
0
0
-1
-1
3
2
0
-2
-1
-2
-1
-1
-2
0
0
0
0
-1
0
1
0
0
0
-1
0
0
0
1
1
1
0
-1
-1
-2
0
0
0
-1
2
1
0
1
1
1
0
1
0
2
0
1
0
-1
0
0
-1
1
-1
0
0
-2
0
-1
-1
2
1
0
1
-2
1
0
1
-1
0
1
1
1
-1
1
2
-2
-1
1
1
0
0
-1
0
0
0
0
-1
0
2
2
0
-2
0
-1
-1
-1
0
-1
-1
0
0
2
2
0
1
-2
0
0
-2
0
0
0
1
-1
0
1
0
-1
1
1
0
-1
-1
3
0
0
0
1
1
-1
-2
0
0
-1
0
-1
0
0
0
-1
-1
1
0
0
1
-1
-2
1
1
0
1
1
0
1
1
0
2
1
1
-1
0
-3
-1
-3
-1
1
0
0
1
-2
1
-2
1
-2
-1
-2
1
1
0
-1
0
0
1
0
-1
0
0
-1
1
0
1
-1
-1
-1
0
-1
1
1
1
0
-1
0
2
0
0
1
0
0
0
0
1
-1
-1
0
0
1
1
-2
1
0
1
0
-1
0
1
0
0
1
-1
3
0
0
0
0
0
-1
1
1
1
1
0
0
1
-1
-1
0
-1
0
-2
1
1
-2
-1
-1
-2
2
-1
-1
0
0
-1
-1
2
-1
1
1
0
-1
0
0
1
1
-1
-1
-2
-1
2
-1
-1
0
0
0
2
-1
0
0
0
0
1
-1
0
0
1
-1
0
-1
0
2
1
-2
2
-1
0
0
0
0
1
1
-1
-1
0
1
0
1
1
-1
0
1
0
1
1
2
0
1
1
1
-1
0
-1
0
-1
-1
-1
-1
0
1
-1
0
1
0
0
0
0
0
1
0
0
1
-1
0
2
1
0
0
0
1
1
-1
1
0
0
0
0
-1
1
-1
-1
0
-1
0
0
-1
-1
0
0
-2
0
1
0
0
0
1
0
-1
1
1
0
1
2
1
0
0
1
-1
-1
1
1
2
1
0
0
1
1
-1
0
0
0
-2
0
1
0
-1
1
0
0
-1
-1
0
2
1
0
-2
0
0
0
2
0
1
-1
0
0
0
0
-2
1
0
0
1
-1
1
1
-1
-1
0
-2
0
1
0
0
-1
1
-1
-1
0
0
0
1
0
-1
0
0
-1
-1
0
-1
-1
1
2
0
0
1
-1
1
1
-1
0
1
0
0
1
1
0
0
0
-1
2
0
0
-1
1
2
-1
-2
0
0
1
0
0
0
0
-1
0
-1
0
-1
0
0
1
0
-1
-1
-1
0
1
0
0
-1
-2
0
-1
-2
0
-1
0
2
-1
-1
0
1
0
-1
2
0
0
1
1
0
1
-2
-1
-1
0
-1
1
0
0
0
0
1
-1
0
-1
1
0
1
-2
1
0
2
-1
0
-1
2
-1
-1
0
0
1
1
1
1
-1
-1
-1
0
-2
0
2
1
1
0
0
1
0
0
0
0
1
1
-2
-1
2
0
1
0
-1
0
-1
-1
-1
-1
0
0
1
1
1
0
0
0
2
0
-1
-2
0
0
2
1
0
-1
1
0
0
-1
1
0
1
1
1
2
-1
0
0
2
1
0
-1
0
0
-2
-1
0
-1
0
0
0
1
-1
1
-1
-1
0
0
0
-2
1
0
-1
-1
0
-1
0
0
-2
1
0
-1
-1
-1
-1
0
-1
-1
0
-1
-2
0
0
-1
1
-1
-1
1
0
1
0
1
0
0
1
1
0
0
0
-1
0
0
0
-1
0
-1
1
0
-1
-1
-1
0
0
2
0
1
-1
0
-1
-1
-2
-1
0
1
-1
-2
1
-1
2
0
-1
2
0
1
0
0
-2
0
0
0
0
-1
-1
-1
-1
0
0
-2
1
-1
1
-1
1
0
1
0
-2
0
1
-1
0
1
1
0
-1
-1
0
2
1
0
0
-1
0
-1
-1
-1
0
1
0
0
0
0
1
-2
2
-1
1
1
0
-1
0
0
0
-1
-1
-1
1
0
-2
1
0
1
-2
1
-1
-1
1
0
0
-2
0
0
0
0
1
0
1
0
-1
-1
1
0
1
-1
-1
2
2
-1
1
1
0
0
-2
0
0
0
-1
1
-1
-1
0
0
-1
1
-1
1
0
1
0
1
1
1
0
-1
0
1
0
0
1
0
-1
-1
-2
-2
-1
1
0
1
-2
-1
0
0
1
-2
-1
1
0
0
-1
-2
-1
0
0
-2
0
1
2
1
1
-1
1
-1
1
0
0
0
1
0
-1
0
0
2
1
1
1
2
0
0
-1
0
1
0
1
1
0
-1
0
0
0
1
-1
-1
1
1
1
1
0
-1
-1
0
2
-1
2
-1
1
-3
0
0
1
-1
1
-1
0
-2
1
-1
-1
0
1
1
2
2
0
0
-1
1
0
0
0
0
0
2
0
1
1
0
0
0
0
-1
0
0
0
1
0
1
-1
0
-2
1
1
-1
0
0
0
-1
-1
-1
-1
-1
1
0
0
0
0
-1
0
-1
1
0
0
1
-2
0
2
0
-1
1
0
2
-1
0
-1
0
0
-1
-2
0
-1
-1
1
2
-2
0
0
0
0
0
0
1
1
0
-1
-1
1
-1
-1
-1
-2
-2
0
0
-1
0
-1
1
-1
-1
1
-1
2
0
1
0
-2
-1
1
-1
0
0
2
0
-1
1
-2
0
-1
-1
0
0
2
-1
2
-1
1
1
0
0
2
-1
0
-1
0
-1
2
1
1
1
-1
0
0
1
0
-1
1
0
0
1
-2
1
-1
-1
-1
0
-1
0
-1
1
2
1
1
0
