50 100 16
0 47
1 1
1 16
1 44
2 39
4 16
4 17
4 18
4 20
4 22
5 1
5 30
6 3
6 9
6 32
6 33
6 37
6 49
7 22
8 7
8 11
9 36
9 38
10 3
10 5
12 32
13 18
13 19
13 27
13 37
14 34
15 17
15 39
15 40
18 28
18 36
19 34
20 19
20 22
20 23
20 46
20 48
21 1
22 20
23 10
23 20
24 9
24 23
25 6
26 10
26 30
26 48
27 34
28 48
29 11
29 28
29 43
29 46
30 8
30 14
31 14
31 21
32 35
32 41
33 4
34 4
34 12
34 19
34 46
35 45
35 47
36 10
36 20
36 25
36 41
36 42
37 26
37 35
38 26
39 43
40 0
40 30
41 5
42 9
42 13
43 28
44 26
44 45
45 20
45 46
46 0
46 11
46 40
46 47
47 11
48 17
48 46
49 2
49 41
49 43
75
85
91
81
34
56
92
37
17
71
78
66
82
60
26
18
90
30
72
54
80
49
69
23
99
0
79
3
19
14
25
52
61
74
39
84
97
41
12
73
51
50
57
20
76
9
32
77
5
98
10
83
42
22
33
48
88
55
95
1
62
38
15
93
24
58
28
59
7
31
43
46
65
13
94
67
45
21
47
11
4
86
63
53
40
8
27
87
16
6
35
29
44
96
68
36
2
64
89
70
9
0
16
8
8
5
-13
8
-16
26
-11
-15
2
-45
4
0
-6
39
4
17
17
4
30
17
11
30
-3
3
47
-11
10
-1
3
27
17
-6
-12
-32
-5
-8
-2
0
6
4
-25
23
-12
26
-6
29
27
22
-3
36
-2
-35
-8
-8
-29
-1
-11
13
4
16
-21
-20
-3
4
-24
-20
-6
3
7
-15
-2
1
19
17
-2
2
-20
20
-2
3
16
-16
-9
-6
18
3
-22
10
-8
13
-5
14
-3
-10
8
7
-19
-17
3
13
18
-2
-5
-13
-18
8
3
9
-9
16
-6
-2
-27
4
1
-14
21
-5
-2
-19
43
-16
7
10
-12
16
14
22
35
1
0
3
5
25
-2
8
17
-20
-31
1
9
-3
-10
-3
22
-5
18
17
20
-9
-15
13
17
-16
7
16
0
-1
15
8
-4
-28
23
-23
-7
15
25
-25
2
10
4
-22
21
-15
44
0
-8
5
-15
-9
1
-22
34
14
7
8
-3
22
4
-5
15
-24
3
22
8
-18
-1
-4
-1
15
-3
15
-34
6
-47
17
-16
2
29
-2
26
13
1
0
5
-9
4
-50
1
7
8
1
13
-14
-2
10
30
4
-11
16
-2
-27
-1
0
17
-12
31
4
-16
-13
-8
23
0
3
-11
-37
11
12
20
-28
20
26
13
-4
-19
-18
-12
4
27
-10
-9
-5
4
9
-1
-5
10
16
14
-39
1
-7
21
10
1
-5
5
-2
-3
-11
25
-18
-29
21
34
-6
-17
-16
-3
29
2
22
6
-22
-3
-2
-21
1
-16
-13
3
-26
3
24
20
1
-19
9
-27
24
-26
-34
-5
-10
14
18
-28
23
3
-10
24
-18
5
-11
-8
5
0
-12
-1
23
-10
7
-18
-11
24
-27
13
3
24
21
2
-23
-18
10
-3
-26
3
13
-10
-28
5
-3
-22
-35
-13
-19
33
15
-1
-18
-13
-1
1
4
-18
4
0
16
-11
-19
-31
-16
24
-11
14
-17
-34
-32
-2
-6
19
-11
20
-3
-19
-4
7
-10
-1
1
11
8
5
-11
-4
-13
6
17
-11
-16
30
-2
1
-16
8
-19
11
-31
5
-21
18
7
6
-10
11
10
-14
-13
12
30
-19
-4
3
-5
5
6
-7
-5
7
26
4
3
3
-6
-1
-16
-58
29
21
13
9
-19
-4
-10
-15
-4
-8
-22
-8
-20
13
17
-15
9
-12
-36
5
26
16
11
-6
-7
6
-7
-13
11
13
12
4
17
0
-20
-14
13
3
2
6
13
-27
-10
8
2
-12
10
7
6
-4
-11
-9
29
14
-2
1
-11
-37
0
-5
9
8
-4
-22
-19
27
-15
31
10
3
22
-23
20
-4
-4
-29
-15
-2
-22
-25
-16
0
28
-4
-17
-5
10
-18
3
-14
-10
-6
12
-11
20
5
13
16
10
14
-5
5
-2
-7
-5
1
-3
-8
-24
-6
1
-1
-11
11
24
5
-11
11
27
-6
21
16
7
30
6
-33
-7
-33
-11
3
31
32
-10
-12
7
-11
-26
-9
-25
-6
4
16
4
-18
-15
6
-13
-13
-10
-4
4
2
4
8
-1
0
-7
-8
17
28
3
-33
0
-7
-7
17
37
23
3
-12
14
13
-7
-5
8
17
38
-22
15
-12
-8
2
-5
4
-14
1
2
35
-13
0
11
12
7
-11
-12
-12
-4
25
-17
-17
24
20
-5
-13
9
-11
7
-26
6
-26
8
-6
-1
20
11
-7
-17
-11
-10
21
-8
-2
27
-28
18
14
-8
0
34
21
-12
10
14
5
-6
-16
-4
30
-1
25
-13
-8
-5
-8
-11
-24
14
-18
19
15
-2
19
-12
3
-19
-22
5
5
-19
-8
-18
2
28
-4
5
19
7
-9
14
5
-2
-21
-11
-20
21
14
-19
-14
-39
-8
-14
3
-10
8
14
16
1
-8
-2
-18
-5
10
4
19
6
-4
-12
1
31
13
-14
-5
-10
34
-13
8
19
14
1
-26
-21
15
12
3
6
15
17
4
-7
-4
-27
24
19
15
-27
-17
-19
-7
-27
6
-15
-8
-5
-5
-5
-9
-14
0
-2
-7
-5
-22
10
-26
21
-3
18
44
-10
6
-6
9
-4
24
7
-16
-9
-6
-7
12
-19
-23
-7
0
-4
7
-3
-13
-10
9
0
23
-6
-9
12
-22
10
6
27
15
13
-3
-7
22
4
1
8
-28
-27
3
8
12
7
-20
20
-6
3
-2
9
-13
-5
9
13
-18
-3
28
18
37
-13
-22
-5
-15
19
-11
-13
5
14
5
-7
-9
13
2
28
-13
-4
8
10
-10
-10
11
4
5
-6
-4
-5
7
-17
27
-1
-2
-1
-19
-13
10
-9
-10
13
5
8
-1
-4
2
-36
-17
-21
-23
-17
23
7
6
0
-27
-25
24
37
5
-21
19
4
20
23
6
-15
-29
7
-8
21
6
21
2
2
17
-17
11
2
6
-22
26
19
23
7
8
22
-26
-5
0
15
-6
4
-9
22
16
26
10
-6
11
-1
-20
18
13
11
-10
-36
-9
9
-13
-16
1
1
-6
0
12
12
-17
3
-18
22
-33
18
-36
-19
-1
12
5
-4
11
20
-5
15
17
17
-8
-16
-1
25
-24
-34
1
-11
-6
24
6
24
27
-19
0
-41
1
5
-6
17
-33
-12
32
8
-12
3
-19
-3
-17
-15
-4
18
-4
8
-10
2
14
-1
8
9
-3
-6
14
6
11
-37
-29
5
5
28
-21
-11
10
6
-9
20
-15
-24
-6
17
12
5
-33
-20
-8
-5
-13
10
-3
4
10
-7
-2
7
-21
-3
28
-23
32
-24
-5
-10
-9
-1
0
-18
-4
-19
-6
24
-21
7
-5
17
31
17
2
-1
-18
3
6
27
-1
1
-8
3
-16
-10
-5
26
9
21
-43
18
21
7
4
-24
-16
11
14
-5
5
-31
-5
-17
-33
25
10
-20
8
-3
-4
-2
4
-7
15
27
7
10
-1
23
38
30
1
-1
-23
-13
3
19
-2
2
17
2
-15
-14
13
-4
-5
-10
17
6
1
-11
7
-2
-19
19
2
5
2
4
-9
7
18
22
-12
-27
11
1
22
-6
17
15
10
-13
-9
-18
18
4
1
7
14
-20
1
-14
-7
16
-6
-7
-18
16
3
15
-15
14
35
-15
-6
-9
-40
-11
-18
13
19
-24
22
-10
7
-29
5
5
2
-4
5
-7
-16
5
-10
-1
-3
39
-1
38
22
4
3
-23
-6
5
2
-7
-40
14
-16
10
-1
-16
18
-13
26
-34
-12
16
-23
12
-8
-2
-16
-4
2
28
-4
-18
-6
18
2
11
7
26
-5
-12
15
20
7
-18
-2
7
-15
-19
-3
2
-2
16
-18
21
-16
26
13
-8
-15
16
-10
-5
-15
16
3
-26
3
-3
36
32
-6
26
12
-9
-24
4
6
-25
8
-20
1
2
22
-23
9
17
13
17
0
2
-33
1
11
-19
-9
11
-12
-40
25
15
1
4
-3
0
2
-3
-13
-3
1
-15
8
-1
-18
18
30
-7
34
5
10
1
1
12
31
-25
25
27
-26
-3
-9
5
-9
-10
17
18
-9
-14
2
-7
38
-15
-11
-36
-8
-5
-6
-11
-13
12
-23
-23
-6
38
7
23
31
-14
7
5
4
-4
8
31
28
-1
-15
-34
6
15
7
27
2
-13
14
5
4
-32
2
-9
-22
15
-12
4
-3
-14
-11
-10
-4
-8
3
-44
25
6
-11
6
-8
-2
12
8
-16
5
-44
17
-6
-3
-14
29
-13
5
5
0
-12
-1
-5
-23
17
2
-8
-19
4
-16
-3
-3
21
12
-3
-6
-5
15
-18
24
3
1
-24
32
-24
3
9
7
34
31
0
-9
-11
12
6
-36
8
6
16
-5
41
-11
-3
-17
-10
-4
1
8
1
-16
4
-19
-11
11
19
-7
-4
1
10
1
17
19
9
-6
-1
9
13
-10
-10
-3
26
12
13
-15
5
-1
-12
-25
-12
-2
-15
-23
12
15
-4
-13
-13
-11
6
6
3
28
7
-15
-1
35
-3
13
-15
8
-4
-3
2
15
6
-48
-16
18
23
-15
-8
-1
-17
-22
15
-29
3
-17
5
-18
25
28
-8
-3
-5
-3
-2
1
19
17
-12
0
-9
-1
-2
-29
-13
19
0
-18
2
11
3
5
-10
-34
22
-17
34
-11
-31
-18
-1
22
-8
-14
-16
-20
17
8
10
7
16
-5
-22
0
-2
14
-29
10
17
5
-25
-10
15
-6
1
-10
13
18
9
-1
-3
10
39
-2
-3
12
-22
-27
7
-5
-8
20
4
10
10
4
13
-18
3
-12
6
-7
23
1
11
14
-28
6
-10
4
12
21
-16
-17
14
11
7
-31
15
-23
-5
9
-3
2
8
17
6
-18
-32
8
-1
3
7
29
33
16
-13
14
-29
10
9
-8
8
-18
-23
-17
-1
-12
-4
1
-1
19
-20
25
2
10
-17
-22
-6
6
-32
-15
-3
9
-6
14
-11
-9
-9
3
-4
11
1
26
11
8
-3
0
19
-8
-1
22
-12
33
26
-7
-29
-26
-7
-3
-8
3
-8
15
6
8
-26
0
-3
35
-5
7
6
-7
-14
26
-1
-14
8
16
-9
20
15
1
-5
-9
-9
-35
1
3
10
4
5
-19
1
14
20
40
-8
16
-16
3
-1
27
3
-20
-25
31
-11
21
-2
2
-1
-11
10
-1
-4
-19
1
-5
-23
-17
12
12
-5
6
6
-4
-19
19
11
-16
-11
-19
-13
13
9
20
-20
6
7
3
36
-5
6
25
3
2
-1
22
-3
-2
0
-13
3
-16
-5
-14
4
-27
19
-13
9
0
-29
6
-18
-12
-8
34
15
3
-2
36
1
7
-11
6
11
-2
-17
4
-11
16
3
-10
15
12
12
-13
-4
16
10
-21
7
17
0
-3
28
-10
13
-30
-15
-5
3
-25
-20
-10
-22
33
7
-18
29
-17
18
1
-6
5
21
-30
-5
-16
-23
-1
20
-1
1
23
21
35
-14
-29
-25
-27
11
-21
-4
3
2
17
2
-11
-5
-14
-7
25
-7
3
-18
5
-11
30
-2
0
-3
2
-7
-22
1
-30
3
-3
7
-19
-12
-8
-18
-37
4
22
37
-4
32
-2
16
-20
-4
5
-19
2
15
-32
-6
0
-5
11
-30
-26
5
11
-12
-1
-7
-12
2
32
9
-7
-16
0
-11
12
-7
4
-12
9
7
-41
2
-11
-6
15
-8
-18
11
-21
16
-15
17
18
8
-16
18
38
-10
10
-7
21
27
-8
-8
-19
-15
-24
-17
9
19
2
-13
-10
-18
8
-4
-25
37
-20
-6
-12
5
-12
-16
3
-5
14
-6
12
9
9
1
2
-11
-11
2
-17
4
-24
44
7
-17
-26
12
11
-9
-25
-1
-1
10
-4
17
50
-6
18
-3
0
-5
-15
17
2
22
9
-18
-24
5
-9
-7
-9
-5
8
-32
-24
-32
16
21
0
11
-6
5
13
22
10
-21
-29
9
-4
-7
1
20
-27
6
18
40
-6
-16
-16
9
5
-2
-12
38
3
-1
-2
5
4
-15
-8
-11
5
38
20
-2
3
-5
-8
17
-8
4
-5
19
-9
23
7
40
3
6
-9
-28
0
18
0
2
10
14
-3
5
-32
-6
8
-10
-2
22
5
20
4
-14
-2
-5
12
11
2
-4
-4
22
29
-13
-5
4
6
-3
5
10
7
-22
-5
-18
8
3
1
-27
-3
-9
-34
3
21
28
4
-17
-4
22
15
19
10
-10
10
-3
19
-13
0
10
29
15
4
17
-25
-18
1
21
-5
2
43
20
-9
22
16
51
13
5
5
14
1
1
-3
-1
16
1
-8
-12
24
18
-7
-8
1
17
8
-27
14
-10
-31
-11
-6
5
-47
-8
1
-19
-1
15
-11
-28
15
-1
-21
-10
-24
21
0
-19
-20
0
-11
8
-4
-25
0
6
-49
-6
-18
-18
22
17
-17
5
20
4
-28
-17
4
-7
4
-2
-3
2
0
9
8
33
-5
-2
11
26
-31
24
-2
18
-18
11
-2
16
-5
-5
7
11
18
22
-41
19
19
-12
-5
30
-11
9
-16
-42
-3
-17
27
-39
19
-26
6
-2
-24
7
0
-16
4
-11
21
-13
-16
-4
20
1
-16
14
24
-1
25
21
12
-2
21
19
-9
-14
15
5
-34
-26
-28
0
5
7
6
5
5
-7
29
33
-15
-10
9
-14
-8
-29
21
28
3
7
-19
10
15
-8
-15
12
4
22
-13
-28
33
13
0
4
16
-21
30
-4
-9
15
7
-17
-15
15
0
-2
2
-19
-9
-3
-23
1
-6
0
-12
-1
3
-3
0
11
4
-3
-11
2
-6
-3
14
14
17
30
-17
3
-19
9
9
3
-52
-23
3
2
-17
14
3
-10
-14
25
14
22
13
-8
4
-1
-12
-20
6
4
5
-20
5
-19
3
8
-3
-3
3
-16
25
-9
-8
9
4
1
29
7
12
-6
-16
-29
-5
-4
22
3
4
10
-7
-9
-26
-12
-12
-6
12
6
12
19
5
4
9
-1
6
-3
-7
-2
-17
21
9
11
29
-20
-31
3
19
28
21
-1
6
20
-15
11
10
-20
-6
8
47
10
1
-18
17
2
-2
15
13
-2
-3
0
7
-7
-6
-9
-14
2
-1
12
0
11
19
-20
-12
11
17
15
24
-13
2
45
-1
36
24
0
6
-7
-11
17
-2
-6
-6
-15
-4
-12
-10
0
2
13
11
8
7
-9
20
22
-7
29
-19
6
-43
11
-9
3
-5
-8
12
6
18
20
-3
-3
-6
-13
-1
19
-32
5
0
13
12
19
12
-15
-11
3
-28
5
11
-4
-4
-38
-11
3
-11
-9
13
12
28
20
-26
-6
-15
1
17
26
-10
-4
3
-10
6
2
5
4
8
-2
-14
2
-12
-24
-19
-35
-19
-15
30
17
-11
-14
25
6
-2
8
-13
-12
27
26
1
2
1
-9
-10
-7
-6
-23
-9
-3
-9
-16
3
10
23
6
-29
-2
22
-7
4
-3
-3
-1
13
25
-7
17
-5
-11
-6
16
-24
-4
34
4
-1
18
21
7
-7
-28
-28
1
-13
-8
7
7
-4
30
24
-7
-4
-11
7
-21
-4
25
14
-17
9
-4
-7
16
-21
-26
19
-6
-3
24
11
5
14
-13
15
5
-13
34
11
-8
5
-24
5
-12
-13
16
5
-23
-3
24
18
-4
-4
8
1
2
-14
-13
12
-19
-1
21
-29
-7
-24
8
-10
2
27
-22
-36
18
-10
-34
-10
-19
12
4
-3
30
18
-17
5
-10
15
-16
0
10
14
12
13
11
5
1
-8
-9
1
5
-1
-4
-17
-11
-17
4
-18
3
-8
13
-2
8
-30
29
4
-6
-27
10
9
5
4
15
-19
-2
-26
11
32
23
-15
-5
22
13
20
-11
-4
-2
4
24
0
22
-4
18
0
-22
9
-28
-40
13
15
-9
14
-17
3
-1
19
27
10
21
-16
5
11
0
-13
-5
12
13
11
28
-32
28
11
22
-5
32
-6
3
-4
2
-7
15
-28
17
4
-25
6
33
-18
-26
-21
-11
-9
-6
2
11
-8
-1
2
-7
-11
15
-4
9
20
22
-1
18
-22
-27
0
2
19
2
-6
-23
9
8
5
12
1
23
17
-25
-12
0
-2
5
-9
6
6
17
20
-5
-6
30
-19
-17
39
5
8
14
-5
25
16
14
-2
21
1
14
2
-13
15
14
11
20
-16
-9
-2
-14
16
46
2
11
-6
4
-2
-3
-9
-36
-9
-22
-7
41
-14
32
6
4
9
-14
10
4
-27
-2
31
-6
-7
5
1
2
-7
-14
0
16
-7
7
9
18
24
-14
-12
13
14
5
8
4
-16
17
-22
4
13
-4
5
-18
-16
-1
-20
5
10
-8
-13
-3
6
1
-27
2
-4
0
-16
6
-16
-3
4
6
-10
13
26
16
0
13
-5
-11
17
1
-15
6
-13
3
-9
5
-20
4
27
6
14
-24
-22
11
-17
22
8
-8
26
-11
0
17
-3
-41
-23
-13
-14
-5
2
-4
-2
-14
-42
3
9
15
8
4
17
3
-11
2
19
-9
0
32
11
14
-21
7
7
-6
34
9
-22
-26
23
-32
0
-5
5
27
-4
-15
-17
12
5
-9
21
21
-22
-38
-6
13
-15
10
-6
-36
-1
-22
-5
-29
-20
24
-13
-3
15
-22
1
23
-11
9
21
-6
-2
-18
11
0
-27
-9
-15
2
5
23
1
8
5
4
17
3
5
9
-19
-9
-3
23
-17
4
-36
16
4
-11
3
3
13
6
-4
8
13
-16
-2
-14
-7
-45
22
5
2
38
21
-3
-6
1
-30
-8
-20
-1
17
-14
-1
-3
-17
0
3
-23
0
4
3
1
-2
-17
-14
-16
-10
13
5
-4
2
-45
-13
1
26
-10
-16
-23
10
-17
5
-5
-5
13
1
30
8
0
-31
13
6
-15
9
-19
16
-7
0
35
-6
-2
5
-18
15
0
-8
16
-7
-8
-12
22
-28
2
-15
22
15
32
6
-18
20
3
-12
-2
-1
0
-18
12
-3
0
10
7
21
-8
-29
17
-18
8
1
-29
4
-14
-9
-9
-5
-9
-19
25
-4
6
14
0
-8
15
-3
15
11
-5
-16
8
25
13
14
16
-27
8
15
13
-6
3
6
8
29
19
-6
-17
21
1
2
3
-2
8
0
1
-30
-33
-2
3
-14
-3
6
16
-7
22
-2
14
42
-16
29
-10
34
6
2
-13
-9
-1
29
-21
11
6
10
-8
-18
19
-18
-6
-9
-6
-22
-6
-9
-8
-38
-2
14
15
21
-11
-23
-15
-33
3
27
-24
0
0
-24
-4
-30
-42
8
33
-8
23
-17
-16
22
22
-26
-37
4
0
-16
8
24
-19
13
-8
2
6
6
-7
6
32
9
18
36
-4
-3
-3
3
-3
13
31
-1
-1
6
-24
4
-28
-1
-36
-21
-3
7
-6
10
31
-2
17
3
-6
8
20
-35
30
3
19
-45
-9
-10
0
9
19
4
15
-22
6
3
8
7
0
16
19
12
27
-45
16
-7
2
-2
3
-4
23
6
-5
-2
1
-10
-47
-6
5
-1
12
19
-31
4
-2
17
40
22
35
-24
1
1
27
-2
3
0
-32
-1
-30
-1
5
18
-24
-12
16
24
14
11
13
-4
23
17
12
7
0
-6
18
-30
20
-9
14
11
19
26
-10
-16
-15
20
-5
0
23
16
2
-19
-9
11
4
1
2
47
-4
14
16
5
-29
-1
9
18
10
9
10
0
-32
19
-5
10
-15
21
15
-1
5
-12
-14
3
-16
-13
-3
10
-1
6
-1
-4
-4
27
-7
9
12
-8
-25
20
-14
9
-18
-5
-15
9
-22
6
-20
56
15
-20
4
-28
-2
4
-8
6
16
8
-1
28
-17
7
-24
-1
-8
0
22
-10
14
0
-2
13
15
-5
-26
10
1
13
4
4
1
18
-6
12
-5
6
-8
7
-12
6
1
9
6
15
22
24
-22
-7
-30
-12
-4
5
-3
-8
-35
10
2
-11
11
3
-22
7
-5
-1
-10
-22
-5
15
2
-21
3
27
3
-7
5
-13
26
-17
-24
-6
-4
6
-22
-5
-5
-10
0
-12
-15
-16
-9
-18
29
-19
-19
-17
-8
29
13
26
-5
0
11
23
20
6
-7
8
-11
7
29
0
12
4
-26
-6
-11
10
7
11
-41
11
-11
-18
-27
0
-4
-5
-34
-6
-16
21
4
8
4
-13
7
18
-4
8
14
15
-26
22
13
7
30
-12
10
-1
-8
3
6
15
16
13
-4
5
1
-7
12
-27
-16
-1
4
2
1
-7
-20
-15
-1
-13
-9
-28
-8
-13
7
-8
13
1
14
-7
-14
-10
-3
-27
7
42
3
31
-13
-12
-29
-2
16
26
-24
-9
11
-17
15
-1
-4
32
3
5
-4
-5
-16
-3
1
23
2
9
28
-3
14
32
-6
-12
11
17
3
-16
9
-13
-7
9
11
4
-11
16
-6
-2
5
38
1
-7
-19
-15
15
7
6
-2
19
-23
4
-5
0
28
-17
-10
-4
-16
-19
8
30
0
-15
27
-13
-19
7
-10
-3
-14
9
11
25
-7
8
-26
-51
-16
0
-15
-5
-17
-18
0
-35
13
15
-13
11
-12
0
8
13
9
6
-27
18
-40
-11
-1
-6
-1
22
17
-5
13
24
-7
2
4
0
-15
26
-14
28
13
1
5
-3
-3
-16
-7
-18
-13
16
3
27
0
-39
9
0
-10
5
33
-8
2
-16
13
-4
0
1
-19
28
7
-9
-10
5
5
-12
3
1
-10
-19
-18
-37
15
17
-14
17
15
-13
-23
-28
19
7
-24
-9
-25
-9
1
5
-11
19
-23
3
-12
-4
-14
-4
-12
26
2
14
3
-1
-16
-27
12
-1
-5
14
-17
8
27
6
-19
-6
10
-3
3
6
39
24
2
-12
10
6
14
9
6
-7
19
-1
21
9
-21
7
-20
16
-12
21
-13
14
1
38
6
-13
8
-19
-28
18
-16
-9
19
-15
-16
-15
19
-3
35
-7
23
22
-31
6
-5
-18
-14
11
-2
-19
7
-2
28
8
-1
-13
15
9
-9
22
24
-4
-7
11
7
27
-12
-29
-10
6
-3
-1
-9
-6
3
-4
5
-1
-8
-18
11
6
12
23
13
-24
-3
-29
-6
-7
-29
13
-1
3
19
-5
40
-13
-7
1
-12
-15
20
3
-11
-15
-16
6
-25
6
7
-15
-7
-11
-17
2
-2
12
20
13
-14
18
4
-11
28
0
-5
-7
-27
1
-27
-10
-9
-19
23
-8
-24
1
-13
-12
-3
0
-29
8
-7
10
27
-14
-12
-1
21
-14
-5
-21
-11
-34
13
10
13
14
19
-6
-2
-3
0
-4
-28
-20
-18
-6
12
30
18
9
35
-9
7
-47
-12
13
8
-7
-10
6
9
-24
18
-4
21
-13
16
-8
-2
22
-16
7
6
-30
9
-7
13
-16
6
-7
0
18
34
9
-11
-20
18
28
-7
16
-9
18
16
10
-1
-10
16
3
-21
28
-38
6
4
-15
-2
-13
33
-14
10
11
10
-12
-11
16
-7
7
-18
-8
-6
-13
12
8
-10
6
16
4
-11
22
-3
7
22
2
-16
5
-12
2
23
1
7
-31
-13
-1
-16
-4
4
25
12
21
-6
18
24
-10
9
-1
0
6
20
7
10
8
-3
51
-13
6
-7
3
-4
-3
18
9
-15
-28
23
-16
-14
9
-19
7
0
18
-14
1
4
-7
-16
20
13
25
-3
7
-2
-2
-10
-26
-7
27
7
7
-10
-16
-4
-8
8
19
-10
-13
-28
10
-8
-18
12
8
5
4
36
-27
-10
-40
24
20
16
7
-21
-15
1
15
34
-2
2
20
-7
9
-5
-22
-15
-15
-25
-1
9
13
10
-27
-6
-13
0
-13
-3
-7
-12
15
-15
6
-34
15
20
-24
-4
-1
22
5
7
15
7
-31
5
1
10
0
-30
-25
18
7
-8
-23
2
-2
-17
-24
2
19
18
-27
9
7
26
1
-3
-15
4
-2
-28
17
5
-4
-12
7
11
-35
-18
12
-9
-1
0
4
-8
8
5
-1
6
-17
13
-2
4
13
-10
-7
8
15
-11
-2
11
-23
6
3
-5
0
-6
10
31
2
-13
21
-16
-8
11
0
-7
5
5
5
-2
5
-19
-17
13
14
-12
20
-22
-14
16
9
-4
33
-11
-25
15
-25
-14
20
-14
-3
-35
-26
13
-3
6
-3
5
2
33
-12
16
25
17
21
-16
23
26
19
8
-19
-1
-20
-13
10
16
20
22
-7
16
-23
19
7
-2
-13
-15
12
-16
22
6
7
19
-13
2
-32
22
17
5
8
-33
27
16
20
10
10
8
-13
-10
21
-11
-15
7
10
-16
2
26
17
-4
-13
1
14
26
16
-7
-6
-4
-16
8
-14
10
4
-4
6
7
-16
0
0
-11
25
1
8
-16
-10
14
14
-1
8
-21
12
23
-13
-2
15
30
20
-17
11
1
-11
18
-2
-26
-12
1
7
0
-10
-29
-20
-12
-6
4
2
-3
-12
-10
0
14
23
-7
-11
5
-9
-6
-22
13
-17
-2
20
-19
2
7
16
8
-4
0
-23
20
-5
-9
-32
-2
-24
-13
-8
-16
12
15
-12
9
15
2
-4
-13
-10
1
-3
-2
4
-9
-33
-4
17
-18
-9
4
-14
17
-51
-14
14
-38
-29
13
-10
-10
-4
-5
3
-13
11
9
-11
-31
-10
-5
-18
-14
-6
6
18
19
3
3
-6
22
-13
16
-13
13
24
-3
2
22
-11
20
-12
-41
-12
-18
1
-15
-12
-2
-16
13
11
0
12
10
-2
5
-19
12
5
17
-16
-4
-4
6
-7
-11
10
-22
-4
12
3
4
20
-16
18
2
-16
-5
-23
21
5
1
17
0
4
-6
-19
7
-28
-5
18
3
-16
-1
-41
-17
-40
1
12
9
9
-7
-2
-23
10
8
6
-17
-2
1
4
-21
8
-33
-36
1
-11
7
24
3
18
6
14
4
8
8
-35
9
-13
-13
-14
-9
-10
24
0
11
5
15
-11
-14
-24
-2
-12
-12
35
-23
31
16
-12
9
-7
13
-5
4
-2
13
8
2
5
-8
-6
-16
-17
-3
20
-6
-7
-26
-22
-20
8
-28
29
15
4
22
12
33
-6
33
0
-1
24
5
11
-8
-2
-15
10
19
-10
-33
11
-14
-19
-9
10
-6
1
-16
-24
3
-1
-36
11
-11
5
4
20
-4
14
-1
-22
-13
-5
-23
-21
-9
10
29
6
15
-29
9
17
-4
-12
-26
8
17
-17
-7
7
1
26
23
-8
0
-15
-11
5
1
-9
8
3
36
6
12
-10
-2
12
-12
-2
6
19
1
-3
-11
6
21
-17
13
-13
15
1
-9
-28
-19
14
30
-12
-4
2
-5
33
18
9
9
-14
5
-6
-11
-15
-18
-19
-22
-31
28
-1
-10
-10
-5
14
-9
3
-18
6
-22
22
-4
-2
10
0
-3
23
3
22
29
25
2
4
14
-6
-8
-5
-10
12
-40
19
-33
18
2
-6
6
13
-7
21
12
-26
24
17
20
-14
-30
-26
7
-5
8
-5
38
14
22
15
6
-14
11
1
14
-16
-23
2
-5
15
10
-7
-8
-12
-1
-17
1
-3
-18
8
-3
-15
-5
-14
22
-19
19
10
-13
-9
7
15
4
1
-12
7
-3
-4
-27
-21
-26
-4
18
8
-15
-11
-23
21
12
-16
-11
-15
2
2
8
2
-6
-4
8
-10
-3
4
-2
-18
13
-13
-11
-19
4
-2
-5
6
-3
2
17
23
9
-25
17
12
-20
1
-12
-9
-1
6
19
1
-10
6
-12
-18
11
24
-28
-10
-7
-2
-8
1
-15
3
-31
1
2
2
12
0
-31
-12
5
31
2
-17
16
-34
10
-28
-6
-18
-10
4
11
-11
-17
23
-2
-8
4
23
-25
-7
5
-2
-15
3
20
-6
19
21
-31
-1
-16
16
18
19
-18
12
-13
-6
-13
-22
-4
-1
44
-10
7
12
-9
-22
-5
14
26
3
-9
-14
-11
4
-19
-16
-5
-19
24
21
-6
16
5
-35
-11
17
0
-2
-3
2
-2
-10
-21
-9
9
-12
-2
22
-11
-21
25
13
0
4
6
-7
-28
20
-3
29
-32
-3
-16
-20
32
-29
11
-4
-21
-28
-18
-13
-16
-13
-9
-11
1
-26
6
-6
-16
19
-11
-25
-19
-11
2
-3
0
-24
-15
21
-8
-20
20
16
-3
9
14
0
-29
20
-14
-2
-21
20
-4
20
-2
-1
-17
4
-28
-15
2
20
-8
20
-6
2
11
12
-2
4
-32
-34
24
-1
-19
-13
-8
9
-13
-7
11
2
-5
19
-14
15
0
-15
14
-21
14
0
11
-1
-11
-32
-7
-13
-3
-6
-2
13
-15
3
31
-1
-7
-12
13
18
19
-18
-22
14
12
21
-13
17
5
8
-17
-2
-22
-3
-15
1
-23
-3
14
-2
8
-17
17
6
-3
-23
3
7
15
2
14
0
7
-15
-41
17
13
-5
-2
-17
-17
-16
-17
-8
25
1
0
-2
42
-3
9
23
-2
-5
-10
-16
10
9
8
25
15
-17
17
4
-8
5
8
16
-7
0
41
-2
-2
-2
-9
-6
-15
-19
6
-16
4
0
24
-28
7
23
-19
27
12
32
2
9
8
-1
9
13
-20
15
-25
-5
-16
-11
9
-6
-2
20
-13
28
24
34
5
-27
-32
-1
6
-30
-3
16
-16
10
7
-10
-12
-24
4
-21
1
-16
1
-5
-4
-1
-22
16
-28
22
11
3
3
-13
2
-11
8
29
-12
-27
11
-1
8
-20
-22
14
19
-4
-11
3
-10
15
-7
-10
43
-24
14
-12
-13
1
3
-13
-19
3
20
15
-22
-8
4
2
15
-12
15
-11
9
-18
-1
6
2
-20
-12
-5
-15
-9
-3
-22
11
1
8
-2
-2
13
9
-18
15
-8
33
47
-23
-15
-33
-1
0
-7
-5
-18
-19
-3
40
-6
14
23
-32
-10
-21
-10
-4
-20
15
-17
3
24
-17
12
15
8
-18
-3
15
1
18
24
2
-10
-14
11
-1
-12
6
4
-37
-1
-22
-16
-11
14
-3
-12
4
-20
-6
4
-31
34
19
25
-20
25
2
-3
4
14
-8
-14
-2
-31
12
-29
-6
9
18
4
-18
4
0
-16
-11
8
16
-10
-8
-3
-13
7
20
15
1
-5
10
-32
7
-5
-6
4
8
0
-19
-7
7
0
-41
-8
13
3
3
29
3
29
-9
-17
-9
-23
-6
6
-18
2
12
-6
-2
-12
6
-3
10
3
-29
37
-2
-5
16
-20
8
-4
4
-19
-16
23
5
17
-10
1
18
10
15
15
-26
27
-26
-12
10
30
41
40
7
10
-8
-11
-4
-7
-12
15
-8
-25
22
-12
-1
12
-23
6
-27
14
-10
-2
-5
-10
-17
2
-44
13
10
-4
33
9
-20
5
-1
2
-12
-6
4
-7
0
13
-6
16
17
1
-8
-12
25
16
13
3
12
-4
-2
-11
21
36
-24
-33
1
-9
-17
-12
-25
-9
2
8
-2
2
-6
1
12
-22
-5
-11
13
27
-1
27
15
-19
-23
10
15
-8
-3
-16
-8
-17
-10
-8
0
-27
-12
-26
-16
-13
-8
2
-4
-10
-9
-23
-4
2
-32
0
-1
-22
-22
17
-34
-3
-9
21
2
-12
-21
6
-17
11
1
44
-13
-4
16
0
2
7
11
-9
15
12
-28
18
-9
-30
-10
5
28
39
6
0
9
-1
-35
5
-3
-22
10
-13
6
-5
13
-15
-14
20
23
5
11
-14
21
21
6
-9
15
-18
-24
-24
-14
-17
12
6
16
8
2
2
7
56
-5
-27
1
2
-14
11
9
2
13
-9
7
-11
0
1
4
2
2
12
-3
12
22
9
1
-42
0
-9
11
10
-9
-29
-7
17
-3
-4
34
15
21
-1
8
29
-26
-8
-4
-6
4
-15
-15
2
-34
7
9
17
22
-4
9
-17
-21
2
-14
10
-18
0
4
-43
-9
13
-16
-3
-7
15
-17
-40
-28
4
10
-29
-10
5
6
4
-10
14
-30
-9
1
22
19
-7
0
-35
22
2
0
-25
5
4
28
12
-9
16
-9
-28
-8
-11
5
9
2
12
-1
22
-11
2
-28
12
-39
10
13
-5
21
6
9
55
12
-3
16
26
-10
-1
-1
-2
27
-21
-4
-12
-14
0
14
21
-15
-4
4
-14
-9
7
-8
15
23
38
-19
22
8
-10
2
10
-19
11
12
-17
-1
2
-13
13
-34
5
1
8
8
19
7
0
7
13
2
-4
-16
-2
13
31
-5
15
-17
18
10
9
21
20
1
35
2
7
-5
15
-1
-7
-7
-10
-19
-28
7
34
2
-10
-7
-8
18
10
9
-28
0
29
15
-4
-15
-17
36
6
4
-39
-14
13
6
-10
1
26
-8
11
-18
14
15
21
-20
-11
-36
-45
-27
-2
0
5
10
-2
5
-48
-6
-27
-11
-10
-3
-8
31
16
-10
21
6
-10
-4
3
-9
27
-24
12
3
1
24
4
4
-2
9
-11
12
8
32
-22
-9
21
-8
-5
19
22
-12
34
-47
-6
-5
2
27
7
-30
-27
-2
1
13
6
-3
-10
20
-12
-27
-13
11
-26
2
-4
-2
-12
11
-17
-8
2
21
-1
-4
-15
24
9
-31
11
27
-9
-4
-30
30
3
14
-3
-34
9
-12
25
-24
25
-24
13
19
18
-11
-18
-7
-9
-17
24
21
-3
-2
37
6
7
13
5
-33
-2
-13
23
20
6
-5
-13
13
12
14
7
-2
-2
-5
-11
-18
34
-11
-9
17
-7
-39
-12
20
9
-47
3
-11
-10
15
16
-9
-7
0
27
-7
2
-18
11
-10
-31
12
-10
4
-16
-6
-27
-5
4
-10
16
0
4
-16
-31
-6
10
-14
-3
-28
19
33
12
31
7
10
5
-16
5
11
-8
11
4
13
-9
7
21
-1
-5
-23
-3
-31
22
9
7
-15
12
-2
-5
-20
8
9
-24
8
-14
0
7
7
-17
-1
-11
-15
11
4
-41
-18
4
-13
6
14
10
-19
29
-14
5
12
-5
2
30
-18
-8
-12
9
-5
11
13
-45
2
-10
-2
-12
13
-8
14
26
13
39
3
-17
-29
-3
-14
-17
-24
4
44
-14
-15
-15
8
54
-12
-37
25
-3
2
-12
1
-1
15
-15
-20
19
14
-10
-29
27
-34
-15
8
13
-35
-23
21
18
6
42
14
-4
31
8
5
-9
7
5
19
17
5
10
25
-10
-4
2
3
7
-16
9
1
2
-12
-30
-4
-6
7
11
4
-10
-13
4
4
29
-32
-2
-11
14
12
0
14
7
7
-5
10
-2
9
-5
11
33
32
9
-4
-8
-14
-17
2
-6
10
-14
26
6
7
-3
-20
20
12
0
8
16
-5
11
9
-17
-5
7
-4
10
-20
35
23
-4
31
-17
0
-3
14
-31
-12
13
-3
-27
-24
35
-13
27
3
11
-6
-1
-9
13
-1
-12
23
-17
30
0
-42
10
23
-20
8
-27
-24
21
24
-42
2
-10
9
-24
-8
-12
-20
20
21
-6
-25
22
-18
-7
16
-18
23
-48
7
-6
-4
-20
-7
3
-4
-7
15
-11
2
32
-5
31
-12
-16
0
-11
23
15
-17
-17
9
-18
-1
-16
5
22
12
-3
-7
-43
-18
-20
24
-4
-3
-15
7
-25
-20
-21
-18
-8
-20
-2
10
-4
-2
-3
-12
-8
-10
-15
10
-23
4
-7
16
-30
-3
-36
3
-16
-3
10
16
6
13
-21
-8
-13
8
-25
2
-7
-24
19
-2
-24
0
15
-1
25
-39
27
4
15
-11
3
16
-6
-10
-18
18
18
8
-9
1
16
-18
17
-15
13
22
-8
-15
-6
-4
13
-10
0
14
21
-14
-15
1
-9
-2
3
-3
-3
-4
-12
-23
4
2
-6
5
-14
-39
3
-31
-32
0
-7
-8
-2
4
0
6
-14
-2
-8
0
-4
7
-24
-8
-12
-2
-6
-16
18
7
26
18
-16
-6
-7
-14
2
15
-4
15
30
-19
-2
13
-37
-11
-14
5
34
-24
-15
20
-4
-32
24
0
5
-20
-17
-5
-11
-7
11
-19
17
7
-29
9
2
19
-22
0
-29
-16
1
-5
-8
7
-16
-10
-1
-15
5
19
25
-19
14
-16
7
30
10
-41
-10
14
-18
-19
1
-21
0
-1
-13
-12
10
3
-8
-30
-22
-2
-9
6
10
-1
-7
-27
-33
-5
-5
-14
25
8
-18
-2
30
23
-11
-17
-4
-7
-22
-6
21
-23
-22
7
-1
-13
3
-3
-10
9
0
-3
-3
-14
13
1
8
20
31
3
28
-5
6
-16
-9
0
-3
-10
0
33
11
0
-5
4
17
12
2
4
-14
-11
15
-7
-33
2
9
1
1
2
-10
-15
16
-9
-7
-7
-14
25
0
0
14
-7
7
25
5
-15
-24
-4
-14
-19
-6
46
-21
12
7
-10
-2
-7
-6
-24
10
4
-4
11
2
5
19
16
-7
-13
11
-18
22
10
0
7
-35
8
22
-30
-16
15
-9
-4
-3
-13
-14
45
-2
-9
-29
5
29
3
-4
-21
23
-24
-7
-5
-4
-35
-1
-2
18
16
9
10
-4
32
15
19
11
1
12
16
-11
-9
-31
-4
-3
-21
13
-9
-6
13
-31
12
-4
-14
16
-5
-13
-12
34
5
3
12
0
11
28
-1
-1
17
18
-16
25
20
-27
-10
1
8
4
13
5
-17
19
-34
16
1
-15
-22
-35
-8
4
-1
-14
29
8
2
-28
8
-2
-27
11
3
-20
5
29
-13
8
-8
-26
-11
-26
-10
6
3
-20
-13
8
-1
-36
32
-7
-3
11
11
24
-14
-21
-30
-33
-33
15
-25
7
-16
9
24
-15
-19
5
-17
-37
6
-8
32
0
11
-10
25
11
10
-22
-4
-19
-9
-13
13
-9
10
9
-23
-15
28
5
27
16
-16
-16
-23
-19
21
-1
6
7
-7
20
18
26
-5
-4
3
-5
7
4
-5
16
-3
-14
7
19
-3
-1
-5
9
1
-9
-2
-9
4
5
-27
-22
-3
4
-3
19
-5
17
-4
-7
-5
-11
-29
-4
7
9
33
-7
1
-10
4
-22
-21
10
4
15
-1
-10
-2
-11
-1
-17
-10
18
20
4
11
-1
32
9
12
-2
1
22
-19
-39
39
33
-22
8
-14
-12
3
-21
-5
9
1
-6
5
21
-14
-5
-6
8
8
2
10
10
-25
17
-10
-33
10
12
-13
19
-14
5
12
-3
26
0
9
-7
-8
-9
1
-36
29
-4
2
-21
38
8
19
4
31
6
22
17
9
-13
-28
-21
3
13
8
-4
15
-10
9
4
20
19
-27
25
-27
-17
21
9
-14
-7
26
18
10
-31
15
8
22
-6
20
6
-1
12
1
2
-5
26
-9
-7
-25
16
0
45
-5
-14
15
13
-23
45
11
11
15
5
-13
4
11
-12
-9
-7
-15
-16
10
14
1
21
-19
18
-12
12
-2
6
-23
2
-27
10
-1
16
-9
-49
18
6
-12
-9
5
25
-22
0
-23
-15
-24
-9
-30
-15
9
3
-13
7
9
-7
-3
-6
-3
-29
-9
23
40
22
-11
3
-2
11
-19
-18
-20
7
5
-18
-9
35
1
23
9
-3
5
-5
16
-2
0
9
-3
-10
-7
-6
0
-8
5
-12
22
15
12
-32
23
11
4
13
10
-12
-26
7
32
-17
16
-3
-7
-13
1
-21
-8
-9
28
-26
-4
13
6
39
-9
13
1
-9
5
2
-20
17
12
-2
-16
-23
-19
15
35
2
35
-5
-9
0
30
-10
-6
-10
-10
-17
-5
-1
-7
6
17
12
-5
13
-21
-9
-11
22
12
5
9
-4
-17
-2
11
13
-12
23
-6
-25
0
8
3
-11
-5
-25
-24
-24
7
-10
7
-3
13
-7
9
2
0
0
-11
-9
-7
-33
-1
2
17
3
-2
-21
-19
38
-14
9
17
7
30
-20
-2
10
-1
-12
-12
1
3
-11
6
4
34
-16
1
14
7
-11
9
-14
4
-11
-9
18
-1
-30
0
-34
48
-7
-10
-26
-15
-15
-3
-24
-6
-10
-12
19
7
12
43
-13
12
-1
14
13
2
9
-3
-4
14
17
3
-2
25
-18
-6
-12
10
-21
-15
5
-4
45
25
22
-13
27
-18
9
-25
-6
-29
21
19
6
7
-41
4
15
9
-42
-18
-1
14
-7
3
35
21
22
2
9
11
7
15
3
-9
-2
22
29
-8
2
-1
12
-10
-17
-1
-8
23
-12
3
-12
14
-33
-16
-32
8
-24
22
-14
-15
31
-46
19
-27
-1
-10
4
-11
-13
20
-7
20
-21
3
10
19
-7
-5
-18
-15
-17
0
1
12
5
-15
34
1
12
-2
9
5
-7
7
3
-5
21
12
6
10
-17
-10
2
32
-4
0
-41
-21
9
12
-15
6
6
26
-15
3
14
21
-4
4
9
24
18
11
-6
24
-8
-7
2
-1
-17
6
40
9
-21
20
-8
-21
-34
1
28
12
-8
16
-14
12
-30
-12
-10
-2
22
21
-10
-17
26
-23
0
2
-6
0
16
-15
-13
11
0
-3
-12
10
-8
2
34
-4
-50
-2
-5
35
-3
1
-2
14
29
-16
-6
15
-39
-8
7
4
-2
18
-18
-5
30
-7
-4
-12
-10
28
-8
-7
22
-24
8
-22
5
5
8
-15
52
-6
-1
-8
-18
3
4
-6
7
-26
-34
24
7
14
-7
5
0
5
19
-11
3
7
10
17
19
11
29
7
12
12
-2
-3
5
8
-9
-2
23
-14
-11
4
6
-34
26
-22
-8
-3
12
-1
11
0
8
-18
17
9
3
-9
13
-28
8
-11
12
13
25
8
-5
16
-5
11
16
20
-3
3
33
-23
19
-2
14
-10
25
-6
-26
27
-25
3
2
-36
-1
5
-20
-5
9
15
-10
-20
-10
15
-26
-26
14
7
-16
1
6
20
-28
-1
-7
-4
-5
-9
9
-18
4
-2
-13
-7
-3
-6
-11
-52
-26
7
11
33
-23
-1
8
-37
12
-13
22
0
10
6
16
-8
9
18
-13
-5
-9
30
38
12
-17
-63
20
-23
6
3
20
-22
-2
-3
-15
24
3
8
35
13
2
-17
0
23
-5
-33
-13
14
-3
6
-14
-13
-9
29
-34
0
-23
-18
-8
5
-26
15
19
8
-4
-21
9
36
9
-25
-27
-12
-16
29
2
-9
-12
-17
20
-9
1
8
-16
-2
-5
-14
25
13
-1
3
15
-13
34
24
31
36
28
-8
0
-8
-38
3
12
30
0
-12
-13
-26
13
6
12
3
11
0
16
-15
0
24
-14
12
-6
24
-5
-2
6
2
18
6
0
15
-38
-2
-13
19
-15
5
13
9
18
7
-8
2
-10
10
24
3
22
6
9
3
-28
-25
13
10
-13
-2
19
-10
2
-1
6
6
-10
11
4
5
-9
8
-24
-33
-7
-26
4
-35
3
-31
-13
-23
23
-10
4
20
-21
-6
43
-19
-4
1
-4
-22
15
10
-3
1
8
12
24
-25
-1
12
10
5
6
-6
24
9
16
12
-3
10
-11
10
-15
-19
-19
38
-22
46
1
-19
-13
7
19
35
-17
-29
-6
-18
-8
-2
-2
6
-13
6
2
16
25
-4
-14
18
-13
26
-30
-48
-13
-10
-11
-9
-16
21
-2
1
-39
7
10
-25
9
-12
-8
6
22
-9
23
-2
22
-21
28
-23
7
12
18
11
13
34
10
-13
5
0
-30
-27
-27
8
20
9
33
-44
-23
5
-2
-2
16
-8
5
8
1
-22
31
16
4
24
-18
-2
11
-12
4
22
-24
5
-10
-12
-17
20
-3
-9
4
4
2
8
-1
4
1
-18
-20
16
11
11
1
-16
-9
25
-1
-11
0
-15
-10
-7
-6
6
-3
10
9
14
-21
-24
-11
4
18
-1
9
-9
-17
9
-31
-30
38
2
34
18
20
-18
-1
-1
1
34
2
-7
7
-20
23
11
8
6
10
-3
-13
-20
-13
8
15
-13
-10
9
4
-1
10
10
3
14
36
-31
15
2
-3
5
-26
10
5
19
-2
7
-12
0
-18
-46
-15
8
-15
-10
-9
15
12
-16
4
12
0
-29
19
19
-12
19
9
42
5
-4
-1
-24
-1
-8
-2
1
20
-23
-11
5
-10
-7
-22
-21
7
15
-11
0
-13
-4
27
-26
5
-1
18
-16
-6
-4
-1
-18
-17
-11
-2
-29
-12
-10
-1
-18
-22
13
5
-19
-12
-26
12
12
-1
-7
-24
-6
-12
3
-22
27
-7
4
12
-7
-1
3
18
-32
-18
12
34
8
9
-15
8
9
-4
2
-14
7
-12
21
-1
20
-12
10
10
37
-26
1
-46
4
34
1
-41
3
6
-7
19
-7
-17
12
-32
24
-8
-2
1
27
7
5
-5
36
-29
0
-4
-9
-8
1
13
-4
-10
-7
7
4
-14
6
-9
21
15
-18
-8
10
14
4
-10
-12
29
17
14
7
29
1
-5
-25
-18
-19
-8
10
27
-4
6
-34
44
-1
-10
-23
-6
-33
-7
-1
-31
18
17
-4
-9
-5
8
-1
18
-4
-9
-11
2
-14
-33
-8
6
1
27
18
3
17
17
0
-37
-14
8
-6
-9
21
-13
-29
-14
-25
2
29
13
8
9
-19
-15
-26
6
-36
16
35
-7
3
3
-22
-21
1
-33
-7
20
4
15
8
6
18
17
-18
-9
-7
8
10
6
12
14
6
-13
18
-15
-17
14
-1
15
24
-6
-20
10
2
9
-5
-8
-9
33
-3
-22
18
-16
7
8
2
8
-17
-16
-29
12
6
-10
18
6
-1
-21
-27
2
-4
30
4
10
-29
10
6
-2
-13
22
14
-12
5
-12
-17
-12
-21
20
-4
-24
14
8
-15
13
-7
-14
19
12
-16
13
21
20
11
6
25
-20
-18
15
-1
-1
-22
1
-27
1
-8
13
-9
22
25
-11
7
5
-16
-11
-14
-13
-24
-13
11
25
9
-4
-14
-25
-7
-14
12
-14
-10
21
-3
-6
15
-18
-19
4
-6
8
-9
-25
-13
-23
32
7
-6
-1
-28
-12
4
-16
-6
-22
-20
-3
-31
-16
-8
-13
20
4
-31
0
17
9
-19
3
-2
6
-10
16
-20
1
-7
-6
-14
-21
-28
21
10
-4
7
9
-5
-27
-11
-2
11
-7
-3
2
1
-13
-24
0
-15
34
-10
-11
5
-4
-16
12
12
26
20
33
8
-13
-1
5
-14
2
0
0
-23
-1
7
25
23
27
26
21
0
-24
5
-2
-23
-6
-7
17
10
2
16
0
17
-29
-28
-28
-5
14
3
-17
-7
6
1
-5
5
-4
1
2
-44
-17
-16
16
-19
-9
9
-26
2
32
18
11
9
-21
4
-13
40
-13
-3
4
-17
-6
8
-12
-34
-1
-29
34
2
-3
-4
4
14
-37
6
15
-17
20
-10
38
23
11
-16
30
-10
13
9
4
-31
5
-19
9
9
-12
-5
-23
30
3
3
-5
9
-42
-11
-33
25
-13
19
-7
1
3
-5
-3
-12
-1
-15
-2
4
-11
-12
-7
15
-11
4
2
1
-13
8
1
-20
-14
0
3
-6
4
11
-11
13
10
17
-21
12
-27
-43
-6
-27
-19
17
3
-1
14
11
37
11
-2
18
-7
-4
-20
-10
-30
-10
-7
-10
-34
7
21
-8
12
17
8
11
16
-5
8
30
12
10
9
-23
4
-1
-9
7
-12
-39
-6
22
-8
-23
18
21
-35
-13
-16
-40
16
12
-19
-10
-1
9
4
-10
-3
22
14
-5
-9
24
7
4
-14
-19
15
3
-10
2
-10
-26
5
29
-17
13
-6
-10
5
-11
-23
22
20
14
-6
-24
20
17
11
-1
-20
6
11
-1
8
20
8
-16
26
5
-11
23
-2
-19
-5
8
24
12
12
-24
15
22
6
31
-35
-12
-8
-5
12
-28
6
22
6
19
-16
-13
16
-15
-25
2
12
-10
-4
15
16
-14
4
8
-15
34
-5
-36
-7
10
20
14
4
-17
25
-10
8
23
-30
13
35
-14
-3
4
-2
15
6
-33
-14
-2
3
7
14
-9
-2
9
-5
4
-15
-22
46
26
8
-34
-19
-33
-14
-18
-28
3
1
-2
-4
-10
-7
18
7
-6
-7
-21
3
-5
-6
15
24
21
-2
-22
-23
-25
-4
3
-8
-9
27
8
4
16
9
10
-5
20
-1
27
3
8
-3
-18
2
7
-9
18
-22
3
-4
-28
2
-8
-22
35
11
-7
24
-28
20
-8
13
-18
4
8
23
14
-12
18
37
-26
-15
14
18
-5
1
-14
0
6
6
2
-12
-6
34
30
-8
-32
-6
-21
-13
-24
-6
-9
-16
1
8
28
29
1
17
-36
6
0
-30
-5
-6
-3
15
-9
-5
23
1
-10
20
19
-2
-13
-8
45
3
1
-7
21
22
-10
-26
-8
1
-15
0
-14
-4
7
5
-11
-12
10
-4
6
10
-20
-35
21
16
-4
14
15
-8
15
17
4
33
14
13
-18
-2
-46
-21
-50
-9
20
5
5
13
-26
11
-35
18
-30
-20
-29
17
15
7
-14
-5
2
13
5
-9
4
-7
-13
11
-1
18
-14
-12
-21
0
-21
11
17
11
2
-16
3
26
-4
8
18
7
6
-4
-1
18
-22
-12
-1
-1
15
18
-27
15
-5
12
5
-20
4
10
5
6
18
-14
44
0
6
-4
-2
-6
-13
11
11
9
12
-3
-2
16
-9
-19
-1
-18
0
-25
12
10
-30
-10
-14
-32
29
-16
-23
2
0
-12
-21
37
-9
18
9
-5
-17
3
1
14
16
-9
-24
-39
-10
27
-16
-10
5
-7
-3
31
-17
0
-4
-5
-5
19
-9
-6
-2
10
-15
-1
-22
0
36
12
-25
28
-20
-2
3
6
7
20
11
-20
-10
-6
11
-2
17
18
-21
-3
9
-5
17
8
30
5
8
8
11
-23
0
-16
-6
-15
-14
-15
-12
-7
16
-15
-5
13
-1
4
-5
-1
-4
14
6
3
12
-24
7
28
10
3
7
-6
23
24
-16
8
-7
8
5
-2
-18
10
-8
-17
-7
-14
-7
-2
-10
-11
-6
2
-29
7
13
-7
-5
0
19
-1
-21
8
13
-1
9
27
19
5
-8
16
-9
-18
15
16
26
20
-2
3
19
19
-11
4
-4
6
-30
4
20
-5
-23
18
-1
-4
-12
-20
1
27
9
-5
-29
4
-4
6
27
-7
8
-11
7
-1
-5
4
-26
17
-3
1
16
-10
17
16
-21
-15
-3
-37
-2
15
1
-4
-17
20
-12
-8
-5
-3
3
17
2
-14
8
3
-13
-10
2
-18
-8
11
32
-4
8
19
-17
14
12
-20
7
10
4
-6
23
13
-5
-5
-5
-17
27
0
-4
-11
9
30
-24
-25
2
-4
9
0
5
5
-6
-22
3
-13
-7
-19
0
1
15
-1
-14
-9
-13
0
10
-2
-3
-16
-36
0
-9
-26
1
-14
0
27
-21
-19
-2
17
-1
-11
24
8
3
9
11
-7
21
-32
-16
-12
-8
-17
15
-1
3
1
0
20
-18
-2
-15
22
-4
15
-31
9
4
32
-18
1
-23
29
-13
-19
7
-7
12
9
16
21
-16
-9
-20
-7
-30
0
28
10
15
7
-5
24
-8
1
4
-8
11
8
-26
-11
33
6
12
5
-20
3
-10
-10
-15
-10
-8
-3
19
9
11
-7
-7
2
38
-4
-16
-30
-5
5
38
22
2
-10
22
-3
3
-9
24
-2
9
16
15
27
-9
0
5
31
22
3
-17
5
-7
-33
-17
3
-22
4
2
8
15
-15
18
-15
-23
2
4
7
-31
16
4
-9
-15
3
-10
0
0
-29
9
-5
-21
-20
-9
-14
6
-21
-24
3
-16
-26
5
-7
-18
10
-9
-10
15
7
12
2
9
2
-6
17
13
1
2
7
-13
-4
5
6
-19
0
-11
20
0
-9
-9
-12
1
6
28
7
12
-11
-8
-13
-14
-33
-17
4
8
-8
-24
18
-13
35
6
-15
35
4
13
6
4
-39
1
-5
8
7
-15
-16
-16
-9
6
-2
-25
10
-16
12
-23
21
-3
9
4
-34
1
10
-20
1
24
10
6
-14
-16
-8
27
21
5
2
-9
4
-9
-11
-9
-4
12
-7
7
-5
6
19
-36
28
-17
9
11
8
-8
3
3
-4
-9
-15
-13
23
6
-30
13
-6
19
-25
12
-14
-9
23
1
0
-31
-2
3
-3
2
16
3
10
-2
-13
-10
19
6
15
-14
-11
27
28
-8
20
18
-5
1
-30
5
3
-6
-9
19
-10
-17
2
-5
-21
11
-10
23
-7
13
5
12
16
11
5
-19
-2
16
2
-7
15
6
-23
-24
-25
-38
-14
12
4
17
-24
-10
-1
-3
21
-26
-16
24
-2
-3
-18
-29
-17
-6
1
-29
7
23
25
11
11
-16
13
-17
8
8
0
-7
11
7
-17
-5
7
28
13
14
21
32
0
6
-17
3
10
-2
17
19
-3
-14
-8
7
-4
20
-20
-10
11
9
8
15
-4
-10
-9
8
27
-8
29
-10
15
-53
8
-2
21
-12
15
-15
-3
-27
17
-21
-10
-6
14
16
31
30
-4
-4
-13
14
0
7
5
5
-4
36
0
11
22
6
0
-2
6
-14
7
-2
5
13
-3
18
-16
-6
-35
9
19
-15
-3
-6
5
-14
-11
-8
-9
-13
12
3
2
1
7
-9
0
-12
24
3
-6
20
-33
1
27
-6
-10
9
5
31
-19
7
-15
-4
1
-11
-32
2
-10
-9
17
25
-28
-7
1
-4
-2
0
6
11
14
-6
-11
-17
22
-8
-15
-9
-30
-38
4
0
-10
-6
-8
19
-12
-10
9
-9
39
-4
13
-6
-25
-10
9
-22
1
3
28
-1
-13
9
-28
-7
-15
-20
-1
-5
25
-13
35
-12
12
12
-6
2
31
-17
6
-19
2
-11
38
20
24
8
-13
-6
3
11
7
-9
10
-8
6
14
-34
20
-8
-9
-11
-6
-9
-7
-23
21
24
24
16
-5
