50 100 25
0 17
0 29
1 39
2 3
2 45
3 11
3 14
3 19
3 28
3 42
4 27
4 40
6 22
6 36
6 39
6 41
6 44
7 16
7 42
7 48
8 2
9 48
10 20
10 22
11 5
11 29
11 38
12 5
12 33
12 43
13 11
13 22
13 35
14 34
15 11
15 18
15 37
17 11
18 26
18 46
19 20
19 32
20 41
21 44
22 19
22 37
22 46
23 14
23 21
23 26
23 27
23 47
24 7
24 17
24 48
25 17
25 36
26 17
26 45
27 14
27 20
30 14
31 17
31 29
32 7
32 33
34 14
34 24
34 28
34 46
35 26
36 22
36 35
36 44
37 29
38 2
38 3
38 9
39 16
40 17
40 24
41 15
41 34
42 7
42 10
42 14
42 30
43 14
43 18
43 31
44 45
45 14
46 26
46 39
47 9
47 23
47 29
47 33
48 32
49 14
58
4
23
19
73
51
34
27
24
54
99
96
80
3
63
28
49
0
47
33
70
97
71
92
31
44
9
6
35
56
93
85
59
57
62
55
43
41
29
74
36
39
46
50
68
7
61
82
21
76
1
45
89
20
18
11
38
67
42
88
90
78
87
32
94
60
48
30
52
66
84
83
16
98
91
81
13
40
75
53
37
72
5
64
12
79
2
14
95
65
26
69
25
10
15
17
86
8
22
77
28
18
-13
-3
0
-40
-27
2
-19
14
32
2
-28
0
11
-13
31
7
32
0
-10
2
-52
28
-6
52
-2
-17
-1
-11
4
-9
-17
53
6
-14
9
-6
45
7
-14
15
-4
17
-25
-2
-23
7
-2
23
5
10
-22
9
-15
31
13
2
29
42
47
10
-44
-31
-15
39
-76
12
-13
30
-4
46
3
21
38
-11
-62
13
-34
14
3
-33
12
31
-4
-9
-34
43
-12
38
13
35
-32
18
1
37
-31
-44
7
11
-1
19
13
-11
30
-8
-9
-11
-25
-20
-5
6
22
-28
15
3
-20
-5
11
-18
-22
11
5
-12
-20
2
0
14
7
9
-45
14
20
7
22
-13
25
-25
29
-48
10
-36
0
28
26
-6
23
-12
-25
-2
-29
-19
-8
0
-1
-9
12
35
6
-14
-47
5
8
34
-5
-26
0
12
-8
-46
33
-39
34
15
1
23
-22
41
-3
-8
-13
-17
-19
-28
11
0
34
-20
-39
37
-29
1
25
27
-27
23
-8
-32
26
9
-11
0
-3
10
-8
6
-4
-53
25
39
4
13
28
40
15
20
-5
4
8
29
-17
38
-30
22
-35
-3
-38
20
21
-4
-1
39
42
16
3
0
5
-53
-46
-4
-1
29
-22
-26
26
-25
26
8
-33
-8
10
-17
37
-5
18
4
-7
-2
3
-12
2
-3
-27
9
83
-24
0
5
-33
10
6
24
10
-69
18
-55
-4
5
35
-26
20
-53
49
32
9
-52
-13
-45
-25
-33
-5
-1
20
34
23
7
-19
-27
-17
-13
5
13
-3
-5
3
52
-14
-10
-36
-17
-10
-1
17
21
-54
28
-16
-29
24
15
-1
-55
-12
11
-39
25
-35
-41
-12
33
3
24
9
-5
26
45
31
15
-24
24
-7
-5
0
-40
11
3
-46
25
-52
13
-7
-1
-7
4
-8
-23
41
34
44
-1
5
21
13
12
5
-9
-34
2
16
3
44
8
-9
-18
14
17
-35
-12
-29
-28
10
-27
15
-1
24
49
0
-8
62
6
2
12
-47
-7
-20
13
11
14
-3
24
0
53
57
17
0
4
-17
13
-11
8
-31
-21
-40
5
-24
8
-37
1
41
-2
-31
-11
4
29
-3
-7
-6
4
39
-2
-28
36
5
-31
9
18
3
-10
3
9
-42
31
-23
34
-6
18
-48
17
-11
20
-35
19
3
40
-11
-2
-10
-17
1
2
1
44
32
23
30
-13
-30
44
3
3
-22
-21
-19
19
18
-18
10
23
3
-11
-10
7
-8
2
-27
-36
-18
-39
-23
29
-37
36
50
54
10
-16
19
28
-44
-33
31
14
16
39
2
-16
5
23
14
-17
-14
-20
-29
-25
-13
-1
-10
-1
-19
-5
-13
8
-23
4
-15
-4
39
27
-33
-14
31
23
14
-9
26
-7
-2
-24
-5
-8
-11
-16
-21
37
-16
-25
23
3
44
14
-26
-23
-36
-7
-33
-64
-12
-19
8
15
-26
1
-10
5
-34
-26
-40
13
32
-20
67
1
-30
-15
-11
-5
-62
-13
-11
18
-13
-15
-20
-13
18
34
-8
-24
-26
-3
5
-28
-1
4
15
-24
0
28
-12
31
-6
-10
-44
-8
0
-27
-4
-2
-15
19
-4
-20
-48
6
12
19
18
31
-2
-24
4
-61
15
-45
-19
28
-17
-13
30
5
-37
0
50
1
43
20
34
-11
-39
-42
19
4
5
17
7
-7
-7
15
37
-16
24
13
42
-15
24
53
7
37
20
-3
-50
-3
21
4
6
-4
21
-11
-23
-7
-1
12
-53
-27
-25
18
-6
36
-25
-31
25
-12
-5
-2
27
1
-3
-2
-20
5
-5
-44
12
-11
-12
-4
0
0
29
18
-10
20
-13
-4
2
-24
4
10
28
12
-3
11
37
-5
26
-15
21
-1
-4
-14
7
31
19
-47
48
-26
-9
1
39
26
-14
37
27
-6
-10
30
42
3
-11
63
-17
-1
-34
-9
3
27
-9
-8
9
16
47
55
0
4
-15
4
8
-24
18
40
18
-3
-7
-16
32
-25
56
-7
-3
-22
-14
-13
22
61
-22
33
-10
-26
-10
3
-8
10
-20
-7
32
-32
-58
10
5
29
-13
2
28
-2
-30
23
-3
12
24
-6
-11
34
-6
23
-10
22
45
74
17
-18
-64
-1
1
0
4
29
-19
-2
-18
-37
-12
35
-7
1
-37
-7
-46
27
-12
22
5
-17
7
29
46
21
-12
-9
-8
1
-26
7
1
-40
-23
0
-14
-15
12
25
2
-6
27
-8
-12
7
13
35
-11
-36
-33
5
17
-47
-17
15
10
20
-20
69
-8
4
-26
-16
4
-48
14
-46
7
-17
-38
-18
-36
3
15
15
-3
-32
-3
5
11
-19
14
-11
-21
1
23
-39
-41
-7
30
-22
-19
-28
-10
57
-13
-29
11
23
24
-23
20
-15
33
-8
-14
3
-12
-46
-9
-17
9
-12
14
-10
-11
-23
32
-1
27
19
-19
3
23
14
8
-8
0
-3
-9
5
16
-69
10
20
-1
24
8
38
-7
14
-33
-20
-25
39
-10
-3
13
9
53
-26
13
-10
-39
11
-22
18
5
-8
-11
-40
10
1
21
-6
18
-35
15
32
19
25
-18
14
-6
-18
2
17
6
-43
-27
18
53
16
9
-11
9
5
38
-3
18
56
1
-18
-31
-17
-5
-5
22
-20
-16
7
-8
-7
5
25
-5
-18
31
-24
-3
-20
-56
-45
-34
22
18
22
16
-25
-66
-49
-70
-5
13
-5
18
39
50
-25
-10
-21
9
7
14
-30
-17
-42
1
-19
-29
-31
-2
26
7
-13
-14
-11
10
7
8
-55
-3
0
14
-28
-12
6
-1
-20
-4
-7
-26
-34
15
-58
40
-18
67
-14
-15
-51
-1
16
-5
18
-34
-6
-44
-3
-4
-35
31
39
30
-24
-3
6
6
-13
15
-20
39
-4
-14
-22
17
45
43
-8
4
22
14
-18
-27
-23
32
-7
-29
44
-18
-37
-9
-19
22
10
-43
-31
-20
3
-5
-24
-7
1
17
18
51
-18
16
-16
-11
54
21
11
45
-7
13
39
-37
-2
-17
9
26
-19
-22
-27
-28
44
11
33
54
5
-26
19
16
23
53
18
9
-6
8
-62
8
3
-48
27
20
-31
-21
-57
-29
-38
20
23
32
9
8
-19
10
-41
-38
-28
-47
4
20
-7
-20
-8
-58
3
37
7
0
-11
18
-36
24
39
-5
47
34
21
-15
-2
-8
11
-2
0
-25
-27
-36
6
-21
22
-1
-8
-14
14
39
-6
-10
5
-28
-31
7
14
-27
29
14
0
4
7
32
-10
45
-27
-8
18
-14
-40
-1
-5
-20
29
11
-3
-19
-1
36
7
-64
4
-12
15
15
7
-43
11
3
1
34
5
1
-5
32
20
-17
-31
22
-14
53
9
4
36
7
19
-28
-12
-29
-2
-9
4
-2
3
22
-8
-40
-36
-16
-44
4
31
-22
-19
-35
-16
4
-32
-31
6
-2
28
-26
62
-22
-7
-1
15
-38
32
-14
35
-15
13
-4
9
9
29
-6
-28
-1
5
1
11
12
-10
16
80
-8
30
-20
5
-16
42
-11
-1
-21
9
-20
-25
17
7
-7
11
-15
-4
-37
2
21
-34
1
6
9
3
3
31
10
-38
-8
8
-42
22
53
-23
-34
-30
44
22
-11
5
3
-5
-9
26
-23
29
-1
13
4
-46
-1
-26
2
1
-27
-34
0
-39
-39
-11
-24
-7
11
-26
17
-28
7
29
-13
-10
-27
16
-24
-6
-16
-37
-2
-34
-46
-13
-98
-41
5
12
29
-3
11
58
27
-10
-11
-25
-9
-8
-12
-40
-21
47
-35
14
3
-1
2
18
-7
3
7
-16
19
8
1
-38
-2
-15
-29
40
-25
-14
30
-13
-18
-16
12
13
3
-24
43
7
5
7
11
10
2
4
22
28
32
2
64
-11
-23
25
30
-1
16
33
24
27
-27
-33
22
18
-13
-24
-45
-8
25
-5
50
-36
-48
12
-33
-12
60
-18
-6
14
33
-4
28
26
46
-43
6
7
-23
-38
42
-12
6
1
5
13
17
10
-12
-17
15
17
44
-19
12
-10
6
-7
12
16
10
-36
-12
-31
-31
27
-10
-16
-21
29
5
-28
3
2
-19
5
6
29
-20
-19
-9
-7
-1
8
-13
-17
32
13
-40
29
25
8
21
21
47
-10
-8
26
-24
-6
-14
-5
23
-18
-27
10
-24
-1
23
1
61
2
-6
8
3
5
-43
7
0
10
44
-16
31
-12
0
23
-37
6
35
-5
-54
-26
15
19
24
-64
0
15
26
7
-58
20
-3
9
-59
-8
46
-15
15
-17
-31
26
5
31
-7
-3
7
19
-51
-15
21
-8
-27
-20
-28
23
-34
-7
-55
-25
-17
-35
73
16
-13
7
26
44
-23
2
31
-19
21
-19
37
-16
0
58
-1
7
-30
2
43
11
4
-15
-39
17
21
34
-26
18
-46
52
16
21
25
9
20
-23
7
-14
5
2
6
-45
-59
-22
-30
26
17
-46
-7
26
-7
27
1
-40
19
-10
-12
8
2
-9
55
4
26
-25
-18
25
11
-35
-1
-23
8
43
-27
7
18
11
26
28
-2
8
-26
17
-17
-39
-15
-18
23
-6
6
-10
-31
16
32
-14
17
-25
50
-1
-25
-40
3
-6
8
4
-19
10
-23
-26
2
-48
-17
23
-16
16
45
-11
38
27
-3
14
9
18
-16
10
-32
7
4
10
17
-32
-23
-12
-34
-12
-22
-25
8
1
11
0
-19
-26
0
19
2
-6
-9
-20
36
-38
64
6
-15
65
-20
0
1
-6
-1
41
-6
-34
34
-4
5
24
23
2
24
-38
42
4
33
-32
7
61
18
-23
57
-17
-17
1
-9
24
-36
20
5
-4
15
9
1
3
-45
-6
19
5
-44
7
-23
-10
64
20
0
32
-10
-30
-21
12
5
15
3
-8
17
32
47
-4
-3
16
1
32
19
16
50
-20
-34
-33
6
-13
4
26
-1
17
-16
-16
25
-5
6
-5
-2
1
-14
-49
7
-12
28
-2
14
14
-21
21
-13
0
9
31
-31
-3
1
19
-5
16
-21
36
10
63
-10
-11
47
-7
-19
-13
22
-30
-31
-11
29
79
-16
28
-37
13
37
-14
-31
-6
-27
-5
15
-36
10
-17
-25
25
53
-9
10
-17
3
44
3
-9
0
-23
-32
-18
-40
-2
-4
-37
-1
2
10
-9
-31
-31
-1
-12
2
12
-5
4
-10
55
3
-3
-25
-31
15
-17
-14
9
-7
-36
40
-10
1
-8
0
33
-36
29
22
25
29
-44
44
9
40
-13
25
-5
-27
4
23
35
-45
-13
-31
68
-5
-43
-13
40
24
44
-11
20
41
9
5
14
10
16
42
-13
51
41
-10
-25
-32
18
10
22
-17
-11
3
-7
-20
-14
-17
-38
22
43
-22
5
-3
-3
-17
4
27
46
31
26
7
-14
-14
27
2
-28
-28
-46
8
1
18
5
3
-48
17
9
4
-27
-40
0
4
23
13
31
-5
34
-8
-26
-54
-21
-9
-14
19
-34
-1
90
-23
-4
-10
-10
-15
-11
11
-24
22
-12
17
-33
4
-1
-40
-5
-19
-13
-11
-27
6
18
72
14
45
9
-30
-5
21
-44
-37
7
1
35
4
9
-9
15
-2
-27
4
-38
-34
-22
30
-31
-17
8
-30
-43
49
-11
18
-47
16
-3
16
-8
-39
7
44
46
32
6
-20
-10
2
16
-44
-3
5
11
-34
-23
10
-28
-21
3
-44
-35
10
50
62
40
-57
1
7
25
-20
34
-24
32
34
25
14
5
20
-6
10
33
-28
20
10
18
-39
8
-33
27
-3
-16
0
-9
17
-9
-1
-21
44
-20
-25
8
31
-5
6
-11
58
26
8
32
-24
-23
2
39
-31
5
13
-13
-25
-22
-7
1
-28
-2
-16
-31
5
2
-16
24
9
-10
22
-11
-2
-31
45
-12
56
28
8
-31
-46
24
28
-13
-39
-32
82
1
-7
-28
3
23
-32
18
-22
-28
19
-17
10
-7
26
35
17
-66
-29
-38
2
42
19
22
17
0
9
28
32
5
-2
-23
11
7
-9
13
-8
15
-2
-6
-22
27
14
4
-17
28
5
-3
-6
6
-10
17
-1
35
-6
-15
-22
-66
7
21
-40
36
-33
26
-44
-27
12
-6
23
-2
25
22
-41
-18
-8
27
18
-33
-27
9
-2
-38
-41
-1
39
-21
-4
17
-14
-27
28
22
6
23
-51
3
34
-7
-19
6
13
-8
-46
43
-24
14
-17
4
10
42
35
13
-29
4
-49
-49
17
7
-20
-8
-26
-37
-40
5
-54
12
-5
1
37
-9
-36
22
18
-23
-13
47
3
-26
-14
-4
10
26
29
-30
8
-6
-17
-47
37
-36
29
-7
18
-20
30
8
-38
-30
0
-42
-56
9
8
-19
24
-14
13
25
33
-4
15
60
-3
12
27
67
3
-14
-23
34
-9
-7
-8
25
8
-17
-3
-19
-31
25
1
-4
13
12
-4
-3
7
-36
-26
24
7
8
-36
12
23
-25
-1
3
-10
-30
5
8
27
23
9
21
-16
-55
-7
12
2
5
20
-36
9
12
1
31
9
21
9
41
40
14
31
26
-55
0
-32
-56
-18
39
-19
3
24
9
-37
44
10
-27
34
54
-4
-5
-32
31
-5
-12
-21
30
32
-18
6
15
-40
-20
-28
-16
-30
8
-12
25
-70
-5
17
-25
44
20
-1
-14
33
17
-3
14
3
29
-17
46
-65
-17
-1
0
4
8
-7
20
-25
-2
0
-28
-29
0
20
35
-44
8
-12
-66
-27
12
50
16
23
-1
18
-14
-21
14
-2
22
-8
-12
-28
-10
22
20
46
24
-11
10
-33
17
39
20
4
-18
17
-3
-56
10
27
-28
-42
20
-52
-7
-5
-13
42
-35
-5
0
7
4
-8
-38
-5
5
-3
-39
-11
-18
33
3
11
-27
-3
-31
23
-17
33
-47
7
7
-2
2
35
23
-16
-17
-8
37
-16
8
30
15
-46
-12
15
44
-47
-9
6
3
12
48
-37
-15
48
27
0
-10
17
-40
8
-12
18
-11
-20
-27
-20
-45
32
3
28
40
-2
20
58
0
-1
-6
-15
53
9
-63
11
23
-21
-15
-41
-5
-1
24
33
40
23
0
-58
-2
-13
-34
-20
-16
10
-11
-30
10
34
-18
6
20
-30
-8
4
15
-45
-10
43
14
12
12
-21
17
-56
-17
21
29
1
1
-60
20
-18
-40
-10
30
-14
-25
52
-36
-13
30
8
15
-24
15
22
14
47
-3
20
29
13
-26
24
0
-2
1
-43
-13
-11
9
-9
-6
17
28
28
-46
7
5
-35
6
34
-1
-15
14
-7
2
34
-30
-25
34
41
-3
-20
1
-24
24
11
-23
68
-7
9
23
26
10
-6
32
-14
-12
-10
-13
4
38
-19
3
16
-16
41
-30
-35
3
-33
29
-29
-45
10
-38
34
19
3
-20
-35
36
-17
-11
24
-31
-1
31
-26
14
-44
1
-1
8
24
-46
16
7
-5
-31
0
27
36
19
12
28
40
-6
13
9
40
-16
4
-16
26
-5
-27
-33
18
-21
9
13
-63
1
-18
52
18
16
3
23
21
4
13
-5
-22
-40
0
20
-7
21
24
-40
-10
74
11
-27
3
37
4
-12
-29
14
-31
-22
-18
-36
-4
-2
-11
18
-23
-42
-13
-18
-5
-2
13
12
6
5
-21
-13
-3
8
-15
-20
19
73
-32
11
26
8
-25
-23
-26
-13
-7
26
23
2
-28
-5
-9
-48
-5
-54
-34
-56
12
-34
11
3
-28
-34
15
6
11
12
44
32
28
9
-22
-6
2
-7
-2
40
15
-15
-31
13
-13
20
-6
-29
-23
0
1
7
-40
12
-36
22
-9
-9
19
-43
-15
-21
-9
-3
50
31
15
-5
-18
-16
-10
-13
40
1
-9
9
-6
27
48
-14
51
13
0
-6
-13
24
-20
0
-14
-32
-16
-8
-10
-4
18
-1
5
38
-28
-38
-18
-5
6
22
-16
16
17
17
7
-17
-3
10
21
-12
19
4
-57
11
-10
-21
7
-11
2
-18
-11
-18
9
-16
-11
33
24
13
-29
4
12
23
1
-4
-19
-44
9
41
-41
-13
5
56
1
-2
-6
11
29
18
11
-11
22
-12
4
-36
11
-1
23
-44
-3
-12
-22
-2
54
-24
0
-5
23
45
5
-3
-37
-4
-24
-51
-16
13
13
-3
-52
-5
-38
0
-44
16
2
15
9
-3
-14
32
-6
-14
-11
18
-19
-34
61
42
14
6
-9
-22
-6
55
-11
-33
-2
-18
4
26
-12
44
24
-1
22
-10
-20
-19
41
12
38
20
3
4
-12
18
5
17
-29
18
-40
13
5
-3
-9
21
-43
-44
3
14
9
-24
50
-9
35
-17
26
5
-11
30
-29
34
-54
-7
-10
10
1
-39
-3
-14
-25
18
-15
-19
16
27
-5
43
-23
-10
0
-6
-15
-12
-50
-11
14
-25
-1
48
-38
15
-30
22
-1
-26
-35
-1
15
7
5
-16
20
18
-22
50
22
23
10
47
14
23
1
-36
26
21
-26
32
-2
5
-2
-7
-25
-32
42
9
4
-24
54
-3
22
5
0
20
17
-8
7
11
-10
16
38
-11
4
-25
32
26
-27
14
33
47
36
-14
-26
-23
25
-4
17
22
-15
11
32
51
-12
-32
-17
-11
17
7
4
35
25
-10
-4
-26
11
14
25
24
-54
5
-22
-58
7
-35
12
-20
-1
-2
-16
-2
-2
-2
13
-12
16
3
8
21
-16
-13
2
-60
19
29
4
-25
-5
-1
12
-6
-37
-12
7
18
-21
2
-9
1
-27
5
21
-26
21
-10
-32
17
0
-16
-24
-5
2
-2
6
-11
-3
-21
-2
-2
-4
-15
2
9
-12
-16
9
10
10
-12
25
-25
-31
-22
30
-48
42
-69
-6
54
19
-19
-48
-54
20
4
25
-52
-1
10
34
30
-43
28
16
-15
20
5
32
40
2
19
-3
-26
38
10
-4
-33
4
2
-6
2
28
-19
12
-22
-25
3
6
-14
15
-9
-29
30
10
16
-1
-7
-16
-17
40
-67
-21
-28
-18
30
-9
21
-14
12
-18
-13
20
14
-7
-7
-7
52
20
24
9
17
18
30
-24
10
-39
23
-27
12
-33
-50
-23
-43
-1
16
12
54
11
-3
8
-1
-13
-12
-6
-1
8
11
17
-3
7
-16
-23
14
21
-50
28
-24
18
-8
-1
-40
-1
6
5
4
41
0
-33
34
-6
-33
-3
-10
-10
-41
-29
39
24
36
4
41
-42
32
14
11
7
19
13
-40
21
15
10
-11
-28
-18
31
19
37
-33
-19
41
25
-17
-12
25
-23
13
-15
-21
-1
-14
14
-19
-25
-16
-11
75
26
-34
26
42
32
-13
4
-44
1
-12
-21
21
5
-38
53
11
2
40
44
28
24
-12
-70
-20
-6
29
16
34
-12
-7
-62
2
-33
28
5
24
-16
24
-26
-10
34
37
-18
-23
-16
-26
4
19
5
-3
21
5
-61
-38
37
2
40
-25
-16
-2
-64
6
-3
-3
-8
17
-5
-28
-17
-30
-34
23
27
6
16
-44
13
-6
-13
-21
-13
-38
-54
-12
-25
1
14
1
14
-25
14
-28
12
18
32
20
15
24
-31
12
47
-2
-29
-5
-5
15
26
16
-40
4
-18
-10
-19
46
29
-1
-7
-22
-2
43
-4
11
12
-13
-17
2
-11
-10
14
3
-2
31
-13
3
34
63
19
23
-43
21
23
2
-27
42
19
-5
6
21
-30
66
-19
10
25
-23
21
18
-1
-1
-16
-5
14
-1
16
-10
0
34
64
-31
14
-13
-12
11
26
-13
11
-6
15
4
9
27
-55
-24
45
32
-18
24
26
59
0
-11
-3
-36
-10
0
-24
3
38
-41
34
-14
-6
20
-37
31
6
-28
9
-4
-6
1
-3
-25
-13
47
-20
35
-6
40
-8
7
9
15
-21
-6
-27
7
-19
-11
-9
-4
-32
-48
-2
14
1
16
17
-37
-21
-40
-20
13
-49
-26
9
-10
20
-10
-8
-23
19
51
54
44
-59
7
20
17
0
0
-12
7
11
-30
28
13
-29
21
-2
-5
26
29
-32
6
3
17
-25
-49
14
11
21
-47
-13
7
-6
-33
-3
-16
-16
-31
-3
2
11
7
1
-5
52
-27
-27
27
-17
19
-6
-17
-22
23
39
-15
3
-13
-14
3
-27
17
-17
-12
23
3
10
-10
-16
-8
24
-29
8
-1
15
-3
-44
9
-17
4
-31
-35
-7
44
-55
-28
5
77
16
-21
37
-14
0
0
15
23
11
21
16
0
-6
-15
-10
-8
10
-32
-10
0
36
45
15
-3
6
15
14
-31
28
12
35
18
-10
-5
50
14
-47
6
32
12
-8
16
-7
-11
-14
-37
5
44
-3
0
69
5
16
-25
-22
3
-38
-25
-27
33
11
19
-7
7
32
18
3
-44
36
-1
-11
-41
39
53
-18
6
57
31
-52
-17
27
-44
32
-71
3
-9
18
-3
-4
4
29
-12
-38
-37
43
-18
12
-46
59
19
23
-21
1
17
6
-6
13
14
-2
-13
-28
33
-75
-2
-31
-37
0
5
-36
6
7
-9
1
-7
-13
-46
-35
-37
-67
9
2
41
-4
16
-47
34
10
-9
32
23
39
-20
-26
4
25
-4
15
-19
-8
-35
-30
-45
13
24
-24
-29
35
-14
4
49
-6
10
50
-4
29
-22
5
25
-12
-34
-8
36
-26
12
-13
-15
17
20
-29
-25
18
25
9
17
-27
9
34
44
-16
-6
26
-23
-31
34
-5
19
12
10
32
33
30
34
-26
24
-20
0
-4
-26
14
-12
15
41
-6
1
-11
4
22
33
4
30
3
-33
-41
32
-7
14
-33
23
-6
22
14
12
22
58
-41
-3
11
-7
-10
38
10
4
15
-8
20
-14
-9
18
-2
2
2
-47
2
41
3
29
6
7
-21
-13
11
10
-32
13
1
33
22
-3
4
0
-13
19
10
-9
4
52
-15
8
10
4
5
-3
2
-19
24
-43
-5
-2
28
14
-6
34
21
-24
-50
16
29
-5
20
-16
-12
-3
-7
0
10
19
39
-10
-42
-27
-70
6
-14
3
-41
-2
-25
-2
-6
22
16
0
24
-22
-27
18
-8
1
59
40
-1
-3
-7
-1
0
0
-31
-12
-9
24
-13
17
-2
-1
-4
-23
50
-21
-8
-26
-58
23
25
-49
25
11
53
-13
15
-20
22
17
22
-46
31
3
-12
12
20
30
-10
-8
-39
-26
-19
-6
-11
-6
13
15
-14
37
-22
-3
-6
11
30
29
-5
11
8
-21
42
19
9
7
38
15
6
46
7
3
22
-45
-30
-9
-20
-24
-40
-20
73
34
-6
-13
2
-10
-15
19
45
2
20
-32
-6
-9
-3
-1
-23
1
-1
-35
4
33
13
-12
-7
-6
35
23
16
34
15
28
-13
-14
-31
-27
2
25
38
55
4
26
2
7
-21
10
37
14
16
-1
-1
-11
-43
27
-10
-43
-40
-1
-9
42
16
-38
-35
-30
14
-28
22
-21
18
-2
-17
28
-19
33
-5
17
35
4
15
-29
-11
26
27
-17
2
-23
-2
14
2
23
10
1
52
18
-8
9
-17
55
-10
23
-31
37
4
30
20
-37
-28
-4
19
-6
20
21
23
23
-40
-24
26
-10
36
-43
40
-19
12
-10
-7
8
19
-7
63
5
-41
-10
-14
-17
-15
-75
-8
-6
5
-1
12
1
-28
26
-9
-48
-18
-36
-7
-1
-1
26
-7
-16
-4
-17
18
2
13
40
-5
-10
-26
20
42
5
-27
-36
5
21
23
5
-41
-15
-2
-18
22
37
-14
-9
13
23
-3
-34
23
-13
-18
29
-14
33
5
-6
35
-16
28
-6
-7
-3
12
-25
9
34
-26
30
-35
-12
2
15
37
7
-21
-45
1
1
3
57
33
-19
-22
-19
-10
17
1
-2
17
26
-16
-25
7
13
0
-18
9
4
11
4
-14
-3
6
-14
-40
6
5
4
-10
18
19
19
-26
18
17
-24
15
19
55
65
29
-37
-25
1
-43
-50
-20
-13
-6
28
19
-37
-17
-7
-22
39
10
8
-24
22
-36
8
6
20
-18
-40
9
0
3
19
-4
-21
8
0
-9
-51
28
-5
24
-39
-7
16
-24
0
11
-6
-4
-11
-12
-3
11
30
-7
4
-16
17
-7
5
17
33
31
4
-37
21
-27
29
-23
-27
38
3
3
1
-28
1
8
4
33
15
35
17
-33
42
3
10
-4
-27
40
48
-15
-30
21
-1
-27
5
-15
7
20
-14
-24
16
10
-17
-45
-15
15
6
-12
-11
-32
26
6
30
32
2
-27
-34
-19
-4
-39
-18
-19
7
-37
26
0
13
-9
26
-6
13
28
34
18
-18
-12
13
-25
17
-14
5
-9
-17
-30
-53
-30
0
11
60
26
8
-13
66
26
5
13
4
-27
-3
-42
-47
40
13
57
-7
-5
1
-19
-19
-24
1
54
-11
51
7
9
-18
-51
23
8
17
27
9
-31
72
19
-18
19
-10
8
-24
-52
19
-32
26
9
14
5
-37
-12
32
48
-32
-7
-25
15
-19
19
-28
-11
21
-19
-4
4
-2
45
14
31
7
-9
9
-42
58
7
18
-21
-17
32
8
-2
-13
39
-18
-33
29
-2
18
25
21
10
-1
-12
-3
17
-23
22
-26
-13
2
-5
25
-21
-22
-3
-13
6
-18
-11
31
3
24
-33
-44
-20
29
43
13
-6
23
-33
30
-9
-14
35
13
-20
31
-19
11
5
4
-4
8
-30
-15
2
19
4
19
10
-18
31
46
-5
-4
47
25
9
61
42
5
-5
-34
2
-31
-12
37
-12
-18
0
16
5
-64
-27
-4
42
-16
-24
-21
-8
-21
-12
-3
-27
7
11
-16
42
-11
72
8
16
-21
59
-20
-13
55
23
-16
1
-63
24
21
-54
44
2
2
-7
3
-24
-17
-5
-6
18
24
-12
-61
14
-18
31
-4
13
29
-31
-6
1
16
30
-28
1
-23
-9
23
31
14
-4
-24
23
6
-15
27
19
6
26
-14
-10
27
-42
-18
-19
44
-56
0
-3
22
17
-5
-49
10
2
25
-19
-10
40
-4
37
5
1
-21
27
0
16
-14
7
27
-1
6
-12
31
-60
50
-15
-15
35
-6
0
-40
39
6
34
9
-46
13
-2
8
29
11
-13
-32
23
7
8
-15
26
-10
-10
-38
-7
30
-26
39
19
1
27
77
-35
10
-9
1
-14
5
13
-21
-30
7
-1
-22
-6
3
9
-20
-31
15
11
29
-5
-35
-3
-31
-10
-50
-29
23
-13
15
70
-26
10
26
-40
-33
-1
-11
-9
14
8
-20
9
-32
22
9
13
-12
9
12
23
34
12
6
-10
-15
1
-11
40
-21
-2
18
-8
16
-6
17
-34
15
20
-31
-23
27
6
10
-5
-21
17
47
-30
-50
36
-7
29
-3
1
12
3
-16
26
-15
34
75
-37
11
48
43
6
-23
-16
13
31
-11
-20
1
0
-48
-5
-28
1
3
-14
6
-3
23
8
4
22
-38
43
4
-8
9
-12
60
11
-9
-9
13
-1
-2
-37
2
31
-8
28
-10
24
-39
26
33
-16
52
-20
32
23
-73
-21
-16
-10
-10
2
-39
-27
-21
6
-54
34
-13
2
-8
3
0
-10
-7
16
-3
-31
8
-35
17
18
27
47
34
15
7
31
22
-30
-6
-4
46
22
-8
-7
7
15
-20
-30
20
-26
-7
-29
25
9
-10
0
-2
16
-15
-1
11
19
3
37
2
-7
-35
17
34
30
-22
-9
16
7
33
21
11
-29
-34
-1
21
23
-25
-17
-10
-7
-19
-14
16
13
7
32
-6
-20
5
-5
-19
-37
7
22
-12
43
4
37
-12
9
5
-44
-19
23
-4
-30
-53
11
-19
16
7
24
25
-10
48
-23
30
-4
9
28
2
5
38
-13
32
-4
48
-12
-19
-1
32
15
-13
-16
-39
25
-14
-18
32
-9
32
-13
-29
5
1
35
9
-7
42
10
-15
20
21
9
-11
10
-26
-35
16
30
24
-31
-11
6
10
7
55
23
10
-51
11
14
-27
30
-33
-10
-3
-6
4
-23
22
35
-25
-38
51
-50
-15
16
-15
8
-72
26
9
-19
22
-5
29
-21
39
8
-4
-10
-7
-47
21
42
-18
-22
32
-32
10
5
24
-34
2
14
-68
0
-5
48
10
-4
17
-10
-24
5
1
-29
-5
24
-16
37
26
21
-25
4
1
-5
-24
-4
-1
-12
-47
43
26
-27
5
-31
-52
-23
29
-8
31
-8
-27
37
12
-4
25
-3
-28
-60
-7
-8
38
23
11
-36
-21
18
-25
-12
-28
9
28
-21
6
-9
-30
-23
21
14
-22
21
34
-20
3
19
-19
7
17
49
25
4
-6
14
-29
-26
-16
0
-12
-33
-46
-29
5
57
-14
29
12
-4
14
-11
10
13
-23
22
1
-42
-11
5
-46
9
9
-25
18
32
-9
-32
-1
81
11
4
-6
14
29
31
10
-16
-16
12
39
34
-24
-4
-13
-2
-4
32
1
46
-25
3
-3
29
43
4
-26
-8
28
-13
-16
4
-8
16
-21
-72
19
22
70
-5
8
-29
7
-24
-18
-22
5
-7
-33
-42
0
-9
-12
-31
24
21
-1
-37
28
-27
-5
17
-9
-24
22
-9
-6
-23
-75
-47
-20
7
-9
19
-52
-47
-19
8
-37
9
10
9
-43
-14
-20
8
3
-2
6
33
-38
24
24
-54
7
-4
-22
-23
-25
5
-13
-58
1
3
-40
6
-16
19
0
-15
-40
-45
-8
-39
37
-8
25
-25
45
14
20
-11
-26
60
-9
4
-25
34
4
-11
-19
-27
-11
-37
-18
28
-31
-10
11
39
50
42
-16
10
27
22
4
-12
21
-17
37
-14
20
33
-7
-27
-47
-25
13
-25
-32
-29
29
-23
2
-9
-21
-28
16
-24
-22
-25
21
-33
22
54
-18
25
18
39
-36
-21
-6
45
0
4
-7
-3
-12
14
-4
2
8
46
19
49
19
11
-25
-24
-31
8
9
-27
10
-14
16
9
24
-2
-7
9
7
3
-28
2
-1
-54
23
44
20
54
35
33
22
-24
11
30
14
-23
-8
4
31
-32
24
34
19
12
17
-12
6
16
-16
3
-49
25
-9
-60
-20
-6
3
13
14
-24
19
-13
-11
-13
10
-2
-27
1
62
-10
0
14
26
15
65
-26
13
18
-2
12
2
-8
-1
25
-1
-22
-16
19
39
-23
-52
55
27
-6
1
-2
-29
-24
10
-45
-20
-3
15
21
18
-13
2
-10
-21
-15
25
-2
-15
17
19
8
0
-43
-26
-18
4
11
-33
42
-7
-7
10
15
4
7
13
9
22
-31
38
-13
17
-13
-28
-13
23
2
-19
-1
2
17
-31
-1
5
-12
-11
-42
-23
23
-54
-6
-17
31
18
-13
24
43
39
21
-4
-12
-21
1
-6
-12
47
6
6
-55
4
27
-6
-28
-5
-19
-17
-40
35
19
-10
23
11
-2
-13
-17
-1
2
-28
-25
5
45
50
-22
-12
-18
-3
2
1
-41
-14
35
18
-12
30
8
12
12
-6
32
-6
0
24
-16
1
20
5
45
-24
36
17
3
-41
5
23
-11
-12
26
-7
-24
-10
-71
-18
-20
35
-7
-12
19
7
15
20
85
-5
8
-20
-32
-10
9
18
1
-14
-3
-30
37
0
41
-18
29
-28
68
22
-41
15
-45
34
5
-19
-75
-5
-22
2
3
16
-34
-8
14
16
-5
-7
-1
-17
9
-10
-30
-4
-11
1
-16
15
-83
17
7
-7
-13
18
39
-49
62
-5
-20
10
-2
34
-16
30
9
-49
8
7
-18
7
-71
-17
10
15
-33
35
-14
14
-67
-34
13
-17
20
17
27
0
-39
-8
13
21
12
40
-2
-30
-26
-5
9
6
-1
-43
-12
-4
-20
6
-8
14
40
-16
2
-21
-35
30
-27
35
6
10
-24
13
29
14
-32
-14
32
3
32
-80
-9
-28
-11
7
62
-8
-6
-56
-5
11
45
6
4
-40
-31
1
-18
20
-49
13
11
-4
-11
-10
47
-9
-34
4
2
18
6
-22
1
-19
49
0
-24
-13
46
-32
-10
-14
-14
-1
5
6
30
-12
23
33
1
-33
-41
4
-8
12
9
-30
15
9
12
-17
13
20
51
9
53
14
29
24
14
-18
-4
-9
26
12
-20
-14
-14
-20
-19
35
-26
-14
-16
7
8
24
-11
30
27
9
23
-22
-10
26
0
-11
-22
-20
29
50
-11
-23
16
18
38
43
-15
-5
11
-20
-3
1
47
-6
2
35
3
-11
-35
-30
41
29
39
23
-8
1
-23
8
11
17
51
-30
-36
28
20
5
52
27
14
-68
-3
11
44
28
2
-30
19
-8
20
-23
18
-1
12
12
10
-24
-25
38
-11
41
-13
11
21
-52
1
10
-21
-5
-5
35
-34
0
0
14
7
8
-6
-43
11
-12
9
-10
-10
0
-3
9
-7
29
-34
34
12
11
-14
4
-7
12
22
3
12
-27
4
59
18
4
-26
12
14
1
7
21
0
19
-28
-20
-5
8
11
-12
-16
-51
-15
-7
-24
30
24
-29
8
29
13
-35
12
2
20
-18
18
-17
-1
75
-12
-5
37
3
24
33
-53
-32
-2
2
1
-13
-7
-13
-23
-41
-20
-7
18
-5
14
-6
-16
11
-19
4
16
-33
27
20
-1
23
-5
10
26
19
-16
52
-6
24
-16
-18
36
-11
41
3
-16
-43
6
-10
-5
-2
28
5
19
2
7
9
12
-54
33
-6
-18
-25
-34
-13
-26
22
8
-49
-12
-3
26
-37
-22
9
-23
52
-21
-29
2
12
19
-31
20
34
-2
-38
15
-14
17
-3
-16
9
5
-32
42
-47
-2
35
5
55
24
-17
7
27
-16
-7
3
-2
-4
-6
-24
-32
-10
3
17
9
-3
36
27
-3
-14
8
50
6
-6
32
-16
63
41
25
-12
2
-8
10
-27
-34
33
31
-35
-44
-17
46
-13
32
36
-7
3
26
-3
-44
-24
-27
39
-2
22
-18
43
-8
-13
-14
-51
-31
-21
37
-6
-63
-11
-13
-16
-17
-31
-6
-4
10
0
19
-40
29
18
-25
43
-1
-39
-13
12
-17
1
-5
-4
-35
17
38
-64
34
30
34
-30
-8
-60
-7
-20
-20
12
16
-8
3
-19
-46
-4
-20
13
2
-2
-9
11
-32
15
8
26
5
-2
41
10
1
-5
-16
17
27
-11
-2
7
-16
-14
40
46
-30
-30
-34
-1
-14
42
-10
-23
33
-39
14
-1
19
-36
6
34
-49
68
18
19
-26
27
15
26
3
-54
-5
36
-3
24
-12
33
10
0
49
51
61
-11
-7
9
21
-8
-8
2
-19
25
15
22
-8
11
-2
8
-6
7
9
10
-33
-38
-3
-26
19
23
-20
-15
-20
-5
-26
-25
12
1
8
20
-6
-6
-3
-39
27
16
6
-15
-36
15
1
-39
-42
-8
-15
-4
-9
45
-22
2
8
29
23
19
23
-21
0
10
37
-36
-54
-14
-3
-22
-18
5
51
-19
-33
-14
4
-7
-7
-13
-10
-46
-30
7
-32
-45
42
-19
19
14
-11
29
-25
-15
68
19
3
65
0
9
17
-12
-11
-4
7
-6
39
-7
18
15
32
-32
-13
-28
-47
-12
-1
30
-12
-1
1
12
13
-14
-21
-18
-14
3
30
6
31
35
62
5
0
3
66
18
-7
7
16
-52
13
-6
-34
-24
19
-82
5
15
-4
36
-11
36
-28
-9
-28
32
-32
27
4
19
16
-17
-24
-44
3
-20
-15
-14
-7
-2
-17
-31
27
-10
-7
-15
-22
-13
18
48
18
-9
-1
15
-42
-1
-35
-28
34
-31
0
-13
-9
-6
3
-20
-39
28
2
-30
2
-29
31
13
20
-7
3
-2
6
20
10
29
-24
6
-26
2
1
16
48
22
14
-9
0
13
-33
-41
20
-33
-11
-27
-20
-48
7
-22
29
-19
-15
-1
-6
14
-7
11
-2
-22
-7
-23
-11
1
-43
10
18
-28
-22
-37
21
-58
24
-7
14
35
29
-30
3
-7
23
-23
58
10
-6
-40
7
2
-41
-50
-16
-15
15
35
20
6
3
-5
33
1
-21
-4
-11
-14
-3
18
-1
24
-45
55
0
-18
43
27
-22
-31
14
-14
35
35
-17
-25
-12
-22
-11
35
10
22
-18
3
-13
-15
-17
-34
-3
14
-33
-12
-2
22
19
-12
32
6
16
15
8
23
12
-26
-35
-20
-2
32
19
-45
27
-41
8
-16
45
5
1
-6
25
6
-16
28
-4
-2
4
-3
-33
-7
23
10
-17
11
5
-23
8
6
30
-4
9
11
-24
21
30
-18
13
-1
49
7
7
-28
-16
56
-63
-22
-11
38
27
-24
10
-9
57
5
-8
33
19
-21
8
-20
8
16
4
-1
-23
-5
21
21
27
27
-15
5
-15
-6
-40
18
27
9
-11
3
-4
11
-24
31
7
37
29
-59
3
25
-15
-25
-9
-34
13
-25
-10
6
3
-6
-17
17
-50
2
45
-56
-8
36
-25
-39
-4
16
-5
-9
2
-11
-6
-12
62
27
20
11
-20
18
29
6
-40
-18
32
-66
27
48
-17
14
-26
7
-3
-29
-13
18
39
24
-12
17
1
-3
-81
13
-13
-22
14
-16
-18
16
11
-35
-21
8
-34
-68
39
2
-30
-14
-53
80
-30
-35
-21
28
-53
-29
-24
-2
58
25
31
-8
19
-11
-9
-18
-18
26
4
-49
1
14
-22
16
-3
10
32
-29
-2
-56
-6
-27
12
-17
16
14
27
-12
-28
-13
4
15
-43
-10
-25
0
3
16
-27
28
-44
-29
-56
35
-3
38
-15
10
21
-14
15
10
7
-4
-24
-28
20
-23
-21
12
15
37
-6
-31
2
21
4
-42
43
19
-45
-31
-18
-11
47
11
-6
-44
5
17
1
13
-14
34
8
23
23
2
4
4
28
8
-22
21
-4
3
46
11
-17
-14
-23
2
14
20
1
17
-19
-21
-16
-19
7
-40
-23
-27
-29
32
32
-78
-13
-20
-93
-14
-32
28
-2
2
17
-12
34
5
40
-19
-24
6
28
28
25
19
-25
19
21
48
-25
15
25
29
62
18
35
-2
-1
-46
56
25
-64
-25
-6
-14
49
34
0
0
20
-3
-34
-11
-4
17
12
-39
33
-43
3
13
-24
7
-9
-16
-23
-21
22
-13
-31
17
-8
29
4
-16
-8
17
-4
-7
61
2
16
34
24
-42
24
-14
8
-8
25
-12
-65
27
-28
-4
-56
10
-6
6
-11
10
15
54
55
26
10
-5
-40
30
10
22
-11
2
-36
36
7
-8
-14
31
7
-3
-4
-1
-17
36
-22
-23
1
-36
-39
0
-7
16
-21
27
-6
-30
-14
35
-19
-39
-15
40
16
43
-15
9
0
6
68
5
4
25
-21
-8
-45
-28
-18
8
19
-3
8
10
-17
-6
-14
-29
9
-26
-30
13
-10
3
-7
-47
-14
22
3
-33
-27
18
-48
10
-34
6
-7
15
-6
-22
6
5
3
25
24
-2
-13
-19
-36
22
21
-15
9
-15
-8
18
-10
34
-12
3
53
-22
-4
10
-52
53
-13
10
-30
-25
14
-9
-25
-29
30
0
-6
26
-36
19
19
9
-35
26
-17
20
-10
16
20
-13
6
21
-9
-31
4
29
-3
6
20
3
55
-17
33
-2
-23
40
9
61
-7
-24
-1
-49
33
-11
38
40
-51
34
41
-1
-8
-4
-47
28
-15
0
-8
23
-5
8
27
-19
26
31
-17
9
-32
-38
-17
-16
-57
12
-11
-6
28
27
4
-6
-29
13
23
3
30
21
-4
9
-5
-5
2
-15
44
47
-28
13
2
12
-19
-16
25
-35
24
5
18
-6
45
-14
-60
-36
19
-14
-21
-32
18
20
38
-11
-14
24
3
20
-48
14
10
4
13
-10
25
-3
2
21
13
-45
1
20
24
10
-31
-17
-14
30
23
3
-19
-14
-26
-22
29
-27
0
33
52
-1
-8
11
-11
-16
-17
13
-11
-7
-21
17
8
34
12
-37
31
-22
20
20
-35
-32
-1
6
-14
-34
14
-7
-6
-35
-4
-36
8
-20
-30
-10
-22
26
-24
18
8
-11
34
5
-2
24
26
31
-16
43
37
10
-1
57
12
26
46
-6
9
-2
8
-26
-8
-6
-1
28
-15
24
-3
17
-17
11
-11
-15
20
-11
-7
2
-20
-34
11
-14
-30
16
-11
2
-6
47
-17
-57
-8
-1
-2
-49
-16
21
22
-6
57
-8
21
-11
-2
-23
19
25
38
-40
17
-11
35
1
-13
-22
-4
14
23
14
9
-26
5
-9
-2
-9
-31
-17
21
26
-18
-19
-5
66
-9
-16
-13
-19
47
42
8
59
-30
-17
26
-40
-17
53
-18
-27
53
-50
29
-5
-15
24
-21
-12
-10
30
10
2
-27
11
-4
0
49
18
0
-22
-20
28
16
33
-18
-6
22
9
-42
6
6
14
4
2
-31
-15
23
-8
-8
15
-1
-46
-33
-16
25
-47
-24
-8
-2
-21
-15
-6
-37
64
-4
21
-60
-7
-27
-8
36
43
18
-8
-15
-2
15
18
7
-57
35
-45
13
-10
33
-18
-20
9
-45
-11
32
-22
-21
9
-8
5
-4
0
73
23
16
-25
17
-24
31
-17
-12
-14
-36
26
-7
-46
-29
-2
23
-33
13
27
-42
27
-7
31
-19
23
23
19
-15
44
36
19
-4
-5
-2
7
-6
26
5
4
-17
-9
39
51
-24
9
14
-12
-8
16
26
33
-10
0
17
26
-5
-41
2
38
-33
21
-3
16
-17
-5
17
9
-20
-18
-35
-1
-21
31
-13
29
41
-16
-30
-12
-10
17
-32
21
-40
55
46
-6
-2
-25
2
-24
-1
-21
5
1
-15
-52
-7
-26
26
-12
31
33
0
10
-23
-19
11
-29
-45
-18
18
-2
10
27
-24
-19
1
7
-76
-10
-8
13
6
25
81
-25
-10
46
9
-19
8
45
15
-12
-4
-15
-36
24
-9
-18
-13
-25
9
43
-50
-10
-54
-5
2
-7
-17
11
-27
-21
-29
-21
-9
10
5
-31
6
-15
3
-26
5
-2
-22
5
24
50
-14
4
-3
10
-6
33
-22
12
-51
-5
-23
-5
-22
-4
5
-42
33
42
-8
-3
-12
-17
-16
38
-29
18
15
3
-1
29
19
4
12
21
-20
14
29
-1
-17
-33
-23
-12
13
6
25
-22
-9
5
12
-11
-1
15
-4
-25
-13
10
-45
-10
-24
5
-9
10
-10
1
26
48
32
-3
-34
-16
24
36
23
-28
0
-60
31
-14
-11
-16
44
33
6
-22
-13
6
-29
1
7
-38
23
-17
45
-41
-19
12
7
18
-20
-29
-39
-4
-39
18
16
12
-2
-11
30
-6
-45
-41
-7
-17
48
58
-21
10
-56
-9
10
59
-26
0
54
51
-34
27
6
-23
-14
-1
71
-8
29
9
47
49
-1
5
-27
15
-28
42
-34
-9
-10
-7
-27
40
-29
6
45
-17
18
-1
-4
-38
28
9
34
4
17
-4
-30
5
-22
14
-24
48
-14
-12
-20
0
-10
38
-24
-21
31
28
-3
21
4
5
28
-26
11
-16
-49
21
-27
-11
16
-69
-2
0
13
6
-20
14
38
1
25
1
-56
-20
17
-13
45
-20
-44
13
-13
-63
-11
14
9
-1
-14
30
13
37
11
-19
-8
6
33
-47
-5
42
-1
20
4
20
-14
14
-63
46
6
-16
-30
-50
-18
31
40
27
-9
31
-39
-3
4
25
-37
20
-12
4
-47
14
-35
-23
4
-24
35
10
1
27
-26
8
9
-23
-18
32
-59
8
-30
20
-36
-13
32
28
42
5
-1
6
26
-21
8
17
20
-7
17
-15
-17
27
26
-19
-25
27
13
6
10
-14
-4
21
-24
5
14
-10
-78
20
27
4
-7
-24
11
27
-43
-18
14
48
22
-14
-42
-11
30
-9
-5
21
11
24
-5
-20
-28
-12
3
-13
12
-28
-37
-11
-16
29
34
14
-11
-26
2
-17
18
-19
-2
7
-27
22
23
17
-21
3
10
12
-19
29
3
13
40
15
-42
12
-12
27
-27
27
-20
3
16
-13
33
10
15
2
74
15
-28
0
27
7
16
10
22
10
-37
-6
22
32
6
-4
-7
30
56
-20
-27
-54
6
23
-8
-7
-20
3
-17
-12
17
0
-31
25
-7
56
-11
-17
1
3
-23
-43
3
-8
-25
-12
-9
-37
-15
-14
-37
60
-6
22
1
2
33
14
-19
-20
3
-16
-27
34
-36
34
-3
12
2
-39
-25
-5
-9
-50
0
21
22
2
44
-12
21
-9
-7
-18
25
-5
-32
-15
64
-5
-1
9
-20
-9
-21
-19
18
7
-18
5
35
15
0
-2
-16
-18
-7
33
-30
-3
-1
-42
20
12
6
-19
-39
-9
4
-33
-18
-10
22
35
-7
6
26
19
14
4
2
16
38
-32
-21
-61
31
-8
-9
-8
21
31
-13
-33
-27
36
30
-8
26
-19
21
35
33
57
0
-30
10
-3
-36
-17
-16
-25
21
8
-7
-18
1
-7
-13
14
-12
11
2
43
-4
52
6
40
31
-29
-6
-17
16
1
19
-40
-2
-11
-21
-7
-21
-22
61
-27
-6
30
23
11
3
38
37
3
-29
8
20
-7
-42
33
-1
14
-26
8
16
13
27
-20
-17
-4
-10
0
8
16
-23
12
5
-9
16
9
5
0
-31
-21
41
-27
-21
-29
16
26
-38
-32
8
-37
52
8
5
4
17
-2
-3
-11
5
23
-1
-45
10
-24
-8
21
-57
-52
-5
41
-44
13
1
6
26
-15
23
-8
18
27
29
-41
-6
34
35
-19
0
-55
-14
3
-39
3
-38
-24
4
7
-13
-14
-24
-17
44
-10
39
-11
7
-16
-31
-26
-18
-43
-2
-22
5
65
9
-14
-41
9
-38
-24
-6
12
-8
-15
6
-3
22
-16
-51
14
-3
-2
35
-3
50
32
29
-24
-10
1
-8
6
-1
-12
22
-12
27
8
-1
1
-28
30
-24
22
2
33
24
9
9
16
31
39
10
-12
1
23
28
8
-6
-42
-5
-16
-21
-32
-26
-65
-27
-11
16
1
-3
-21
-39
-7
-3
-59
-27
49
2
-1
7
3
30
39
-10
13
29
16
25
-15
-22
10
-22
-9
4
14
11
9
3
1
21
-10
6
16
9
-28
28
-16
4
12
10
9
-7
-35
-17
-34
-4
0
1
-3
10
1
15
-18
-29
-6
33
-9
-23
-53
-27
34
23
36
17
-56
-9
3
26
13
-19
-12
25
10
-28
-17
-45
21
-5
45
4
36
10
9
5
50
5
-10
-2
-5
-8
22
-32
29
19
-29
10
-72
-8
-32
1
-7
35
-3
-19
21
28
-14
26
-10
42
7
29
-20
-25
-7
-19
-6
-57
-30
-5
39
-9
46
21
-4
31
23
18
-3
-26
-38
-22
-35
-12
-61
-33
2
16
31
2
-37
-20
-8
10
43
-5
-27
10
60
-18
-38
6
-49
-35
-2
17
46
-44
-7
-16
8
-29
26
59
-10
-8
4
-30
-19
14
-6
37
-25
6
25
2
6
6
6
-58
7
9
47
-9
5
-16
27
48
2
-9
-7
-20
-23
-7
-40
-15
16
32
22
3
36
-13
7
14
3
-4
47
12
-37
27
5
-2
17
-17
22
-1
-26
2
-2
-3
12
-35
-19
-7
2
-34
11
25
16
11
-42
-3
-40
-11
-36
-2
0
-19
11
-10
27
-33
46
42
0
29
-14
-6
-2
-48
-4
23
3
26
5
15
-26
23
-33
-15
-4
21
-4
13
-8
37
48
-9
7
13
11
23
-4
21
16
-58
-10
-46
41
0
40
9
23
-43
10
-16
-10
-20
48
14
-18
-10
0
-6
-10
5
-22
-30
-19
1
25
12
-3
13
-7
-25
-18
-23
29
-3
15
1
3
29
40
-19
-40
-7
31
7
25
6
0
33
-38
-33
-43
-21
-40
10
3
-3
0
8
80
27
-18
21
6
-16
0
-32
20
-7
9
3
17
-36
-30
-1
-12
33
28
11
-13
18
-3
-2
-2
28
40
-29
-39
15
-16
15
0
-35
-23
-42
-6
-9
11
-2
-14
7
-15
59
-50
2
-14
-16
31
-11
-6
-11
28
-32
11
32
9
14
-2
-31
7
-36
-3
-27
-16
-33
-61
-10
27
-24
9
-61
10
-8
10
-48
-10
51
48
-13
4
-20
11
-38
52
25
33
-8
24
-18
-18
-26
11
48
-3
16
-4
10
-23
-2
8
6
-12
39
-30
0
-23
17
-12
9
20
20
-4
26
26
-46
-11
8
-3
-33
48
21
41
-6
-5
39
-12
17
33
38
0
4
-3
20
11
5
-29
10
4
0
-31
18
21
10
17
36
-30
5
21
8
-17
-6
-24
-5
-18
-10
-2
-13
30
-22
6
58
-44
-1
17
-17
-32
-29
-14
-1
-3
-24
-12
29
-45
15
-6
-39
51
3
-17
13
-51
-1
-7
-60
21
28
-23
0
-31
-8
-6
5
28
-10
1
-13
4
-27
10
-12
48
-8
20
-23
-33
-4
-16
3
5
-36
23
-38
30
-3
-43
6
-4
3
23
12
56
2
-16
1
9
-6
23
-19
26
30
-17
-19
-22
2
-14
-3
1
-50
-8
40
26
-6
28
-5
19
-26
2
-34
4
26
49
-29
-16
-8
12
38
38
32
15
-11
8
6
20
19
-59
-15
-23
6
-4
42
28
3
-32
-20
20
-10
-16
-16
44
-7
28
-7
-18
-41
-42
2
-6
-4
24
19
-7
12
-15
57
-25
32
6
26
-34
-15
-10
-41
10
11
6
49
10
14
-2
33
33
-22
-24
-20
19
79
13
6
-23
-47
14
-18
-12
-25
-15
0
30
3
-32
-24
-8
2
-35
42
-66
-11
29
18
15
13
-26
48
-23
11
-1
-21
-37
41
-27
14
7
22
36
-16
-33
34
-17
-9
-46
-12
8
-17
-12
-17
54
10
4
4
5
8
-26
18
2
22
14
35
-13
4
6
33
13
-35
7
26
-6
-36
-1
-37
-1
14
35
26
-15
50
0
54
-10
-18
-8
-16
-6
-5
-12
3
-31
-19
-21
15
-63
3
-12
1
1
-32
19
-14
-15
2
19
-22
5
-8
-23
-28
-35
26
-37
31
5
-6
0
7
-25
-17
-2
-36
-30
2
23
-26
60
-21
-5
38
12
2
-8
-27
26
-15
-44
8
7
-6
32
-52
22
-12
4
42
-26
-3
-29
5
-19
2
18
39
2
0
14
-9
19
-10
21
16
-39
25
13
28
-11
22
-20
-3
-31
-44
15
24
-26
-25
25
14
11
29
16
0
-17
14
33
-40
-29
22
-16
-52
16
-13
31
-13
-4
-33
21
55
-42
-10
2
55
47
-10
33
31
-50
-23
34
-7
35
-9
-71
-21
34
-31
-25
-39
-32
-8
-8
-13
10
17
31
55
-27
-1
5
23
47
-35
25
-13
-49
-6
-8
-39
18
-22
11
2
12
-21
13
8
-13
-25
-44
-29
39
-10
60
22
25
-10
4
-6
4
-6
-9
3
5
18
-3
39
8
-64
37
21
-42
-10
-18
-14
-1
7
39
-37
20
16
2
2
-7
26
28
8
7
19
1
24
-13
15
24
-24
0
-4
-5
4
-39
-1
-3
15
17
-20
6
1
6
48
5
3
10
-65
-21
-18
-29
28
-25
-11
9
-11
10
-5
42
44
36
-1
-8
32
-50
-25
-18
-53
-8
-23
10
3
27
-15
6
-11
24
29
-33
-21
-20
54
20
-10
-11
51
1
-13
7
49
-42
21
-2
31
2
-24
-12
22
2
23
-18
6
31
-2
-5
28
-1
-38
-19
-2
-22
7
-14
30
-5
28
9
2
8
25
-10
0
-7
4
-15
-10
-19
-37
-8
-14
-47
-2
-42
-9
1
-17
-21
29
1
-10
8
11
-9
84
-4
-20
-16
3
41
-27
-52
-21
-8
-39
6
46
-17
11
-18
10
-1
12
-39
19
-27
-5
24
-8
-13
-2
-9
-30
-17
17
8
7
-35
-2
-51
-4
4
25
-17
12
-12
-19
-3
2
32
28
-37
5
-13
14
-14
-74
-40
43
-6
-28
20
-11
14
-32
21
23
9
-22
13
-47
-26
-16
-31
11
-19
-8
19
-43
15
-10
23
3
54
-9
-40
-24
39
-17
-18
-3
8
25
26
-7
-20
-11
1
12
-27
-9
4
23
6
1
-29
-7
-11
24
8
37
-6
24
-24
-23
-2
-40
-8
39
-16
23
-16
-56
-19
-29
5
53
-22
-16
-19
-46
8
-24
10
-63
-7
1
21
-5
-5
-19
-36
31
-14
-13
-17
-40
-10
-10
13
3
16
-33
-29
7
29
-12
9
19
-13
14
-11
-41
1
31
11
-43
21
2
38
46
6
3
40
-19
-11
5
-11
-28
-4
39
36
17
61
8
-13
-25
0
-42
4
-13
32
24
41
31
38
28
-28
40
15
5
5
-26
9
36
-28
14
26
16
-19
59
-25
20
-18
30
23
2
-50
2
24
19
-20
19
96
28
20
29
-7
-21
-20
19
8
-1
37
-4
23
-7
