50 100 49
1 10
2 14
2 28
2 29
3 8
3 18
3 23
3 24
4 11
4 15
4 43
5 6
5 20
6 0
6 21
6 39
7 12
8 31
8 37
9 13
9 36
9 49
10 20
10 37
10 44
11 16
11 42
12 5
12 28
13 14
14 8
16 46
17 17
17 23
17 25
17 29
17 31
17 33
18 3
18 11
18 49
19 16
19 24
19 34
20 39
21 11
21 29
21 30
22 3
24 33
25 3
25 32
26 16
26 18
27 26
27 44
28 12
29 8
29 12
29 23
29 42
29 49
31 11
31 23
31 30
32 32
32 44
32 45
33 14
33 39
34 3
34 9
34 33
35 6
35 23
36 19
38 8
39 13
39 28
39 30
39 36
40 19
41 10
41 22
41 34
41 37
42 13
42 35
42 38
43 12
44 2
44 12
44 15
45 7
46 9
46 46
46 47
47 1
47 17
48 3
94
59
4
77
32
56
54
69
93
84
18
13
78
70
35
21
46
41
8
68
12
28
50
92
47
61
79
33
36
80
29
75
51
20
42
30
67
11
25
62
38
65
23
5
96
49
9
1
63
24
3
45
60
73
27
6
0
7
19
40
17
64
15
71
74
44
88
57
53
72
83
86
34
82
99
85
14
81
87
58
10
90
52
2
91
26
97
22
55
37
43
31
39
48
98
76
16
66
89
95
-61
-5
-23
24
-67
4
2
53
-62
-10
-57
-16
71
16
-81
-35
-17
73
-30
-59
-79
61
17
-28
55
-6
-26
-33
-22
74
-43
29
32
-7
14
-6
-48
7
-20
-46
11
36
-21
46
-35
72
-58
-79
-33
42
-28
1
-95
-16
-47
-43
-95
0
-28
8
11
-19
-35
-13
25
6
-11
-43
-46
-28
51
6
6
55
-41
-7
0
22
-15
-42
25
-22
29
15
-59
-40
-2
34
-48
-53
-3
65
-77
36
-112
-7
-34
-24
30
13
49
67
64
-11
-68
109
-31
39
-55
75
37
0
-38
12
3
-55
10
-30
-18
-63
-70
7
-80
162
39
-16
-9
61
-15
36
-54
2
-65
5
65
63
39
-71
-3
-26
7
-8
-24
-45
48
21
-31
48
-94
15
72
32
-82
4
-88
7
-34
-18
-40
54
50
15
-39
30
-36
-1
-10
-67
31
17
-60
42
71
13
-40
-89
97
2
0
19
26
2
-32
0
-23
-41
8
40
26
8
-82
0
-74
-42
-35
19
66
-60
-44
-44
-4
38
25
-31
-16
88
30
-50
-33
-16
38
106
1
46
25
42
-9
46
-42
39
-40
16
2
63
105
73
62
20
29
-154
55
-67
17
15
45
46
-34
-43
25
50
31
9
-94
8
48
65
-50
-59
49
46
-63
-75
31
-42
112
10
17
-13
10
58
-49
20
-33
61
-139
48
-79
34
96
-43
-63
7
-42
21
43
-22
-42
23
32
-64
3
-18
48
2
81
-6
-30
-23
44
59
-14
0
-8
0
-88
63
27
51
-77
24
-42
-31
-7
50
-41
-35
13
-22
14
26
-32
40
30
49
17
-6
-45
-46
-37
47
33
81
29
-11
-44
-72
28
-5
27
-43
60
-11
66
-48
-59
-40
-27
26
45
28
-12
-92
70
52
-21
-46
-109
-52
64
-66
-2
-57
-25
-115
-17
-30
-15
36
-32
-15
-16
23
-25
23
76
9
86
-46
-22
-60
39
-96
-7
50
-86
14
49
-115
11
-19
98
-1
35
-34
57
-1
-37
77
95
-12
-11
16
-80
-68
-62
49
-95
22
21
-84
39
43
18
-16
-28
5
-5
21
-49
-15
-19
-19
-21
-58
-48
29
-72
-75
-11
-61
54
5
-27
33
70
-38
34
-27
8
50
62
46
39
1
3
64
-38
-15
-20
5
-91
31
30
-69
8
32
90
33
54
46
-33
-1
-48
44
-78
35
106
-10
26
-34
98
68
-3
-10
10
-43
-11
35
30
155
19
1
68
-12
-100
66
-65
-28
-15
0
-60
77
26
74
-96
63
-52
-119
6
-25
-41
18
10
1
-33
-12
21
-37
86
27
-54
20
-24
59
-88
-45
12
44
3
63
-28
19
-88
69
-48
108
-45
-45
-2
-19
-28
-10
48
-18
-54
-72
-62
-20
87
-65
3
69
-34
40
-22
87
-13
74
5
-11
42
30
-1
-22
-33
29
-46
-10
16
-30
12
73
60
-55
26
-28
-19
-34
11
53
-78
-42
-4
-48
-1
-61
30
-44
44
-10
-52
-67
-26
-25
-78
17
15
42
-26
-46
-44
-69
2
-36
44
-9
-10
0
-19
-31
-36
10
11
50
15
-42
13
-1
58
7
6
-60
-4
14
27
-107
28
55
12
7
75
40
-27
-12
-35
-42
18
35
41
-82
-106
-19
-9
15
-15
27
-13
-74
-61
-59
41
-46
-80
-4
21
-4
72
128
-19
110
-13
38
-12
25
-63
-54
0
-21
-12
74
-134
66
26
-56
9
-94
36
-37
-68
-34
37
3
42
40
-107
-48
14
9
19
33
44
37
4
-77
-14
22
71
-24
27
18
24
24
27
63
-25
-44
-47
16
-35
8
2
-17
-19
-23
5
-34
2
-48
8
43
-19
-91
-28
-13
-130
-10
-41
-42
-31
-21
23
51
-46
2
-38
19
-13
-84
59
80
-29
107
-41
42
-59
-59
-43
18
-1
-37
-78
-2
63
47
-63
-53
71
2
-89
-1
-31
-49
46
-18
-53
50
-27
59
-29
54
6
1
-43
-28
79
58
-35
-16
-66
-64
-19
102
46
-1
40
31
39
7
77
-84
41
22
-70
66
-8
-53
-44
23
-29
61
0
-43
20
45
7
-24
-6
-29
48
-11
-70
-11
23
103
-43
94
-56
-7
78
14
-43
-42
14
30
53
-22
5
-82
31
21
63
-57
35
53
-9
29
38
46
5
51
1
-39
-48
-54
-16
-26
100
32
72
-135
18
-32
-29
-69
-80
62
-8
-20
76
11
28
-20
-1
-78
6
32
-23
-14
-26
34
19
52
13
-2
-148
13
-8
30
-67
22
64
-14
-29
82
-9
-25
72
16
23
30
137
-98
65
-39
-32
-27
-16
-3
-56
-14
-32
-34
-93
29
-26
-34
35
-33
21
14
71
76
39
48
-78
28
9
30
-124
80
-4
45
-75
29
-16
-76
44
6
-1
-1
39
22
26
13
-57
8
22
8
-50
-57
-19
53
-49
31
7
38
-122
-70
-8
21
5
52
7
-24
-44
-94
-4
26
84
36
37
19
-60
-54
4
28
-17
28
-59
-11
10
28
102
-9
54
43
42
-13
4
23
-104
-12
5
64
-21
59
-92
-68
-14
-15
0
-7
-6
-19
45
64
-68
-71
-120
25
67
-6
-13
49
24
57
12
44
-33
-48
-6
-45
-28
18
-5
36
14
53
-26
8
-59
-37
3
21
-27
25
24
22
47
13
-19
94
12
-6
23
34
2
-74
27
76
24
79
-49
-48
-41
29
-27
-105
-77
102
58
35
46
52
77
-23
-25
-19
46
-41
52
-33
29
9
-61
-28
-73
-29
-81
-8
-23
92
-20
32
-20
0
65
5
87
113
14
-35
16
-19
-19
-81
11
-52
6
-35
-36
-29
-27
-44
26
-34
11
26
-35
25
-26
-37
-45
-56
-14
42
-72
-23
59
-24
-51
30
28
33
15
-19
23
-49
-68
-19
-38
-60
-86
-79
-31
-68
12
-19
14
-2
17
-64
60
1
-35
-31
83
0
1
89
12
-6
-84
-42
11
27
-136
58
-8
13
-69
84
3
19
80
11
41
42
-34
52
-2
41
56
-18
-41
1
-34
-1
-38
20
76
24
0
-10
-53
-31
-23
68
19
102
-23
66
0
57
-51
10
115
-8
-77
-81
-78
66
13
65
33
-7
-1
6
-34
-1
-47
-31
93
62
-11
-54
68
53
-49
-92
-57
-77
-28
53
-143
-55
-48
86
41
65
9
-66
-111
-57
44
-17
-27
-42
36
-105
-23
-45
16
-7
59
44
-55
-3
-57
-27
-26
48
-56
-5
15
8
-92
22
66
-7
-116
-42
7
60
33
12
68
0
-61
4
20
-3
-20
17
-10
41
116
-19
10
19
-30
18
11
-29
-52
-14
67
39
-57
86
-97
-65
33
-110
-52
-30
20
5
76
51
-19
58
5
6
-104
-40
-90
7
-49
-44
-36
-16
-78
-20
52
-74
28
76
85
112
44
94
73
-41
-79
0
91
-26
12
20
8
18
10
-52
12
-79
-6
115
-2
-19
-35
-36
-30
63
3
9
-2
0
53
-34
-25
-102
-41
0
-61
102
64
-84
-46
35
-31
-56
-34
-3
49
-74
-5
-53
-34
99
17
-16
-42
1
-49
39
27
1
26
-85
42
-78
-77
-2
60
4
84
-20
-34
53
-18
-46
-11
5
-51
15
-11
93
-13
78
2
100
-12
16
67
7
-72
-121
0
-60
15
44
4
-7
-38
32
59
18
-28
-42
-21
114
-6
-89
-75
-73
5
-30
-25
4
1
91
100
-73
-81
-10
27
50
41
-32
13
22
48
77
-105
17
-51
-127
131
-42
109
31
-47
64
11
21
14
-25
-10
-25
122
-6
-48
31
-8
52
-68
20
-18
79
-28
-54
37
-12
31
-19
-32
29
0
-67
6
-40
23
13
9
92
-67
-74
5
13
-42
-55
-51
27
15
-37
-37
-118
30
-21
-16
-101
24
6
41
-9
23
-19
69
-11
-5
-10
43
15
-61
-2
-39
-64
40
-18
-44
-102
55
-11
12
-26
-70
-56
47
-5
42
10
24
78
25
-29
20
8
45
61
81
-8
12
-11
68
29
-105
22
9
-12
23
54
-45
149
78
5
53
15
3
65
-16
-29
32
-16
56
-74
-9
1
-6
3
-8
-11
-20
-17
-60
7
-8
-18
-5
4
-52
-2
26
54
-13
-32
-51
40
4
88
-50
14
-24
37
17
16
-56
50
-52
-38
45
-51
-68
17
-103
-17
-30
-62
36
-44
81
53
-15
-28
27
95
3
-12
18
-113
-12
-34
-9
20
-36
-78
-100
45
-46
-41
23
11
42
-81
-80
-56
-7
68
-36
81
4
-28
71
-112
37
62
-1
-13
-86
-36
1
-38
15
10
104
15
5
-33
-37
-78
-15
-1
-79
44
-3
-17
7
121
-45
-31
3
43
40
-33
-65
10
18
-36
50
-2
65
48
-55
29
-71
2
-29
38
60
26
-10
30
-57
-48
-19
-22
-62
65
29
-48
78
-9
-47
-67
41
14
-10
63
76
63
73
30
-86
-31
-55
12
-23
118
29
84
-25
-43
7
23
-72
39
-18
37
-63
18
18
-11
71
-27
-19
-13
-1
-16
59
39
25
12
38
-123
-26
-59
15
29
-12
-10
-70
46
-9
-11
43
-59
124
7
14
-30
15
-9
-65
44
39
31
-8
-64
-38
68
-58
-29
2
9
-15
7
99
21
-37
10
-83
23
31
16
11
14
74
90
55
26
-102
-78
-13
-73
56
8
-10
-47
56
65
-92
-5
1
50
-60
-30
30
-1
-33
-36
1
28
-3
-8
-46
-9
-50
96
21
33
-11
-51
-46
77
89
30
42
-59
27
30
-66
-10
-56
14
34
8
-34
17
-35
-103
17
29
-58
55
56
-15
122
11
25
49
-37
14
-60
-52
17
67
-38
67
17
50
-79
-35
-12
46
11
19
2
-33
-28
-33
79
-21
71
58
-7
18
-37
48
-5
38
30
9
-22
75
7
-42
31
32
-59
32
-5
-24
-72
-8
81
-38
-9
39
-18
-46
-32
-37
3
-3
-81
13
-65
-76
-76
-19
-19
-7
53
-26
43
44
54
43
41
-53
62
-18
21
-11
-154
40
-59
23
9
69
-13
-66
46
58
-72
12
1
71
24
4
-50
-20
94
41
8
87
-48
-28
-65
83
-44
-22
22
-15
4
-17
16
53
113
-36
-6
-13
28
-28
44
14
-18
7
0
-43
59
-58
-40
-3
-3
29
-77
59
49
31
99
70
-23
35
0
-19
120
-73
106
-30
53
-41
-32
48
109
-124
-40
-12
18
0
34
44
32
21
3
-16
-20
-7
-36
20
-8
-37
-65
2
10
-73
-16
-71
13
58
-7
22
-2
-7
-1
43
-20
38
71
-53
61
-62
-47
33
46
31
-18
-39
-44
-4
-6
-24
-3
21
-50
27
-11
-9
-6
10
-77
70
-47
-16
-13
81
15
26
50
-58
21
-28
0
36
18
-78
66
-63
-49
17
-33
-23
93
-31
-60
2
75
55
19
-64
32
17
-37
29
65
-6
-42
58
56
30
-7
-35
-53
43
9
32
-51
26
-21
37
70
0
-44
-1
91
-27
-85
-55
29
95
23
9
-14
18
-1
-55
94
-16
30
66
-20
-1
-66
-9
48
-51
2
78
24
100
65
84
-20
-17
-49
0
72
-17
45
7
82
42
-36
33
-44
-39
-37
56
26
-26
-79
5
14
-28
-29
-62
-50
6
-47
-51
3
47
-15
29
0
-6
35
-22
-109
53
67
17
-33
-17
14
36
47
9
-42
-9
19
105
24
-58
21
76
-27
32
16
-29
-36
-64
6
29
42
45
-45
-9
10
-12
-7
-5
88
40
-29
-13
-7
58
-17
91
24
-16
-11
42
25
-47
2
-8
20
-1
60
2
4
34
-27
1
-27
-14
-16
-8
21
57
47
19
94
28
51
-22
28
5
-39
91
43
-35
-38
99
-20
74
-2
0
-62
27
76
16
-3
1
6
16
57
44
82
95
52
-15
-2
-5
75
100
-44
-13
95
-50
-67
-10
16
-7
-7
-62
-70
-26
26
-9
61
-67
-9
38
-6
-60
-34
8
-44
-40
27
-17
16
-37
-16
-4
1
25
0
-100
-51
-15
-49
-86
73
-88
-38
-67
-86
-124
-54
-28
-45
58
27
23
-108
64
4
38
-30
-6
-31
71
-50
-8
-48
25
-97
29
7
23
10
2
-7
76
-12
-7
-35
82
-41
53
98
-59
-7
32
41
-2
7
-57
12
17
50
-57
15
32
14
-77
32
-117
-54
-37
-16
-37
-106
-33
-32
0
42
-43
-37
-27
30
8
84
56
56
-18
-9
-65
-3
11
80
-62
43
101
70
-47
-7
105
-64
-7
1
51
77
68
-1
3
16
45
32
8
-74
-29
-24
11
35
4
-67
13
-43
-12
25
-71
-84
-28
13
30
-52
14
-7
-6
11
110
-36
-39
47
13
39
37
0
-83
-19
-59
-105
3
28
-42
9
59
-76
88
29
-35
-23
-79
27
13
-107
55
70
-2
13
5
-56
-80
104
48
-8
63
0
27
41
-3
10
28
-63
-17
92
18
43
36
0
-25
-37
67
22
30
44
41
-45
-24
-65
69
-18
-32
91
42
-26
4
22
17
56
-65
76
-6
-24
85
-24
99
-101
62
-63
-18
52
-69
-34
23
23
37
-54
87
-15
-12
-53
7
-84
41
58
-29
-40
-45
-55
3
-2
-75
39
2
-40
32
-58
-64
-68
16
-15
66
-1
107
44
-19
74
-12
-51
-43
50
-77
18
31
62
-69
4
1
59
-43
-29
-28
-51
6
-17
16
66
-10
24
-29
16
-11
70
-53
-43
-5
-12
80
27
20
-120
-54
-11
65
113
-108
-32
11
7
52
103
-30
-24
32
-20
-18
-6
-27
-28
-51
15
-48
-1
-32
6
41
32
-7
23
-102
8
-13
-39
-11
-60
-9
-23
26
5
-72
-10
0
-8
15
60
38
101
-11
-8
20
-22
-53
-49
13
40
-117
33
26
97
56
33
25
-15
-3
-4
-32
33
35
9
112
11
41
-39
-7
89
102
-14
-25
57
-47
22
-41
23
-9
48
56
59
-32
-71
154
5
-43
33
10
-41
10
-6
-12
44
63
49
15
20
7
-18
-16
0
39
-38
-30
-9
-90
41
-20
-5
7
27
77
87
-12
50
-18
-23
-11
-17
-9
49
-12
-31
-10
-29
-34
19
-56
13
-44
-24
8
-27
-46
-44
-60
-22
49
16
2
-48
60
-8
-21
-45
37
-111
21
-28
33
-30
-22
24
81
-19
20
-35
-1
-9
-5
116
68
44
-73
116
4
21
3
-92
5
77
11
-78
59
-49
73
-6
77
-12
60
-12
10
47
-28
3
-54
46
-10
47
-104
29
-30
-101
31
20
2
53
-74
124
11
-22
-27
27
39
9
7
-112
52
-10
8
-24
-27
-53
-24
-8
34
7
-81
-3
3
-1
10
22
2
-24
15
-85
51
-123
-9
-4
105
8
38
-58
-20
-10
-48
-11
92
-47
34
73
-16
-44
21
-54
-44
-28
84
82
-30
-48
20
-30
89
22
-21
36
32
28
-72
0
65
7
-11
15
65
82
47
48
1
90
-55
-2
42
-11
-41
-56
31
-29
-43
21
-31
-20
-72
-50
2
-6
111
-75
109
22
-96
18
24
-77
-2
-37
52
40
44
58
-78
12
31
3
2
-38
-19
-55
21
7
-15
-101
-15
-37
89
-10
-134
119
54
-69
-40
-43
18
-4
15
-36
-87
98
-19
-12
48
20
-110
57
-53
-16
-30
33
76
-12
-67
14
-8
-4
-76
24
62
-40
32
-7
29
-40
4
9
6
76
26
0
-82
-67
-14
-26
-109
-13
-24
81
-12
50
35
48
-58
21
-103
6
-129
-45
-12
4
-34
43
-38
-6
10
-34
10
-99
-1
-23
-21
-16
-14
-4
-6
-9
18
-47
1
-93
37
-43
83
-64
22
24
43
-15
-38
-70
49
-27
-42
-39
-72
-20
50
2
26
64
-2
10
-31
29
-28
-53
-9
42
-22
-63
-4
-67
45
34
-7
-3
-57
-4
6
52
-3
9
-67
-14
49
-36
11
-1
76
-69
2
-15
45
81
-25
-89
114
-45
-1
61
29
-14
-45
-16
-68
18
64
6
12
-10
34
-79
12
27
-62
47
19
-85
36
-11
-15
9
-23
-43
-56
-35
-5
-12
-76
-48
18
27
6
-94
52
6
-25
79
18
85
51
-55
3
-20
-35
-76
1
12
2
78
18
-5
45
62
-14
-5
55
-3
-75
15
-91
52
65
22
62
-14
-25
-52
50
-94
-56
-24
26
-32
41
38
20
-55
-1
-66
-80
67
62
83
-76
-45
27
-60
59
-113
-37
8
15
40
-95
24
-9
43
22
-15
-8
49
-96
-16
8
3
25
68
-22
2
-9
-15
10
-87
-5
45
-57
0
-1
-55
12
-31
-46
18
37
-15
57
-37
-12
-8
-64
-24
-7
-52
-1
11
-7
-45
97
36
47
30
-11
20
-10
144
23
40
93
2
62
-19
39
-11
-90
-60
26
-14
63
-61
-67
43
-6
7
-41
52
-37
-77
-75
25
-35
76
57
118
37
-10
-1
-40
-15
-5
15
98
-106
15
-25
-21
21
5
20
28
-70
-58
8
34
27
-3
-67
6
18
-4
73
-42
3
29
50
75
-116
26
-27
-24
44
92
30
-32
29
-49
-34
-66
6
24
21
-59
32
-29
49
18
-73
60
1
-58
63
-34
-9
-74
-43
69
40
-38
-13
-49
74
-73
-34
-26
8
-107
123
-49
-30
-9
-48
21
-60
-24
-15
43
-84
-44
68
73
-32
28
83
6
5
-27
-25
48
-33
26
-42
112
101
-62
-35
-65
43
-17
-129
20
-34
47
-22
75
1
-15
76
1
58
25
-102
-52
-8
-57
22
35
38
-126
67
-33
44
-46
-35
35
-10
98
-84
-35
-130
-17
5
29
20
19
-4
-60
13
-65
-76
-111
35
-40
-94
47
13
-11
62
-5
59
102
118
10
0
13
-107
-22
22
56
-13
-11
111
37
30
1
11
-22
-2
59
8
-16
-33
-28
78
-58
56
-3
-34
44
-66
-51
-49
44
-32
56
-32
83
-25
38
-59
-109
-43
-34
-114
-74
34
-33
29
-41
-22
87
21
-64
-17
72
-69
-41
-19
-54
71
46
-38
61
-4
58
55
-33
1
97
-25
14
-67
-57
41
8
-31
-55
85
-7
48
-48
11
-4
33
14
119
42
20
-29
-40
108
-32
14
100
145
-27
49
49
-16
5
-78
-46
24
26
-9
77
-43
60
9
-73
10
25
25
-114
-55
55
22
17
-67
-80
69
42
-61
25
-9
-6
104
-36
31
-4
13
-31
-87
41
-2
62
68
-25
12
-79
7
61
28
-52
-57
8
13
-19
-10
-46
-14
-50
-6
76
29
17
-22
58
41
-67
38
-86
-1
-7
-11
25
-36
-25
-43
100
19
26
53
-40
-65
16
-61
-107
-48
-36
4
-84
-83
11
38
-9
-71
-90
-33
34
47
28
7
-6
36
41
15
29
1
36
24
39
-14
-43
46
0
-6
13
30
28
29
-52
19
106
55
9
-15
-82
49
-79
-19
-55
-93
-17
-63
-78
8
-35
-72
73
-4
-64
-15
41
61
84
6
44
-11
18
34
17
74
57
13
28
-5
5
42
33
-10
-20
-58
-7
-16
13
-45
-59
-69
-14
17
78
4
-9
22
44
-39
25
-25
14
-65
-30
11
-68
-5
19
-58
-47
-35
-49
17
26
-107
-11
49
90
-49
40
75
53
4
-42
-16
-67
-28
88
32
-57
-32
37
63
-20
-18
-45
53
-75
14
55
-6
-136
59
0
26
-34
68
31
60
58
-69
59
-59
34
-27
-97
30
3
-10
5
29
-21
18
-5
12
-59
44
10
37
-21
1
-9
17
12
56
-33
2
-63
-18
9
82
88
54
39
49
-29
-132
-8
-70
23
-15
92
-27
26
11
-5
-52
-119
-14
-64
118
-16
60
4
21
33
49
-33
7
-9
78
21
92
9
-23
-67
-30
20
-16
-16
-26
-67
21
24
0
14
-56
57
-13
1
-103
74
-2
-119
8
0
-1
-6
-19
-72
8
1
6
-62
-14
5
-34
-72
-10
5
-37
-49
25
-17
-25
-83
-17
-83
19
-83
-85
18
-20
42
5
-104
-40
3
89
-8
6
59
-31
-49
-35
-32
-54
1
-17
45
6
-35
75
43
-91
51
18
-49
-22
63
13
-14
101
35
-3
92
-48
30
95
-69
2
16
-69
45
60
1
-13
-6
-80
92
-88
36
-27
-115
-80
-9
-47
31
31
86
81
72
-3
-40
32
-26
19
-19
-36
-81
-4
-23
-78
60
12
29
-24
123
-34
59
-25
-44
-6
-2
-8
16
53
-38
69
-57
-57
-158
-12
-51
-24
-75
35
-22
54
50
47
16
-90
-15
-7
77
40
-78
-13
-15
-75
-28
5
30
8
25
25
18
73
16
-50
21
-31
11
65
-77
88
30
-86
44
-15
-2
-20
-18
0
-109
25
-81
39
73
62
18
113
9
-27
-17
-16
-27
-78
70
-58
18
34
-14
79
13
-68
-33
71
35
-64
-25
-13
2
-3
-35
33
15
39
62
48
-22
-36
-23
27
2
22
12
-32
14
-61
48
-58
-5
-32
38
31
14
58
62
15
-69
-36
-21
52
-7
70
13
-72
-43
79
4
18
-105
39
-38
3
4
-67
-63
-29
54
129
22
38
45
53
10
22
-17
90
-10
12
-49
-19
13
-104
1
3
-39
-67
-11
-14
27
13
-30
-3
0
-4
123
1
-9
-38
20
-9
-55
-43
-19
-49
8
-27
17
-68
45
18
-71
-42
59
-99
44
-34
-65
58
54
-72
56
23
36
15
-83
89
-19
17
59
-87
-47
44
-77
-33
-18
73
-75
-69
-13
-14
-66
-39
19
38
-20
4
-2
32
-75
2
29
7
40
-82
43
11
31
4
-81
-20
-121
33
-5
86
38
5
-45
33
80
-26
-56
18
19
-116
-32
-77
27
22
3
-38
-29
-108
11
40
-1
-13
10
19
-34
2
-96
81
95
-70
4
15
33
-36
59
13
14
73
-19
-37
17
3
-16
1
76
-2
31
25
130
35
-52
-7
-7
21
-24
19
30
-75
-26
35
-30
-39
-17
-9
17
-37
61
-10
92
14
97
5
-38
51
28
-14
-33
84
57
52
-39
-15
-30
-78
23
-23
36
-21
45
-32
-38
33
49
-47
-19
-23
-97
-4
8
-25
16
28
15
-58
-11
-37
28
-14
40
1
-21
25
48
17
-58
33
56
-16
59
25
32
-46
-3
-23
50
-44
16
-98
54
8
32
-21
-56
-33
12
27
-47
20
55
18
24
21
59
-6
25
-55
-94
93
51
-57
19
-93
39
0
-1
-85
91
-66
34
24
2
101
-50
134
-80
27
93
-3
74
50
-18
-23
-93
-5
50
8
-52
-34
-48
-114
-53
-41
-23
1
16
2
34
-52
35
49
-17
40
-6
-9
-55
-16
59
22
-29
11
-95
-47
-6
-8
19
-1
-18
-67
-45
-4
18
55
-45
-13
52
44
-12
-81
-29
-62
1
-42
-33
23
23
-76
-89
58
33
26
-99
92
44
0
5
-18
19
-64
-65
86
68
-18
15
-12
30
47
-85
-21
77
30
-12
-21
74
-41
32
43
65
11
-29
3
1
24
-62
-73
3
118
-31
28
83
-74
-27
-52
-23
46
-35
-41
42
-55
86
-22
46
30
-95
-18
-46
10
-2
75
33
-74
44
-5
30
-58
-13
59
-28
81
-41
44
14
-67
-93
-21
43
-74
21
-27
-34
12
23
-109
3
7
74
-53
63
90
59
-10
52
33
42
4
8
26
-102
-10
18
-2
-28
-13
62
-76
-22
82
-78
-18
-16
64
84
37
-44
39
-13
30
-2
-6
22
-9
-46
65
72
82
23
-19
1
61
-74
0
87
19
23
-43
39
-33
13
-6
-43
-8
95
-3
-29
-104
-44
4
-4
-16
-37
19
89
11
26
9
-29
41
-5
-45
9
24
51
4
114
-69
-77
-95
-30
-95
36
65
67
72
33
20
57
24
-5
-54
27
25
-43
-22
118
-9
-71
1
-71
6
-3
-83
75
72
57
-22
14
-29
14
45
13
1
-90
72
4
-60
-122
101
-11
-26
16
-48
-15
56
119
-6
-81
39
56
67
-27
-10
-76
35
-68
76
32
8
-24
26
87
-29
-28
25
-59
-60
72
-82
-32
-52
21
-10
-25
20
18
-16
-32
-34
41
2
71
57
-38
30
5
115
-42
-87
4
-10
-80
-54
-19
27
-99
18
84
4
9
-36
-57
83
83
-35
-47
-46
-4
-11
-19
-7
46
6
6
-29
-11
75
12
-2
-22
-65
31
42
55
-60
-4
10
15
-16
1
-22
33
-5
74
-5
-56
15
35
-15
27
92
-56
-22
-26
50
-42
25
-54
-46
41
20
-95
-24
40
35
14
40
-67
45
-9
-75
47
-50
0
100
93
22
-35
-8
45
-50
6
12
-88
11
-25
17
-69
-21
31
49
-35
-45
-40
-31
113
-31
27
-50
-31
-47
-47
15
-67
13
-96
30
25
-53
26
49
-110
7
-81
36
-120
78
-46
-83
-89
-60
0
-37
98
-39
-23
84
-23
-95
-16
107
-83
-12
71
-34
3
49
-22
89
24
-75
47
26
0
-58
-41
3
-9
-14
-14
66
-59
-51
-86
-37
-54
50
-18
-36
5
-50
-24
-24
16
43
-6
-9
44
-9
42
13
26
63
-5
40
-70
-45
-65
-38
-103
10
-35
-24
-15
25
-38
51
76
-5
-12
-26
96
45
-124
-90
41
30
-44
65
10
52
-31
43
3
82
2
-22
-51
16
-27
12
37
56
19
-13
50
-67
-54
-67
-32
74
-77
-88
-46
-12
-11
70
-3
-71
-22
60
21
44
85
-64
18
-63
22
15
-66
-67
38
5
101
-45
-11
-32
72
52
-47
78
71
-9
53
78
65
-86
86
56
33
34
27
74
23
1
-40
-26
62
100
16
-24
-81
-32
-63
54
-26
-16
-82
-29
119
-28
-66
-11
-41
21
-67
-26
102
96
-11
8
-30
27
-54
20
12
-35
89
-39
-128
-76
-80
-46
-39
60
5
40
-38
45
-80
-17
-159
-18
1
-50
10
75
67
16
-23
-3
-27
21
-54
75
32
-36
-36
-35
-7
-15
53
-44
-80
25
15
91
-32
30
27
-9
-51
51
15
-31
-93
38
-72
-90
-50
-51
-45
-24
5
-28
-107
-87
22
-58
15
31
37
-55
76
8
-55
-27
-54
6
-52
-62
35
-31
9
27
-89
40
9
-77
99
31
-35
-17
-20
-9
86
-27
-29
-2
-13
-20
9
-45
21
-18
-9
-17
-59
-34
-42
7
51
17
-31
5
34
59
-113
-95
55
30
-23
57
-64
27
-72
-59
2
15
25
7
-12
49
-53
89
-80
118
-68
0
-40
-11
77
-18
81
28
77
47
-37
-51
-8
-17
-55
-30
-53
3
-45
9
-7
-71
47
57
44
5
28
35
-10
-46
1
-77
56
-20
-80
-10
-42
-94
-39
36
35
90
80
28
95
15
-42
-7
42
25
99
95
18
9
14
-36
0
34
-15
-13
-19
69
-78
-88
-26
-19
-81
-11
32
-64
91
84
47
-2
-7
27
27
-8
42
-88
-31
-23
-29
34
-45
21
96
-16
7
-37
-89
-79
-20
19
73
63
-144
-8
-30
34
-51
-61
100
17
80
22
-38
22
9
23
66
9
65
24
-40
-99
8
10
-42
-15
-41
45
35
37
-27
26
-24
61
-37
-58
9
-47
-35
16
48
-75
88
11
-49
18
-124
109
52
-88
-11
-35
-71
-51
-14
-4
41
-19
15
3
-41
-67
-30
8
36
-132
-2
-22
-14
18
13
-20
55
22
-24
15
-65
70
-29
-34
1
70
-109
34
71
16
-59
-26
-58
-17
0
12
-70
-48
16
33
99
-23
67
30
7
19
1
25
-75
38
58
-53
74
30
97
-96
8
12
-21
-84
-6
20
-103
-20
-89
-37
-14
-35
26
15
-51
10
59
15
-82
9
1
-21
-39
36
-9
34
38
-73
10
56
9
16
64
-9
-11
-12
40
-26
-44
-95
105
-36
-42
-34
4
14
-45
-62
26
-11
24
-34
-39
17
16
8
-24
-84
20
-66
31
-42
-16
22
2
-3
36
-49
52
56
-33
-29
-22
-5
-54
97
-25
5
-36
65
55
10
22
-96
-6
55
-7
51
52
27
37
13
43
-5
-25
-2
14
-50
-91
-55
-76
-28
-2
-5
-7
-96
-16
-73
21
-6
3
15
-36
-43
-134
8
-57
73
24
-21
19
28
-65
30
28
-63
31
4
-16
-60
55
16
-120
104
54
51
77
-7
25
-118
-118
38
-65
-32
8
26
-1
9
9
-53
-40
5
-10
-45
-20
3
-62
-39
-3
-23
12
37
-89
-60
56
-85
13
-64
-78
-100
-45
13
-26
-63
66
30
-22
-12
-113
18
-15
-94
-103
12
-2
-30
-12
63
-99
-131
53
-60
17
48
-46
-70
5
33
-70
-56
17
-3
67
-57
-1
-86
102
-4
38
-78
-30
78
35
53
-26
-27
63
-19
76
-8
-43
-13
-38
56
57
-62
39
149
41
61
-24
-60
-21
-21
35
18
-21
-22
70
-18
88
27
-31
-18
32
-47
59
-42
-31
44
21
-7
-20
-22
-41
22
-22
13
32
-165
-43
47
44
-26
-32
3
-2
-52
70
40
-36
169
33
-25
-22
64
-40
-13
57
-100
72
43
-37
-21
-75
39
-10
-3
35
27
-12
-27
53
-35
-9
18
5
14
60
104
-7
87
-104
33
-106
17
-73
43
-31
-6
91
-73
26
-34
-35
-39
-37
-16
26
-73
-2
-38
9
16
-9
-90
39
-14
-30
-7
23
-11
-8
23
68
23
-3
50
-6
29
-28
25
41
-22
26
-69
-13
-79
18
-3
64
1
92
-17
31
-24
-55
-35
57
90
65
67
15
87
-64
-28
-14
-66
-41
26
77
-16
1
19
36
121
-34
63
-21
-43
-78
23
-26
4
-101
6
81
14
66
-21
-74
70
52
77
22
-59
25
-69
62
40
9
-44
-39
-43
51
28
-73
92
-7
11
-38
70
-42
-16
22
-92
-30
-4
57
-78
-33
72
-40
-52
-3
54
-22
-96
52
31
36
-46
32
-5
-45
105
-77
-25
46
12
61
112
21
60
35
-12
-72
13
25
-52
-51
-121
-46
55
46
-76
3
-27
100
25
-37
66
87
-15
-44
-24
114
19
82
-35
-8
-48
77
-43
8
-17
-36
-79
10
50
-45
-16
23
23
-116
10
-11
3
18
89
-9
4
11
46
-46
-73
-31
-69
-11
85
-54
-55
-17
17
-16
24
-33
32
-72
-10
44
13
31
-35
-95
-55
1
-7
86
69
4
-13
-29
-80
57
19
-96
-78
-20
-41
-7
-28
-18
12
-112
-22
-12
-44
10
-12
29
-76
-47
-33
-30
54
-83
71
-29
-44
-10
52
-1
25
69
48
13
24
67
-114
-56
30
-12
-58
-20
-26
-77
-27
-31
21
19
51
-40
-6
-110
-27
90
30
44
-13
-114
-33
-190
75
57
87
14
-49
-19
95
-61
7
26
31
-56
63
-25
-22
-98
40
-113
-9
29
-25
-60
8
72
-91
20
-45
-21
70
-45
-65
-43
104
-70
-101
-59
16
16
47
-97
-1
29
-2
-41
-45
9
-46
11
34
-15
-8
25
53
39
-5
-33
-37
52
14
34
53
-30
-79
-12
7
77
-5
47
-18
-72
24
-103
-22
21
19
-55
-41
5
-37
-5
84
-77
38
0
32
-86
29
-123
-11
-41
11
-50
-73
-1
-31
-55
28
85
44
-49
1
62
55
4
4
-25
66
-16
-13
12
-76
-23
-48
-25
3
-16
21
-49
-30
15
46
0
46
-4
50
60
18
-26
80
7
-25
-58
-70
65
50
-24
72
-62
35
-162
62
16
36
-70
-50
-36
64
-43
-8
-53
-71
45
-41
18
55
-73
22
44
-55
-32
85
36
23
6
-9
-14
24
38
-51
-60
-72
-56
46
-62
-33
2
-2
-69
-40
-33
-49
-45
39
12
22
-17
-54
53
16
29
-109
-12
-3
87
-9
-8
-21
-8
-35
-16
-70
18
27
5
77
36
70
-7
-52
-5
-42
-43
131
-94
-8
-42
-16
-18
-18
-5
-16
27
19
-40
25
-38
-11
16
-63
-58
11
60
50
11
17
-23
61
-77
-20
73
-80
-78
-59
-93
-93
-18
0
-7
-16
-10
-39
58
72
23
41
-54
-99
-20
25
35
33
-59
-3
66
-14
-30
-60
33
-27
-23
4
43
19
45
-46
9
16
-19
-39
23
-101
45
-15
-108
-14
13
-24
-67
-16
48
83
85
68
3
10
-23
-83
-21
29
78
46
22
-18
12
-14
118
78
-119
-67
-34
-14
-97
14
56
20
-17
1
-35
24
89
4
-17
31
-43
-44
-90
-76
-25
17
-61
8
-57
-42
8
40
-64
58
-70
26
-67
-66
75
40
-12
-17
-25
11
-22
-40
64
42
-71
67
-34
45
-28
-61
38
49
-63
49
-42
123
-37
-21
56
133
8
13
-17
-46
20
-26
-88
7
14
-41
-50
35
77
-11
10
-35
-50
-15
-21
38
67
60
-70
64
-26
47
127
-32
2
4
-42
55
-36
27
-13
21
48
-45
-40
-22
12
71
-40
39
47
29
-30
104
4
-73
42
46
-9
-26
71
-66
-48
38
-1
27
80
-22
33
-33
19
101
92
-24
32
-10
-10
-46
-56
12
-78
73
58
53
-55
-37
-88
-104
-51
73
18
-62
63
39
-35
-40
-39
-11
23
-46
68
-12
-101
-40
3
13
-73
-81
-28
-131
-19
-23
7
35
31
-13
78
7
12
38
-11
-12
35
-61
-118
-18
9
59
62
108
-70
-76
72
-30
157
-72
58
-22
-2
43
-4
-1
22
11
-42
16
-8
-35
-29
23
-49
59
77
86
48
20
-1
8
4
6
-31
16
-84
-18
-9
-32
-3
77
-1
16
-79
11
-71
84
-85
82
-9
-36
-2
0
3
-21
39
21
-13
94
8
37
2
-12
19
-50
-84
24
-67
-42
-35
64
-49
-12
-64
44
88
-36
31
1
26
63
3
-4
7
-20
-1
64
29
59
2
-90
-50
4
4
16
-15
-13
-59
-15
1
37
27
-3
-22
-70
-61
-69
49
54
13
-63
-107
-23
66
-19
-90
-61
24
-34
47
-95
9
-8
32
14
68
30
-26
25
58
-95
60
-12
5
40
-27
-25
2
-52
-87
74
37
41
-8
37
48
6
63
124
-48
-99
-52
-136
-8
-30
-117
45
-3
37
-21
-10
-14
82
-20
41
69
-54
1
-25
97
-54
23
-16
40
70
70
70
51
18
57
34
-74
-69
32
-79
16
126
-52
31
94
79
0
-24
-4
12
-69
44
-56
31
-11
33
66
-9
77
-29
48
17
-81
25
-13
-96
-112
-18
-9
-50
67
-15
54
17
7
30
-10
-9
46
-70
119
11
14
6
36
6
33
47
13
-39
-52
102
-5
-70
56
-8
35
-18
-53
-16
-24
40
17
32
18
-52
-34
-23
-67
-28
10
-19
-29
-13
1
40
53
13
18
36
68
4
49
-12
-7
0
28
-45
67
47
-27
-26
-12
-72
-29
-17
-27
12
-42
-15
-19
2
-39
31
-26
-63
27
-25
-61
-40
38
98
19
30
25
11
-4
-26
85
-37
129
32
-15
-16
63
45
-79
-71
-62
52
-11
122
37
63
31
76
-14
8
102
34
-7
85
6
24
32
-85
-30
-8
38
1
59
10
5
35
18
-6
-64
39
-59
-2
1
38
36
6
-29
-75
54
-18
77
14
1
-27
4
-32
3
32
9
-77
56
22
18
-110
-35
-68
-10
61
30
36
22
96
14
80
68
-64
73
42
26
-10
-1
-50
-24
-102
58
-27
2
11
-41
-33
22
16
21
-74
25
44
23
-49
-3
153
40
-4
-63
18
-5
15
-51
121
-22
-3
-33
19
-9
59
20
-139
-11
61
17
9
12
73
60
-104
-18
-86
-11
-73
34
28
-57
-19
-59
61
47
54
-51
100
7
-11
28
-33
1
-67
29
-16
29
7
-38
-57
-31
-93
-36
-8
-37
-42
58
59
-5
-44
51
-51
125
65
20
-36
-76
-73
-71
61
-54
54
44
26
30
-88
50
-121
-48
-14
7
-8
36
5
-43
55
-22
-19
10
40
32
-2
-69
60
-53
22
72
-13
30
-77
55
-100
45
-44
30
29
14
32
-72
-60
51
58
-18
45
56
118
-11
4
53
-77
13
-2
-2
7
18
139
14
9
-75
4
60
11
-24
3
61
31
34
40
13
20
54
-39
-24
15
34
-20
-54
-70
-57
-56
-41
11
15
19
44
5
-16
-24
5
75
-4
22
-34
5
55
3
-32
61
-45
-102
70
47
-46
-12
48
-51
-42
-17
6
-44
-58
-77
-33
66
118
-2
29
-41
30
-49
56
88
38
-76
42
6
23
-17
-16
43
11
15
12
111
3
-43
41
19
-8
-16
8
-45
-47
98
69
-26
20
-3
77
65
1
-9
40
56
95
50
111
-27
-2
-53
10
23
-16
-72
14
28
-58
93
14
-17
-33
13
-49
-52
-42
26
42
25
-40
-40
-51
50
-34
-9
-5
-34
-62
20
-36
-9
-12
-8
-95
-26
-31
34
67
12
-93
82
-14
17
-26
-44
-14
-19
55
83
-58
-55
-11
37
-32
39
124
70
-10
-41
19
-6
-109
74
-62
-13
71
21
-2
18
-34
87
10
25
17
31
-67
16
40
58
2
28
111
-11
-56
-33
-30
-3
-60
42
32
53
-35
-30
48
18
21
-38
17
-59
-31
2
-8
128
-8
-46
-83
-5
115
-20
-75
37
-6
-61
120
13
-19
24
52
-5
15
-3
18
40
29
71
-74
-82
-52
10
-3
60
13
21
-43
-41
61
-25
-31
-52
-2
-68
-22
-110
13
8
13
68
-31
1
-21
31
-32
-57
11
79
-8
-32
-12
56
8
-18
77
5
-17
-29
31
-47
18
-9
-161
27
58
-90
-67
-64
-5
-92
-59
-30
-37
18
17
-11
4
-87
28
-9
31
-21
0
67
-49
93
86
-58
24
84
82
-49
31
-132
-73
13
-1
114
35
29
14
58
-21
18
-21
36
12
49
37
13
-53
55
-22
-47
-16
-3
-31
67
-16
15
122
-10
29
8
47
130
31
29
-73
13
-14
-37
-59
12
-54
46
-42
51
3
-6
48
-17
-40
-54
-94
-36
-3
38
-62
37
-32
-18
93
42
-86
10
33
52
-18
17
-40
1
-45
8
59
71
128
-5
-31
-62
11
-27
-58
51
-24
-12
-9
74
-2
-80
2
67
27
-17
-12
-18
41
-12
11
29
57
72
32
53
-56
37
-3
45
-55
-90
-67
-30
80
6
54
73
28
63
16
-7
-50
82
8
-15
-70
11
86
38
-23
8
22
14
-72
-115
-86
98
18
-43
88
124
-12
33
-54
77
-67
39
-115
13
42
5
125
8
30
70
10
23
39
20
-13
-25
19
-9
54
46
-24
-16
68
-38
19
-34
46
-90
-40
5
73
34
14
-46
-4
-34
56
7
-20
-16
-132
-85
-9
-67
54
69
-32
43
55
-33
-101
-115
67
-30
39
-26
-77
1
7
36
96
-3
-22
-24
76
-93
-53
-5
-17
-9
36
26
29
-53
35
-11
1
-115
-51
-22
-64
105
-33
71
-47
-28
31
2
34
-33
-49
18
52
16
78
-30
17
49
-3
48
-36
-35
-31
-10
69
50
56
2
15
-26
-5
111
8
-26
66
-54
16
-17
58
62
-57
-11
23
-29
-126
35
-63
74
26
51
54
2
11
21
67
-38
-28
22
-39
-47
-40
68
67
-15
84
8
86
-55
-80
149
-43
24
-61
-21
-137
-62
27
-35
21
-30
-21
-11
-51
-1
-67
-12
-35
-82
-30
-36
37
107
32
-86
-25
111
29
5
-39
36
47
-30
-36
-31
15
-51
51
-41
2
-9
-41
83
-28
-69
16
-53
50
55
24
-109
20
-53
25
-73
-93
-42
44
-63
-66
27
-21
29
22
-21
11
33
-42
-17
-20
68
-33
-52
-63
12
-72
70
-7
56
-55
46
-28
-14
-16
44
-130
58
-85
-24
24
15
13
-6
40
38
-21
6
29
-36
14
-1
24
-5
-35
-162
0
-70
8
15
27
-50
92
88
-2
30
7
-64
74
-15
-20
-125
-45
50
-17
-123
-48
-16
1
-47
20
-7
-15
14
76
-50
17
88
-30
2
-63
6
-31
-74
78
-53
-8
-76
-85
9
-79
-45
0
-27
54
-16
4
-37
11
-3
-98
-10
41
37
45
-61
-66
-44
44
-1
27
46
-30
28
-134
5
39
-28
11
23
97
-77
-12
-14
30
-35
14
126
29
44
31
-43
36
-41
115
87
-7
-9
-11
25
74
21
0
30
54
35
-56
-37
-114
64
-23
-35
-55
179
51
-31
52
21
-17
59
5
-29
14
57
-29
46
14
46
30
-14
-33
-25
20
19
-12
-18
-8
-19
100
-20
66
-99
38
-24
-24
-16
-58
0
-37
-13
-3
-32
17
-12
50
-90
34
-30
-3
12
-28
-22
56
-55
-2
-38
-9
10
-2
-42
39
36
-39
68
-114
-69
-82
-19
100
-95
-31
57
37
-20
97
-38
-57
66
4
16
-74
-1
41
50
10
109
-7
42
-8
1
-3
1
-57
-67
-1
-34
-30
59
-25
34
-24
-17
34
41
34
27
39
60
-11
29
-74
-85
71
-28
-19
-2
34
-100
17
43
-94
-62
0
-67
61
-51
-67
-20
20
-47
77
-38
-33
32
28
-16
-16
-99
-21
-60
-30
-19
53
-30
-46
-17
6
40
69
114
32
-37
-13
8
66
48
1
41
-24
7
-52
-13
32
-14
4
-52
-10
73
1
-19
49
-20
51
-49
25
46
95
-43
-50
58
-13
-18
51
9
56
66
53
7
-2
-53
26
-45
90
-51
9
-16
128
47
-24
27
-2
-22
51
15
3
-47
-66
-24
-46
-21
-74
-13
28
24
-56
-15
23
-91
-99
-32
-35
-19
-19
-32
-30
-19
80
-22
-95
-13
25
63
3
-47
63
-81
23
25
-57
-41
-40
-21
25
-37
70
-55
-42
-25
62
-33
-3
43
-48
56
49
-49
38
40
131
57
56
-14
-43
-6
-8
-58
61
-33
10
-1
-44
36
23
-62
44
30
-13
52
-43
-27
1
-59
-75
-19
70
-19
6
36
33
-46
-21
32
-10
80
-98
27
-2
9
-91
100
6
-4
40
-26
-95
-57
80
-16
-48
5
16
26
-25
-26
-19
-7
14
38
-110
5
-26
5
-13
25
85
-8
-7
-51
-69
7
-20
13
-34
-43
72
-32
75
48
-32
-131
15
8
-120
-55
-11
61
15
-66
-14
-46
-34
17
5
-41
30
1
-3
-32
-44
-40
-56
45
82
-4
32
-17
-75
33
83
43
-12
4
23
-95
36
-30
-5
25
-139
-32
23
-105
11
43
0
24
-25
-21
-3
18
115
-132
20
-24
-62
3
29
70
-25
31
-4
-21
17
-62
42
61
-19
18
6
18
-13
-10
-66
-46
19
0
-73
-97
41
-36
-67
-49
27
61
-80
20
47
-46
-37
-66
-27
22
38
109
-42
-45
27
-67
41
35
46
-40
39
-6
24
-53
16
-74
-25
-27
90
9
-6
1
-93
75
-34
35
23
-1
47
-24
47
3
-20
78
-54
-66
-14
26
-17
3
28
53
-9
40
-30
-38
-37
82
20
-42
49
40
83
-64
23
-46
71
49
29
-14
-79
46
-52
27
-57
6
2
-100
31
50
-28
36
-51
7
67
15
-7
-10
-8
-92
62
-7
61
-75
-8
49
98
-41
24
-27
-19
-31
4
18
-32
-45
-11
84
-22
-21
-61
-93
68
-11
73
-6
16
-27
41
22
-45
-29
25
-63
-4
33
45
61
48
87
105
53
-12
14
-36
32
35
-13
-13
80
64
34
40
-63
42
6
-1
-38
-55
-40
17
-67
-6
-22
9
-19
-8
47
18
25
9
-78
-51
-36
89
28
59
1
-45
-108
12
38
-48
-18
-21
-51
-12
17
57
26
89
8
-33
8
41
16
91
1
-6
-49
43
36
-32
-9
-9
46
5
-35
-11
24
42
-35
24
-61
-12
-41
-41
-55
-106
27
3
5
-69
17
-66
18
-31
21
25
-3
9
-55
-20
-5
38
2
-104
-36
-43
-8
-6
-42
-95
69
-80
-11
95
3
-52
-1
-13
-96
-46
-29
-27
-5
57
33
4
27
33
-40
9
35
-25
58
-16
32
-67
-42
9
-12
-18
-40
-55
-65
-22
-37
42
20
-50
-43
-11
2
-75
1
-61
-7
28
-14
-16
26
-10
-7
21
-28
-12
-39
-50
64
-86
61
29
-64
-38
-24
31
55
5
23
-52
35
5
16
-54
49
-48
-38
-7
24
26
-20
-22
47
42
-55
-85
13
19
-78
26
-9
26
-2
0
10
17
-16
-24
-114
16
-11
39
-3
-2
-107
19
5
40
-83
1
-43
38
-55
-37
-78
-17
-40
0
35
-29
30
-12
12
39
51
-5
-28
-69
-29
36
-15
-73
-6
-24
-79
-103
7
69
78
-40
-18
-19
-70
4
-8
-8
-10
130
51
-12
-82
-32
-3
18
18
2
-17
-30
54
-15
-51
94
-72
9
-46
17
61
0
30
21
-47
-17
-72
0
-41
57
-39
61
-37
6
21
27
-29
42
-28
77
15
43
-6
20
31
-57
46
-9
-5
42
-53
-23
38
-33
38
6
4
62
28
3
41
-76
-54
64
32
-78
-31
-39
-19
-45
-25
-9
-59
22
56
11
8
51
-90
-83
20
49
11
-10
40
-11
-73
41
20
-64
22
55
-76
-2
44
-87
-2
41
-23
-47
-24
92
58
-75
-6
-51
-4
-3
9
-2
25
-35
17
-26
41
54
-56
-46
-87
37
-5
-78
2
24
-32
64
-81
6
19
-73
33
85
27
45
83
44
-22
-61
19
-4
29
51
107
-41
-162
-44
-62
77
-47
15
-28
46
47
38
64
67
86
-9
6
2
27
19
73
74
-34
19
30
-61
-29
-54
-41
58
3
21
47
20
1
17
2
-4
40
28
50
27
39
2
10
27
109
-22
-61
-59
60
48
22
1
128
-2
-38
2
69
74
-19
-10
-23
74
49
-37
77
81
9
46
-28
-78
-12
17
83
28
-17
91
-12
61
77
79
103
-50
-13
11
0
-76
107
-67
82
12
-59
-13
-78
163
18
67
56
-1
-86
-62
0
-18
12
34
0
22
-48
19
-9
10
-7
95
-76
19
6
39
26
22
63
13
72
-53
-65
-45
30
-46
-43
-13
34
-2
-6
-85
15
-5
-6
-80
39
22
32
-69
-7
37
-31
-45
-44
52
5
-38
-25
121
75
-56
60
23
20
-68
-14
6
54
-18
-39
-65
66
-42
20
12
-114
-9
17
-25
-34
-79
-4
62
124
-2
33
45
62
-65
82
-9
-20
46
100
39
-48
-48
-8
37
42
2
-11
-34
-31
55
54
167
42
-76
-43
-28
-13
-47
-20
25
10
-3
-21
27
-16
-29
-78
8
-17
25
125
-47
41
-44
-10
49
-23
31
15
63
28
-15
-51
-3
-11
-61
-4
-38
1
63
17
-12
-36
-107
53
17
28
12
-27
68
8
-3
42
58
-92
-1
-15
12
-37
69
-18
29
-14
20
14
23
-44
-10
45
45
19
-74
8
6
-31
-10
41
-11
52
49
43
-9
-14
21
16
-130
-47
-69
65
-6
-21
23
-30
-14
-46
18
5
20
8
13
-17
-9
-9
-40
40
189
-65
43
71
16
-40
-113
-53
34
9
-81
-90
66
-39
22
86
-75
49
-6
-51
4
-44
81
-19
26
25
2
33
20
-40
-40
111
-29
-17
-37
28
32
-70
52
12
-2
-15
-46
-13
-31
31
21
6
-74
-72
-43
16
-11
-96
-20
29
19
-46
-32
-25
34
-39
8
-10
-29
-15
-21
-37
-10
10
-40
-47
65
-34
48
23
-52
-21
3
17
-174
14
77
39
-91
-16
75
16
-61
-12
49
-19
-8
-79
-25
-70
-27
14
31
9
33
-28
-82
12
78
9
-29
50
0
-4
-60
-17
0
41
-1
-14
-64
-45
40
6
-4
42
96
59
-79
-50
24
80
-90
-80
-3
1
32
24
-12
102
-36
15
61
46
7
49
5
-66
11
-42
16
5
49
-58
24
-21
47
79
74
-43
78
41
-28
47
-82
-45
-71
63
-25
15
-32
-60
63
20
40
-50
48
-140
-15
-15
60
-102
-22
-5
28
35
-12
8
-18
-11
-42
-27
-76
-67
-63
56
25
-102
61
133
14
-29
-70
-2
-27
53
-28
-9
-12
16
-20
-127
-2
110
-61
-29
36
-17
-1
17
-70
44
25
-60
2
-23
-24
-39
-37
77
16
-43
57
39
53
39
66
10
9
41
-62
54
-24
-27
-75
-29
-23
13
-22
43
32
-9
18
-24
-44
-28
-14
-82
-34
65
-46
42
-1
-42
-35
23
-22
18
72
-34
14
2
-10
-81
1
-29
-29
25
-23
-22
15
-58
6
-72
14
21
-103
-18
34
50
-107
-48
-14
-44
17
19
6
18
-33
77
-75
61
-36
20
-85
26
-32
-85
-21
47
-60
34
-72
-33
9
-67
28
10
10
-16
44
59
-44
-53
-17
-28
-42
33
-67
-2
49
28
34
-58
-28
-80
-43
8
8
16
-16
-3
6
-1
-9
22
49
61
-29
54
19
-3
1
-28
-7
-68
-44
-80
12
-51
19
-114
39
-74
78
46
45
-54
-77
4
-5
51
60
56
44
21
79
78
27
0
17
31
32
-55
-12
37
61
60
44
-41
-1
44
-4
-69
-50
52
23
-53
46
57
68
-54
-32
-73
20
-73
-20
8
-13
-38
-52
-17
31
-50
-119
68
36
119
19
-61
-6
30
-53
-5
-59
-21
14
-77
-33
-9
-64
-5
-2
11
13
-76
12
24
114
-77
111
-25
24
-72
69
-48
29
18
-17
-15
1
-4
-42
-66
50
32
32
-93
91
30
6
-37
70
-50
43
-71
-95
111
-123
-53
176
15
24
-59
66
16
0
-58
68
-76
77
13
42
12
7
-48
-99
47
73
19
-79
55
-32
-12
63
34
-2
34
21
29
-68
32
-16
-16
72
-50
-67
-48
-1
10
-59
57
1
41
-38
51
-5
0
-10
-90
47
-20
59
-44
-110
-68
-15
-57
1
-52
-24
-3
-15
3
-12
61
-59
57
-62
-51
17
28
-43
78
50
12
-66
31
12
35
-18
-31
-14
33
-76
20
38
25
28
-3
10
-33
-41
11
-124
51
-100
47
81
14
3
26
-28
-46
67
-63
-22
-7
47
10
-42
-19
12
-5
39
56
-16
-84
3
27
-42
28
64
-24
-12
37
-5
52
5
94
15
-62
-9
-46
33
-50
108
11
-83
-123
3
23
-44
-76
-24
-38
36
-34
116
-40
-42
94
5
33
5
38
-106
-29
-55
-58
64
-14
19
14
56
39
6
-71
66
-114
34
-6
-1
96
21
-78
6
-45
56
-157
-1
-10
15
41
-62
16
-35
-43
-102
-47
24
47
-8
-47
121
27
51
-109
-63
-71
-93
35
-75
-52
-26
54
6
-48
-44
75
-10
36
6
-36
1
-112
-8
69
42
45
30
-8
58
55
68
-18
32
78
-56
15
-46
63
-25
38
41
33
-36
64
11
-36
-24
-4
21
27
25
-116
-46
-39
61
6
-84
-4
-12
70
-15
33
-38
4
-67
-16
-27
34
-35
-29
92
96
-68
-2
-15
-23
-46
-31
56
-14
-43
-66
7
55
-17
0
10
23
-104
29
6
-72
17
17
-14
45
35
2
71
-40
-45
-46
10
-32
-42
-17
13
19
-67
32
-33
-66
4
-99
-28
-8
57
26
84
49
-22
-36
44
52
-63
-71
48
-28
8
43
-1
-81
-22
-18
25
60
27
-36
30
-17
27
13
78
-2
-64
-62
-79
34
-51
8
-11
-105
-8
12
23
-72
44
101
9
-65
-30
-47
-61
31
11
-28
96
69
-175
-12
-116
13
15
-121
10
-24
-45
41
-1
8
20
71
-86
-18
-1
-16
-43
-66
1
-18
-2
14
1
1
78
5
70
42
-17
3
-23
-37
1
-73
33
-10
-1
57
-8
124
-27
7
-19
-87
117
-5
-75
41
-32
-24
6
-26
103
117
-44
-27
20
29
-30
-31
27
-9
14
3
-3
-9
12
44
-67
-43
12
14
50
-12
9
66
-33
22
73
76
-28
-8
-51
11
-46
-26
-19
10
-46
-58
-43
14
148
-45
-68
-44
-67
-109
16
-26
-23
34
30
-21
-1
8
-59
-72
38
-27
44
-54
10
25
-42
15
57
-68
-30
-21
70
50
7
-7
-110
-77
-29
-30
-38
-99
24
-36
-35
-96
-42
9
-15
3
-8
8
-40
31
14
-163
84
5
-23
-63
-113
33
-49
-26
133
-21
-43
-1
-115
15
34
-12
36
-21
-19
-2
-26
6
-6
41
-59
-24
42
34
-32
10
-50
22
23
47
-38
-48
56
25
20
-35
-62
-57
76
-62
27
47
-8
28
-13
-25
0
47
-14
26
-85
-53
12
-30
-34
-21
5
0
26
-74
67
-38
-4
11
15
66
35
33
4
-55
-14
41
-23
-80
44
21
108
28
-7
12
27
17
131
2
-23
-14
37
-32
-22
-15
-9
13
71
90
42
44
63
-11
47
16
-15
-25
39
27
-116
-31
-114
-50
79
42
1
30
-37
-8
-36
-21
-30
28
-61
33
-34
5
-3
102
-66
34
-10
-44
-1
22
36
5
-50
-35
-93
-27
41
37
14
-50
19
-2
-83
37
-23
21
-15
22
7
-2
46
-13
-15
9
58
-118
12
43
-46
-51
-118
43
-64
14
105
60
9
-49
0
59
100
-43
-119
114
-15
-76
-91
