50 100 64
0 1
0 14
1 7
1 45
2 6
2 30
2 40
2 48
5 40
5 44
6 49
7 0
7 10
7 15
7 23
7 31
7 44
8 23
8 35
10 15
10 32
11 8
11 22
12 30
12 33
12 36
13 29
13 45
14 37
15 29
16 16
16 22
16 25
17 3
17 13
17 43
18 33
18 40
18 45
18 49
19 2
19 4
19 12
20 0
20 8
20 9
20 20
21 24
22 29
23 32
24 8
24 18
25 2
26 15
26 27
26 35
27 2
27 9
27 43
29 7
29 40
29 41
30 27
31 30
31 34
32 18
32 26
32 40
33 33
34 23
35 3
36 31
36 35
36 47
37 17
38 37
39 20
39 32
40 17
40 29
40 46
41 0
41 5
43 26
43 39
43 48
44 47
46 2
46 3
46 14
46 19
47 5
47 28
47 47
48 19
48 30
49 6
49 9
49 10
49 28
14
61
2
63
33
41
95
87
10
74
96
27
4
20
94
66
58
3
25
32
29
62
76
12
44
42
11
72
1
28
98
51
59
81
69
6
73
56
53
7
38
75
5
23
16
55
48
78
50
85
36
35
77
43
86
60
93
39
52
9
99
88
37
24
65
15
13
68
92
26
18
21
82
79
71
0
54
47
57
97
67
89
84
40
19
64
83
8
90
70
17
22
34
91
46
49
31
45
30
80
-15
-114
50
-69
49
48
-88
-48
102
-66
-11
24
27
-6
-95
130
60
-26
17
-74
-86
-62
9
-42
-140
81
-21
-8
1
-49
-63
122
-71
33
-41
-18
32
-38
58
2
-24
22
-18
-3
-81
115
-12
-108
-160
32
11
47
-86
70
35
-2
-173
-46
81
8
57
31
-79
-14
27
-107
13
52
71
86
-120
127
14
-82
79
-75
16
51
128
-59
86
-35
-31
-96
9
84
-92
79
-31
63
-38
42
-108
-51
60
42
-6
-43
-4
-47
110
-22
11
-34
-36
55
-93
25
0
9
-122
28
-1
9
61
-27
10
-8
138
-4
39
-76
16
-16
3
85
-22
-31
-13
-77
-70
-32
15
35
3
-68
63
2
-35
-64
1
8
156
22
-22
26
94
138
2
27
9
-46
46
19
-45
39
-5
25
14
117
-63
118
24
-72
23
-12
-29
-26
-114
-9
-44
-36
102
65
-9
90
-90
-45
-23
67
29
51
-6
7
101
-11
-25
126
78
3
38
59
-65
-28
27
54
-1
-90
-12
-48
-39
114
-49
124
45
148
-1
90
-69
-30
4
88
-43
68
32
-35
-1
-2
-50
-31
-15
67
55
45
70
37
-18
71
-8
-148
-18
-9
78
5
-41
-21
-28
-25
49
-66
99
44
90
-133
18
22
-49
17
-30
84
74
6
5
60
-3
-63
8
16
36
-42
167
-149
48
10
26
31
-43
61
48
116
-71
-14
36
8
66
-68
-122
-90
-26
-12
29
0
-3
65
32
-23
36
6
59
-80
-25
118
96
13
90
-51
71
14
-5
-9
-65
202
-27
8
-27
58
-32
-20
-41
5
40
-41
-27
-17
20
-17
22
0
-182
-22
82
38
41
74
38
2
-42
-29
25
30
-85
8
32
26
3
-76
11
51
17
-65
-85
35
57
54
-41
-50
78
-48
-35
14
-3
53
79
44
84
-65
52
54
-50
-146
-35
-10
27
-100
-26
6
23
-106
-16
127
-101
13
-102
93
-18
-88
29
-67
7
-48
7
-6
-12
-13
-52
-56
23
141
-16
24
117
-64
-23
-91
-91
-7
12
33
-1
24
-20
-9
-82
36
-22
11
-79
16
-76
-10
120
42
57
14
-37
-12
42
-30
72
114
24
1
106
-25
-11
-63
52
57
48
49
-18
-63
45
-6
42
82
59
60
67
-19
0
85
43
-4
61
1
-1
-49
-42
-36
78
9
-22
67
128
53
-51
-40
-20
-79
-27
-22
-18
63
91
13
16
2
-41
3
27
-7
-166
15
100
-20
-51
-17
-135
20
-34
-34
62
-100
-115
-33
-81
-72
30
58
1
-57
-117
-39
-20
-11
48
-67
-27
120
14
2
-21
80
105
-118
48
53
64
18
4
-28
-82
78
76
45
43
67
40
-112
113
29
-95
-19
-115
84
-47
38
-37
19
-39
36
-14
83
-9
-6
-6
-51
62
-48
-43
-2
62
-21
48
8
44
-46
-12
128
27
13
-122
3
21
-22
-40
-52
-14
-142
129
-22
-116
-45
-84
120
-30
4
79
-17
29
59
-16
-6
85
-61
-76
12
-71
-3
-50
-27
-94
15
12
9
78
-41
147
-22
-16
-58
-9
49
-150
-44
64
-38
11
8
25
179
17
-66
-60
-120
66
126
65
-138
-23
3
-84
37
21
-24
11
185
-52
-15
62
-97
29
-118
15
33
92
3
-15
30
-48
64
-73
57
-151
-3
37
-57
70
-80
7
17
120
-11
-79
156
84
6
18
50
57
-7
-76
-2
44
-22
68
176
-23
-78
90
-61
140
-103
42
12
-41
90
-74
59
-34
-67
50
96
-14
39
15
31
27
69
25
87
54
-3
12
75
9
88
-117
-31
90
-98
32
98
19
11
19
-45
20
44
-43
-5
56
9
-37
-11
49
-23
145
10
-27
94
-92
45
-68
3
-88
37
4
21
-75
-30
41
-10
2
-38
-71
-34
-58
-57
-174
-135
-68
-56
-28
79
-77
15
-8
-20
-124
69
52
-79
47
20
112
80
-15
-103
24
-45
-73
71
-3
-1
-12
-27
-17
-46
-34
-88
64
44
-102
-119
14
137
-5
-139
-38
-24
76
26
54
14
19
-44
-8
-59
-65
-106
-107
-1
-5
-13
-9
-66
18
9
-26
-72
-26
-71
-91
54
28
14
22
16
-14
19
-54
-15
-50
29
104
-48
-123
12
20
122
14
89
31
-2
71
-36
-4
-32
153
47
105
-10
8
-48
-40
-84
-105
-29
28
-61
-43
7
-8
33
122
75
70
30
-24
3
-16
-47
-6
75
-100
64
54
-23
-74
47
-37
95
-17
10
38
14
-85
-45
37
-61
-72
-59
-126
12
-51
-15
4
-52
-146
-18
-9
-31
149
23
-36
-125
10
13
19
-16
-101
53
-8
146
-55
-120
108
21
-107
-70
-95
-65
-63
-17
-47
-33
-58
-104
-76
67
16
-29
71
122
62
-11
42
99
27
94
-70
-39
-54
-6
2
-67
12
-39
82
54
-107
106
-39
153
-6
0
-83
-77
-28
-32
68
-38
47
39
63
29
-114
-57
54
59
5
197
81
74
78
-17
-9
-45
-39
54
84
105
-24
-4
-23
-27
-82
52
65
22
16
5
-144
72
110
28
-4
-18
41
-130
-58
1
85
6
-38
100
45
-2
-5
-2
-54
-9
2
-7
-127
72
-59
44
0
16
-104
-65
27
49
-121
4
102
29
51
-85
-56
-24
-2
-9
-97
-16
47
42
-12
-128
26
-20
-14
-14
73
-35
56
25
39
-32
42
-25
-35
48
-66
-45
-34
-80
84
-10
-58
70
-93
1
-93
60
-55
-89
-17
-89
-51
-69
96
-93
-107
39
4
90
14
42
-14
52
-71
-23
61
69
74
-66
74
-93
-1
-41
9
17
22
51
-27
-13
10
-36
3
10
-92
-40
16
28
-47
6
63
-11
187
71
-71
-18
16
76
42
68
-81
-87
68
-66
10
-29
-42
-34
120
-74
48
11
-24
-74
81
-24
-8
-1
-24
57
-31
22
-71
-19
-41
-11
69
-80
-11
32
34
-111
4
108
-41
-4
95
-71
55
53
15
29
64
51
-23
-7
29
-10
-61
-89
72
-91
-55
9
20
-21
37
92
-96
47
59
-25
35
26
8
77
-90
-82
-15
-3
-30
-22
2
-73
-41
-17
-122
-88
61
100
-83
59
-8
52
36
25
-2
95
-18
33
-54
-65
-21
7
18
-106
-14
2
2
54
-4
97
169
-63
16
-44
115
-90
12
32
-37
75
-113
12
49
-11
34
-14
-15
45
-64
-38
39
-7
-74
78
2
8
107
2
-124
67
-9
-8
23
20
63
62
1
-42
51
67
9
16
61
6
-46
111
-62
-92
22
5
-39
-38
25
-25
-57
53
-127
-77
102
35
21
116
-51
117
-15
71
20
1
-42
-158
118
-17
-130
-18
-93
191
-37
2
-39
29
78
-175
-33
-102
-52
47
49
53
-32
98
19
-76
-58
66
87
-31
-6
23
82
13
-1
-90
-128
-65
-24
-110
158
56
-18
-83
-68
32
124
43
40
82
-25
-151
-18
-1
100
-49
53
-83
17
156
21
63
3
27
-33
10
64
123
35
-41
-17
0
128
18
-11
0
12
-24
54
-90
-50
63
-71
22
49
-76
-31
-47
-36
-24
59
-64
75
91
4
86
167
-35
29
-20
-68
-78
-19
-26
98
190
55
95
-8
159
16
119
-14
-96
-42
-14
114
-157
40
37
59
-61
-46
-42
-75
80
-12
-71
55
-16
-95
54
-39
35
-83
31
-39
138
49
-90
-52
-40
-16
63
28
71
-6
51
-8
13
-2
41
-29
7
144
-17
66
18
25
28
-95
18
66
-146
128
32
-58
-8
73
-98
61
-113
84
-12
-86
-93
66
-102
18
-18
14
79
4
-44
-105
4
95
-47
73
-5
2
11
1
-21
-25
-8
62
43
-25
58
-54
62
67
-92
-80
-48
46
125
20
-97
55
42
-53
-3
-7
53
7
134
-9
-7
-91
-28
65
89
-96
-7
-65
71
12
-21
2
32
-82
-38
-76
8
-53
3
-70
-171
-183
50
-1
-54
30
88
19
-4
-52
19
6
-122
215
133
79
-15
148
-63
-50
-92
6
9
52
9
92
16
176
-32
53
-25
34
-14
54
-2
-93
-65
-23
-42
-58
-21
-21
86
-93
8
-14
-60
-55
-23
-64
116
-17
71
-50
112
8
9
20
-52
36
-113
46
8
29
43
83
-4
-23
25
96
-4
60
41
72
-3
-112
135
-95
-21
-46
54
56
-18
-20
-34
60
19
15
-42
-28
34
-80
35
76
-17
0
79
-77
-46
-76
-37
3
2
-15
-67
27
63
-46
-63
19
84
13
-52
-90
-125
-17
122
-8
-2
-56
-12
-10
115
45
46
-37
142
36
-31
-42
39
-1
-72
-39
-20
43
71
102
-8
28
-5
-92
182
-12
-12
-35
-102
15
0
62
-109
-1
-77
-122
-54
32
24
-111
126
40
76
-25
70
34
-96
-126
160
113
177
-124
-76
-10
105
14
70
-65
-17
-35
25
132
63
-78
-9
-43
-49
11
88
30
-25
23
19
-89
64
54
-28
62
-86
103
-130
19
70
-1
-40
146
-63
-158
-94
-60
-56
-69
-2
37
-43
20
15
34
-95
-105
-38
26
92
-16
107
-19
18
53
-57
18
12
86
13
-71
90
52
-30
-11
-1
13
12
-94
10
30
-47
-7
102
-75
46
51
-83
-31
-146
-77
35
-109
-22
-46
-10
-53
135
9
20
19
-40
-2
-81
17
72
-19
-45
-25
0
47
75
-48
18
60
210
-93
20
23
26
16
-47
62
-114
58
56
-80
42
38
135
31
60
51
43
50
-31
-43
128
0
-1
-4
-12
-7
65
96
38
-19
-82
-14
-57
-48
210
-84
-25
-24
60
-20
-175
96
-79
-39
38
-36
-78
-65
-87
42
-92
-63
120
-18
-56
56
5
15
-19
29
38
13
-62
21
-60
-57
-36
60
-4
63
37
-114
-40
-7
7
3
2
46
-114
40
8
-56
147
-132
-52
-91
158
95
-11
78
-13
40
-25
-6
-65
-69
109
74
34
60
-63
40
53
-92
20
-46
-115
-54
-52
-33
-61
-70
-10
-167
-151
-79
-11
-2
-52
-106
91
62
-68
26
-11
-20
38
28
42
-60
61
30
54
-22
44
-41
-59
-45
-16
76
-17
-21
84
67
-61
-11
5
69
67
-56
-43
-9
59
-45
81
-20
6
-87
-4
-70
-42
69
19
-8
68
101
-1
51
42
120
5
22
-46
8
-15
77
60
18
70
75
43
-7
9
-15
-67
-54
77
6
82
-4
66
-3
99
-109
-75
-39
0
-13
-40
-12
-2
-18
2
63
-61
-74
56
-94
0
-8
58
-4
-42
107
-82
-21
65
29
145
-17
41
22
70
54
23
74
-2
13
-84
-24
62
-85
38
59
53
64
-105
39
78
-60
-2
-1
-34
-38
77
-27
107
-32
-77
12
-19
2
3
-81
-45
-64
-60
10
-57
89
59
116
-154
54
-80
107
4
-42
-43
154
39
92
57
44
5
-67
64
-14
1
115
-40
-43
70
-23
72
21
-31
17
8
0
-60
-79
98
34
-33
26
5
-50
-24
134
-22
0
-32
-74
-1
14
21
-52
42
38
90
-34
58
-59
102
19
129
33
-91
-35
-36
-17
95
32
55
-24
28
82
-6
-79
-7
-60
19
56
48
-57
109
-136
-110
16
-25
-9
70
90
68
-12
55
138
42
34
34
63
50
-13
-50
-64
73
-50
-35
14
60
70
-148
186
-34
-28
-20
-16
6
25
28
-88
19
-57
60
-8
-19
42
151
-41
41
-79
-39
-31
101
-33
-118
53
-62
-20
-56
77
7
42
-42
77
29
41
24
-92
-32
58
48
32
-3
110
35
32
-62
-1
14
36
-92
44
5
-22
132
-40
-78
80
29
31
2
-104
108
25
-94
-85
20
37
-60
-35
-19
18
-9
6
6
15
62
37
35
-103
81
34
132
61
-40
-19
85
-2
-100
22
-7
22
-7
25
47
46
-91
-3
20
183
-77
43
-83
-111
50
79
-84
0
5
-60
24
102
68
73
12
-81
-23
77
69
-31
108
77
-55
26
-14
-74
68
19
-33
92
49
-75
43
-134
102
13
-31
57
-72
-6
99
67
-158
-57
-69
-42
41
33
15
0
-45
45
-1
-5
64
93
20
-132
62
-35
-123
-74
-12
29
55
-24
-106
42
56
-31
-154
40
12
21
45
21
-81
85
-40
-57
115
-77
-120
96
-48
-67
-33
53
8
-123
-4
76
-78
-127
-2
49
-119
58
-32
1
37
24
-87
-80
38
119
-41
-39
28
109
-91
-38
56
63
-83
-86
31
75
-73
-121
155
-95
-30
-33
2
-92
-1
-48
82
47
-68
116
54
33
21
-27
-33
28
-44
-54
-32
29
65
-15
99
34
-177
-1
-81
2
2
48
100
38
126
24
86
-37
14
0
-45
26
-30
46
18
52
14
-20
-83
59
28
-36
-58
19
12
-88
-35
-115
3
-24
104
-23
13
141
-80
78
-33
92
106
-37
-126
30
-7
103
-5
-32
-95
-39
4
-92
-38
115
39
-39
61
120
-2
4
65
-25
-51
95
17
-71
-62
-58
-45
12
6
-28
-46
24
86
-47
34
16
-88
8
-37
71
84
96
-8
100
-38
23
-35
90
-27
-94
8
155
-15
-146
-37
-95
-113
-66
-8
121
-157
-60
-67
-100
-41
65
80
76
48
38
49
1
-17
17
-23
-38
0
52
-77
-7
49
62
53
38
42
67
118
0
-40
-95
15
134
-158
-60
20
-55
-36
-13
-39
53
62
-108
-130
58
58
-98
-26
-40
11
-105
-40
-20
-1
43
51
-81
82
65
-79
16
40
-8
-123
136
64
22
-31
23
-102
82
56
40
-60
-27
18
-81
-5
58
-44
-116
-7
24
-108
125
59
10
2
-4
-69
65
9
28
-51
3
-16
-20
-20
38
84
-22
51
-59
-19
4
70
-26
-32
-36
114
-52
29
60
26
16
-32
54
23
66
-64
85
53
34
16
-67
-74
81
2
13
62
16
32
-15
18
21
-93
-5
-30
26
3
-14
9
-126
-43
-91
-20
54
14
86
-31
-25
22
-10
12
59
-45
93
50
155
-31
13
-21
-17
-37
-71
-6
-15
-17
74
-21
-142
92
-136
-94
-36
-115
78
6
-8
52
-90
131
-73
42
-59
-33
14
-37
-71
56
82
68
-52
69
-3
-31
-11
-39
-49
50
-55
4
10
-19
-79
10
11
-37
-91
26
44
4
-119
-18
124
56
-28
55
-91
77
-22
53
45
45
-59
-105
-100
-15
21
-150
-86
6
-109
-37
-134
-4
-1
52
39
51
13
-73
-62
47
-140
43
-44
-31
47
35
-40
-85
-99
-72
14
34
-39
-17
-1
-79
-129
29
24
28
-39
-90
-38
-6
-28
-4
33
2
-1
4
38
122
135
0
100
-52
-90
-20
50
4
25
36
-54
42
-136
-22
-6
17
-20
4
22
-11
-28
120
39
63
-91
3
-54
-13
-29
-54
-2
-41
65
-80
9
5
47
-17
57
76
-49
-131
-16
-79
7
-130
-62
18
-60
52
59
-7
-139
-107
86
24
-45
30
-61
45
-132
84
32
-73
82
12
-27
52
-57
15
91
5
23
47
34
2
-67
30
-73
81
118
-58
2
-81
35
111
-42
-7
74
71
5
-45
-55
51
42
1
-6
71
-52
-6
-72
15
-81
-11
-13
-12
-1
153
-60
-70
-49
-55
-29
34
34
68
65
28
-53
26
65
-154
76
77
-126
-52
36
-147
35
72
18
23
98
-33
78
-105
-101
-16
-45
-27
16
-22
-17
-83
87
59
61
51
67
-106
-73
-2
27
5
12
-51
28
55
105
11
8
-12
-19
-22
15
-20
-2
61
-18
-129
-78
24
-94
-10
-8
132
81
67
9
-142
67
35
128
20
6
-3
-82
-126
-57
-100
20
-8
-1
26
-97
36
34
-109
14
-38
-25
40
84
-56
-67
57
53
-126
110
168
-19
-45
-22
-34
-9
59
105
48
88
41
113
-8
-65
132
-57
-32
-93
2
-67
-32
8
-100
-60
9
-11
133
16
-17
-41
-122
-50
-109
11
-1
-19
40
-59
-56
72
39
80
-44
67
11
96
97
53
-11
58
-13
24
99
-43
24
73
-87
65
16
46
-19
85
-52
-96
-3
-68
13
34
5
105
-1
84
-5
8
83
-118
54
-61
77
76
30
109
50
42
27
-35
-61
59
10
35
122
-31
-99
40
49
32
85
-17
-52
27
-72
4
6
34
-50
39
-25
64
-17
86
-8
11
71
12
-56
-38
46
-116
-32
62
64
71
-30
55
29
37
-119
-51
-47
-15
-23
24
-87
65
-38
56
101
-3
-27
59
-7
10
-37
77
77
95
62
-14
-83
-2
47
98
72
-5
-39
39
-8
-156
4
45
-39
34
-58
-122
17
-66
-70
7
-28
-5
26
-1
41
61
-39
-5
-31
27
-166
-4
33
48
-40
-48
10
-108
62
29
-78
-55
-35
77
70
125
45
-50
43
-18
-29
-57
-4
-12
-49
-25
12
3
-68
-60
49
-32
-24
-60
34
-158
72
45
57
30
-59
-2
3
9
12
56
-195
-82
62
-35
-57
-4
65
-61
7
16
58
72
-78
-42
12
-36
-1
118
-109
-48
6
-119
12
-3
-16
95
75
28
-4
-44
-76
21
45
-17
97
-116
-27
-50
25
21
49
56
0
112
-64
132
-1
51
-78
82
27
-134
44
-16
17
6
7
-18
-106
-34
26
10
7
95
-114
-42
-9
78
-33
-37
-41
36
81
14
76
98
26
-5
34
-69
80
5
-41
-49
57
141
14
-8
7
25
59
106
-28
-22
23
-54
11
47
34
2
116
43
-132
96
50
109
-66
3
-49
89
1
-5
-63
-50
72
-31
-14
1
54
-67
-106
-27
107
-32
37
117
29
-4
8
76
-57
91
68
102
-71
-7
-49
-28
15
-44
35
-156
-25
58
7
-4
-74
81
95
-10
62
17
-12
16
53
-127
12
86
36
-10
-98
109
91
-114
5
54
33
24
-82
68
48
70
-8
-16
-50
89
-49
40
-7
39
-9
-47
85
113
84
139
45
-49
108
37
-45
25
-6
59
-88
-7
-11
-40
-94
-76
77
-105
-24
7
-41
-11
-87
-21
-86
-56
-13
6
-48
-75
20
35
-92
-57
-39
20
-106
151
-22
-30
20
14
-22
-45
96
57
123
66
15
122
29
21
72
79
76
43
79
-35
35
39
37
27
136
110
0
-87
-37
4
-30
-72
-24
-163
15
27
5
106
-68
85
-41
8
-13
99
67
27
-1
13
24
32
-54
23
10
-26
-46
7
35
65
-82
-15
93
-35
-44
52
-35
23
-77
4
-20
-91
51
16
-124
35
16
43
54
-98
-47
-2
-38
-64
31
-11
-70
45
-41
-39
32
42
-106
28
-49
59
-2
121
22
3
-116
19
-120
27
-81
-44
-33
-45
-57
-65
-8
-24
88
29
-85
-84
97
-32
-56
-128
16
-1
62
-38
19
26
-33
-85
-77
35
-32
-155
31
68
12
37
41
-8
-3
-11
-81
-35
-10
5
-81
5
35
-33
-35
-68
66
58
100
6
82
-38
64
-37
-65
45
85
24
29
-63
26
83
-90
-53
1
-47
79
88
87
-59
-8
-36
-35
-98
24
-67
-23
16
-49
26
-103
148
5
113
-29
27
-61
66
48
181
60
-5
-18
27
-55
-12
-65
139
62
-54
-2
-48
-20
-63
-10
-170
-31
-25
-146
-73
-60
40
-149
-56
99
-38
108
178
-38
-24
65
-49
128
-21
38
62
-45
11
-51
-75
-52
55
58
-38
-21
-62
44
-103
-76
-59
-20
99
-168
97
-48
-46
47
-82
106
35
0
59
-6
67
4
50
-39
-125
-15
-82
-46
11
91
57
-27
-20
9
-129
4
44
6
-165
-57
51
34
27
-92
-83
-13
-25
112
53
-4
-68
-122
42
13
-60
-154
-150
-46
38
-2
55
47
126
-10
-32
88
-39
40
56
-115
-52
37
-20
-60
-13
-47
-52
-65
109
-66
139
14
24
-108
0
-103
60
-83
8
-105
33
7
-14
-20
114
25
-19
92
67
60
2
-72
-186
-71
-132
-21
-59
40
13
-10
37
114
-3
48
-19
-33
19
47
4
75
0
-51
-60
-29
-51
-41
-66
61
-3
-21
72
-67
34
33
6
47
76
16
71
49
38
35
117
59
-25
-19
47
-102
34
-10
53
175
-41
-114
103
-70
31
-3
59
71
-36
4
-44
44
79
37
-34
-49
4
-63
16
-51
27
0
85
-36
8
-38
79
-45
60
50
59
-4
34
2
112
9
8
-87
23
67
58
54
180
33
43
53
-125
-13
15
13
20
-102
46
1
75
-127
-11
-54
-34
60
-143
-43
39
-48
62
39
56
21
-58
-34
86
34
-49
-81
84
-67
38
17
-29
-29
-26
3
-83
-105
-64
72
-12
-25
-19
8
-32
47
26
35
71
70
33
164
-19
126
-112
-21
119
-91
49
-58
12
48
-20
-20
79
-4
38
14
52
112
-13
-109
-13
74
74
120
-2
95
28
65
61
-80
34
30
-80
-86
-20
0
121
78
125
-107
8
-59
83
1
91
1
-39
35
18
-11
-136
-14
-3
-34
-4
-32
-56
0
-14
47
88
49
55
-135
-81
-28
-62
-53
37
7
115
3
0
130
-46
-24
9
-59
-30
-16
43
36
-12
-51
-10
-41
-51
46
10
9
-3
-51
38
154
75
-125
27
141
29
-16
98
41
27
8
-160
21
145
-72
-47
80
44
-6
107
-45
4
54
19
8
123
-33
4
-13
-18
61
-43
-35
-145
-1
-75
23
-36
29
11
-79
-24
30
-13
49
-49
-136
35
-133
86
7
17
3
-89
10
-59
-133
-75
61
42
22
-74
-100
-21
25
-20
-29
92
-21
77
-131
39
70
13
-32
-14
30
-105
-3
-102
145
-15
50
-29
32
-94
6
107
42
-77
100
2
-21
58
39
-68
69
-44
8
96
-45
-33
-48
72
-174
-123
105
12
54
-44
6
-55
-48
22
44
72
41
147
-61
88
135
-25
-33
82
-69
44
48
-1
5
-63
21
-18
-72
-67
46
-14
-47
94
88
-67
-79
-4
-22
84
-122
-31
-7
-103
100
-66
74
72
-53
-54
84
-21
16
51
105
-48
14
-25
72
21
-87
30
109
-48
-11
-137
4
52
-97
-57
11
16
-52
1
76
-96
17
-112
33
52
4
-120
57
25
61
-11
3
107
67
-5
-49
100
-74
117
-4
47
-96
5
-78
-173
-58
-30
-99
-80
0
-25
-32
41
-55
-73
64
-110
-38
57
-4
9
19
81
-23
105
48
-56
-49
47
40
-24
37
-86
-36
-64
-120
38
137
210
11
8
-45
-47
-28
-16
-26
-10
120
107
-169
-35
-27
-47
-45
-4
3
-104
18
-106
-77
44
-100
-140
-38
-34
-57
-120
8
31
-7
66
-1
-120
14
-43
-7
48
19
-73
43
23
24
-15
83
-120
24
40
-6
-105
-69
7
-105
-80
38
23
-41
-36
18
110
-115
-89
23
0
-68
45
4
152
20
-46
-23
-86
57
-113
-45
29
-187
-33
-113
55
-43
57
65
73
-72
-78
8
-50
41
50
28
-60
-44
-71
35
18
5
-61
66
-52
-23
38
-98
-5
-16
81
13
128
-97
-12
-91
28
28
28
29
92
-4
-129
-41
160
-74
-12
51
40
-2
-3
105
144
-50
-72
22
-64
6
182
113
-12
44
-175
28
-34
1
21
70
-29
-41
-28
145
27
141
24
-21
153
11
66
7
75
77
65
15
-122
63
41
108
-57
-73
-14
56
58
50
4
-12
11
21
94
-34
15
7
-85
11
3
44
-25
-39
24
18
-5
-146
64
-76
32
-34
131
-23
10
-137
55
29
-90
-65
-169
166
18
0
55
84
134
61
-65
19
-76
1
-82
-9
-60
49
3
-48
4
-11
48
-103
17
38
33
49
-45
3
-145
97
-55
-12
-133
34
-8
-121
-58
-30
-178
51
22
49
-30
124
63
-25
31
-28
26
4
11
10
-70
-98
-29
-63
-85
-75
91
-56
51
-66
-68
-99
46
-42
54
-17
-28
18
-3
52
35
-18
24
-16
-62
64
75
87
0
-13
11
22
95
23
-71
-35
113
-25
-58
107
-50
-18
-51
75
-15
15
-3
-37
20
36
-62
5
-15
-35
64
-79
-112
132
-60
13
13
12
82
-21
-148
27
12
44
38
0
0
-26
24
37
78
136
13
-16
-9
12
-88
52
84
-59
-23
24
-20
-98
8
-61
23
31
15
7
37
-40
23
-31
-44
-50
77
104
6
-3
-4
-166
1
117
-71
69
10
-32
-80
67
-33
-60
-51
-30
-33
-115
-3
9
56
-7
-27
-41
-26
-153
27
-16
-17
71
-5
-62
66
99
-39
-9
-94
-8
47
29
22
-52
-85
-78
-84
11
-13
160
48
1
-9
-85
-59
-50
-57
70
101
120
38
86
128
84
11
35
31
-40
14
12
44
-111
-17
-155
-89
-101
-88
10
7
24
88
77
62
64
-38
49
-28
36
-26
-106
78
-35
-126
80
42
16
-43
-62
63
56
-51
-28
6
-13
-35
40
-91
-134
-6
-66
128
26
-43
39
-15
-51
-103
57
107
55
27
-13
61
-12
30
57
-19
51
36
-18
11
55
-38
-62
-137
-20
-46
-53
79
2
4
-13
-6
0
-5
-98
11
-11
-78
31
-84
40
-27
-27
-27
52
-2
-6
47
35
-46
31
68
-125
34
42
183
-101
-74
-49
-37
41
-106
42
-101
86
-60
-21
-33
-47
-43
-8
40
-35
-48
104
57
106
12
29
-47
-37
-68
-83
17
55
-133
-28
91
151
138
53
-36
-1
-73
45
-47
-66
94
10
26
-75
113
0
-144
-37
-67
-26
-40
117
-68
-18
-58
50
127
1
14
-9
-121
-8
-56
-203
-23
-75
-50
61
-16
150
56
82
-10
-110
-97
45
-23
-39
-89
-32
62
54
48
23
35
18
39
-88
-24
21
-85
41
-112
-69
70
-3
32
-49
-3
-16
-13
20
39
24
136
38
67
11
21
-31
-36
-105
165
67
76
-56
-107
-60
-24
-83
63
41
-21
19
-13
-75
90
-13
57
-87
59
143
-3
30
34
-105
74
11
-15
64
29
105
36
24
-67
78
-37
-60
21
-31
68
-25
82
31
-44
-102
-24
106
37
14
-71
-56
-72
-45
-16
-61
59
-39
-56
-80
146
5
-131
84
-61
-59
-49
63
-64
99
17
110
-53
-42
-18
23
132
-52
81
-16
-47
-36
-66
-26
-50
-6
-19
-20
-68
-34
-116
96
37
-17
116
18
94
31
-25
21
6
-10
-5
-23
-66
100
42
29
65
-44
20
-9
43
56
-4
-32
0
21
-16
77
-26
-71
-46
1
103
-56
4
16
-59
106
-65
-109
-30
-21
24
24
-170
-88
-74
-15
90
-11
-89
-45
-7
167
45
2
8
13
14
145
-112
-80
53
-12
23
-67
-113
96
46
123
2
25
-4
60
36
-63
-40
-26
11
-15
61
49
132
-127
64
-66
-68
-8
-38
-54
-28
-33
-39
-63
73
85
2
-9
-55
123
6
55
-103
-13
-9
-10
49
105
6
-61
66
-90
-17
185
-76
63
105
90
63
92
-67
128
-27
25
-45
-50
35
6
-69
43
-68
95
28
-43
20
37
-7
65
26
105
73
21
58
-63
-9
86
41
28
-39
63
-28
115
110
-24
-96
45
110
-7
56
1
-1
19
29
-77
27
-60
-59
-14
-19
84
-64
-32
119
-79
2
8
52
35
-90
-66
-97
-89
76
-50
9
62
38
72
13
121
97
74
57
-43
1
74
54
-97
81
5
-60
79
-55
38
-28
76
59
83
-109
-5
35
25
-42
9
-9
-2
-35
70
67
109
92
-8
-85
55
86
85
84
107
106
111
40
35
-2
24
-21
-85
-163
62
0
107
7
59
-62
30
-117
61
-26
39
50
-3
56
80
-46
101
1
-21
-92
-71
-11
131
-22
57
30
-15
-28
-103
42
-4
35
40
41
25
-33
-57
-81
-42
-75
63
-21
-28
44
-99
13
-31
-1
15
-13
-96
-62
27
166
-53
-85
-86
-32
-26
117
13
51
2
-35
39
96
-54
-54
-14
86
-89
-158
-47
1
45
-58
48
75
68
-96
-98
-54
44
70
-18
-75
-5
111
-21
24
-67
-21
-11
-43
70
22
100
17
16
13
160
-32
-50
34
31
-64
-59
-62
76
-53
51
89
-11
102
61
19
145
-49
65
-45
74
-29
100
-44
-26
59
-120
-18
9
-42
85
72
-14
-33
-84
42
183
-58
-16
-23
-30
-38
102
-92
-80
-52
-43
-35
-50
-96
21
5
-28
-3
58
36
6
-55
27
-128
100
64
-96
57
-117
31
-52
76
105
-46
-64
-73
29
59
60
-69
-90
-64
-28
-165
6
87
-4
89
110
33
10
-39
-2
107
58
14
-45
137
71
-32
15
32
72
117
108
-84
-22
41
-31
-90
12
-82
51
-10
10
85
40
-58
0
-128
15
-54
22
-25
109
-142
52
28
18
21
44
-83
-42
69
-29
-6
18
105
18
29
83
93
-5
-9
-68
8
12
111
-79
5
13
78
41
1
-148
-57
-20
3
104
24
93
-10
37
-75
-41
-12
25
17
-47
68
-2
4
-11
-16
41
71
-139
6
-25
59
6
84
-76
75
116
-55
-31
-82
-31
107
56
29
31
-80
109
43
73
21
-9
102
-44
16
-63
16
-17
95
-60
61
-38
25
19
37
-35
-64
-102
8
68
112
12
-94
-33
-31
38
2
-99
-62
-33
19
24
5
75
-29
-46
50
-72
-68
18
-20
68
16
60
35
44
65
-84
-97
2
-48
-16
-92
-2
-80
-32
72
24
110
-48
72
-13
-30
4
-52
39
-18
-119
-103
81
-6
-107
20
-19
-42
-46
42
79
41
22
115
-36
47
-23
-19
-18
40
44
-83
-86
105
-20
12
97
-39
54
203
18
31
-40
4
39
104
-27
46
59
-43
-20
-25
132
-111
-69
83
37
149
32
95
-55
-32
-95
-22
-171
77
1
-19
107
-29
66
54
118
-33
29
2
27
-112
219
58
18
4
-59
-44
38
44
-31
44
63
-63
-61
116
22
-125
30
-54
28
-20
-24
-42
17
50
121
-8
-48
34
-45
-34
-13
-2
27
38
77
-4
76
-146
-47
99
60
98
-71
24
-45
-106
-11
-68
-31
-50
59
-128
-11
10
-106
26
47
-18
3
1
-89
-36
-68
68
35
-65
-45
111
72
-85
-13
16
51
-69
-99
48
-62
24
-53
94
-1
118
-40
-3
43
7
47
112
-74
-13
98
-33
18
-22
9
3
45
29
109
-2
-36
39
-137
68
51
50
10
16
149
-97
-22
87
107
78
4
-24
46
-124
42
-13
-25
-13
-41
-26
91
28
53
26
203
-101
-31
23
-91
49
-64
-12
60
-37
16
123
-105
2
47
-5
40
118
5
-66
-1
94
0
91
-50
28
88
-49
-15
36
-31
100
41
13
100
6
125
-37
-44
-71
-32
-61
-109
77
2
-67
-10
44
-88
-21
49
-43
102
-99
-36
17
98
-82
80
-12
-5
10
15
-15
-94
82
83
52
2
10
68
38
52
-104
-96
-36
48
170
20
23
-37
-71
-18
-57
5
-8
-16
-120
-60
40
27
-131
-137
-51
119
-17
20
142
-3
-38
33
-85
-162
-31
-82
-55
99
28
-126
6
-66
-81
181
-64
-30
-82
48
23
9
45
6
15
30
-25
126
14
66
-22
-45
-120
30
27
-39
48
-98
-16
33
156
-23
-64
-103
16
-14
31
81
98
-32
138
25
-32
-80
-8
89
-122
42
-57
-123
-88
76
57
-34
-38
1
-103
-36
-31
-10
-98
25
16
70
-37
74
8
-26
-111
-45
-83
-82
38
-61
9
-96
-130
-54
-39
39
109
-7
64
84
1
13
-5
-31
-28
63
95
-21
-14
-44
34
-76
-146
-112
-14
-12
-21
-79
-32
130
60
137
16
18
23
-23
-106
144
11
-1
-46
-14
-65
-8
44
13
4
25
80
-58
-30
-15
-141
-37
-42
-29
40
20
-121
3
25
52
-39
5
-35
-5
36
77
-7
-34
41
10
146
28
1
27
-45
-95
72
0
5
12
-31
-17
-42
71
47
-123
-25
-46
8
12
-67
-25
-31
-52
-60
-50
-16
-7
-26
21
-3
-25
69
27
-59
-32
-4
18
-38
23
-24
139
15
12
-22
-116
-14
16
-85
82
-22
15
87
10
-110
-113
75
-41
-26
-10
134
50
-24
-86
20
29
11
17
124
32
0
12
-22
-65
-24
9
-62
40
102
-83
39
37
-90
97
-86
-9
-58
11
-128
6
-37
-62
-49
6
-167
-1
-28
-84
-114
-15
-31
5
57
95
37
3
39
-51
52
19
-71
82
14
-3
-80
20
88
-25
71
7
2
-46
-5
-10
70
17
-42
19
-83
-41
-9
65
-41
15
-10
-123
-62
-5
107
-109
86
-36
83
25
-101
20
-41
-18
-31
12
-56
55
50
-14
106
20
41
26
1
8
-107
9
7
76
-33
58
-24
-81
103
38
-36
-39
-154
-44
182
77
136
-57
-46
22
35
-75
30
-47
-15
-4
73
-23
75
33
-68
-64
57
-51
9
2
20
-50
24
28
140
-9
-99
-16
24
-68
-25
-10
47
-16
75
10
-81
11
-16
104
15
113
29
-76
-46
103
133
-42
-103
56
-4
45
-13
52
-18
22
104
32
51
-17
139
-18
-74
12
122
-38
-15
69
-157
-1
55
-28
-78
-87
23
0
-14
-117
68
7
-77
53
58
-22
-38
14
-10
4
-12
-53
-1
-57
-21
-29
-42
-53
-46
59
-11
-116
23
112
-132
-34
-96
11
-107
-46
-71
98
-65
24
-85
63
-25
-84
-13
81
-75
20
-2
-155
42
84
15
-94
17
108
-51
-35
-7
-57
196
-27
-18
8
-11
-64
-75
31
3
-7
100
-9
-50
78
67
-16
37
19
-73
-20
-1
95
18
-81
107
48
-133
-106
5
-75
-43
-31
11
-14
-46
-24
-11
-12
13
-53
23
-27
81
-85
37
21
-11
-79
50
26
39
-26
-28
-28
-16
32
-80
56
-155
48
-1
-76
-108
-53
-63
-26
110
38
-74
-14
-106
-16
215
-80
41
-112
61
-8
-63
-29
5
-29
-33
-67
24
-13
72
-98
-25
-198
-42
11
17
75
-80
-17
84
-89
128
-60
45
0
63
50
-179
44
-106
23
-124
-66
-82
-55
-12
59
-17
91
-45
16
-151
-62
-2
-14
-86
2
27
-53
54
-51
-1
48
163
4
-16
82
-24
91
46
-48
8
-10
53
-57
62
-96
-49
-10
100
-72
4
44
36
66
-1
-8
-42
34
40
-83
-27
109
-9
-30
14
39
-101
37
-43
-68
-35
52
-152
22
93
176
-52
-52
-179
25
57
-27
-82
16
24
81
-39
41
-27
-93
85
-3
-15
41
-6
-33
-38
106
34
-27
-199
5
17
16
86
-68
59
14
-108
95
15
52
56
51
11
-81
-27
38
-57
-5
6
-64
96
-50
-2
-19
24
30
55
-44
21
-51
-103
15
-65
-51
138
-120
-34
67
106
52
-28
-49
15
-56
94
23
-59
114
-28
-80
45
-129
69
-15
79
-1
-110
-69
49
163
32
-16
-87
127
-168
43
-50
-60
114
-50
4
-6
-86
14
-66
65
96
15
-45
-12
26
-61
-4
65
60
-2
-106
-85
-12
-98
83
-107
-95
15
-84
59
24
31
-148
47
-59
-77
-34
133
-56
-95
-113
-87
-21
-23
-47
-56
90
76
-64
-21
-21
-56
34
-20
-108
12
10
-17
36
116
-26
89
83
30
0
32
-31
38
17
-6
-9
1
-54
-63
11
-15
20
12
-107
-20
14
-109
-21
-15
151
73
-36
-104
-11
-84
19
-7
132
-36
6
88
125
-35
-39
-141
45
46
-15
-91
-30
25
103
59
-49
59
-40
18
-9
-16
22
-42
76
-31
105
109
-94
-16
-92
-45
64
13
-18
72
-3
-69
-59
-2
-36
50
25
40
-13
-88
48
-48
-30
57
7
17
21
-152
-2
97
49
0
83
24
-63
60
-176
54
23
-69
-72
-36
-68
103
-34
48
57
-24
-72
-28
31
-30
-42
-42
28
34
81
-4
44
34
34
-87
-6
-31
0
15
-73
53
19
55
44
-58
32
-13
-85
54
35
-42
-4
5
-105
111
24
-20
-24
-27
-8
24
-3
-7
-89
89
-76
-30
47
70
67
49
-65
-43
-6
2
23
21
-47
-11
41
44
-118
-2
-105
48
72
-84
-17
41
46
43
-160
0
-50
79
-58
35
61
-67
40
2
-99
14
85
-17
7
-48
-37
-144
49
59
2
62
40
0
-36
86
18
1
5
-79
-72
13
22
-107
-12
89
-66
-29
-153
-87
43
-14
15
-31
33
-107
-78
68
22
-65
-51
-122
12
66
-14
35
-12
25
2
-37
-45
11
6
-45
23
80
68
-115
-10
-81
100
-192
42
-107
42
102
19
-85
-34
-11
17
-167
71
-36
95
-19
16
-86
-51
40
32
-54
6
32
43
-24
-14
104
31
-41
-130
-10
-11
-73
114
-128
-144
14
-47
12
90
33
-4
10
91
-68
0
27
-15
2
-24
15
66
-137
-86
-69
-56
-31
129
11
-90
19
5
-1
62
-36
103
-15
58
-15
-69
-53
-114
12
14
-77
-91
2
-84
-148
19
-3
-55
-79
100
-34
55
10
18
-43
-12
-8
42
-21
-23
-58
-66
-23
28
13
-110
-81
-24
2
-107
-42
-104
-106
-59
-25
-158
-24
34
-4
82
68
9
-35
15
22
-45
-23
-61
88
20
85
52
-2
15
38
-5
77
-84
-13
-15
52
83
-57
179
-50
-26
-43
-33
-68
40
10
39
-143
48
-100
-155
38
-17
7
-48
5
-39
45
-9
-60
-2
-15
-18
54
-88
-17
39
-70
15
90
-86
-104
-29
2
-64
44
-55
35
16
-51
-45
-88
-51
59
21
34
-43
-37
45
35
43
-94
117
-16
52
22
85
72
-49
100
50
-37
38
10
-82
-149
-97
10
-65
-62
-9
34
-56
83
48
-78
-32
-27
-40
-32
-100
-66
-3
41
-47
21
25
63
63
62
43
-11
-2
26
-12
-50
-2
48
-24
-82
-7
-10
-80
-94
34
16
62
19
12
71
-63
59
6
50
-31
82
-19
-79
-3
-17
20
-31
119
39
-86
-15
-17
21
7
-37
40
-12
-83
-11
7
-20
118
-34
89
41
-7
-31
-56
-3
109
83
62
135
30
-56
-47
37
66
14
-156
107
-72
-103
64
-33
24
91
-10
46
115
90
104
60
-125
-65
54
-5
-106
10
39
40
39
-50
-39
-86
12
89
-126
-108
-42
1
-30
-20
-36
77
75
124
-70
77
-85
-71
102
113
15
-28
-79
-56
-46
-62
54
36
87
11
51
-15
-34
-32
40
147
70
-67
19
42
-133
34
87
-87
48
25
4
12
44
0
29
104
0
-22
9
-44
-40
92
-107
54
2
21
65
86
-31
19
-3
24
15
49
52
129
10
-52
55
59
-3
45
97
-3
-30
-68
91
-12
9
-1
-43
-111
-67
-135
-110
55
48
-152
-7
48
72
16
-82
-58
-14
5
29
-34
-35
-3
-132
-22
36
49
-38
11
24
10
-82
-27
8
-59
-46
-111
69
-31
-34
-122
87
-123
-14
167
98
21
-1
-42
-11
37
11
-19
9
34
-54
134
28
-4
-1
7
-31
-32
102
-72
18
55
-16
-10
-7
-118
23
61
-11
40
20
-69
54
121
14
-58
-121
162
47
146
8
-26
64
-85
-116
-69
-27
-42
103
-38
-33
-35
11
-155
48
24
63
-42
-80
60
16
31
49
6
-72
28
11
-62
-22
-24
65
-44
63
-8
-53
-15
114
-91
65
-79
30
-35
77
-29
78
-20
-9
-111
-94
-8
4
-29
33
-69
25
12
-11
-56
-9
101
-76
-100
-88
64
-69
-10
-46
107
-72
-21
-29
-164
-94
-66
-2
102
99
30
65
-3
34
43
-76
7
44
-174
-14
5
-119
30
9
-42
-66
63
34
-51
42
-3
-80
56
-8
28
-128
57
-43
3
-15
15
-41
96
-29
-82
-25
46
18
68
29
20
-22
-110
16
74
-68
-1
33
48
2
87
15
-9
56
-20
-36
-57
-24
23
33
-31
-35
-122
34
84
-55
59
-17
-35
-78
-122
65
62
-60
58
36
-4
13
-64
13
11
95
-83
54
-68
24
-77
-30
30
100
-43
-90
41
-143
-33
-8
76
28
-38
-15
44
-85
29
-20
25
5
86
-39
42
-27
116
42
83
-96
-109
84
26
-85
49
-17
-99
60
-88
-83
17
31
-34
-89
12
-62
60
-31
5
87
21
-96
-28
-32
4
97
24
-85
-76
-57
76
-81
-50
-73
134
12
34
-11
-8
55
-10
93
2
86
145
6
56
-3
26
17
-80
63
-7
-86
55
32
-51
-30
149
186
-23
-19
57
-108
-81
36
2
-13
-40
76
-62
-19
42
47
65
-41
-85
-121
56
47
47
-53
46
58
-57
-15
-10
-16
57
-126
-34
59
-14
27
-5
104
-3
-1
-84
-127
-77
21
-63
-84
41
15
-11
69
-90
-3
-124
-45
6
4
44
21
-19
73
-74
-45
98
-10
-28
-6
14
150
-58
-125
-12
-2
-18
-94
-6
145
16
-77
-56
-29
-6
36
147
28
-111
43
-5
-15
40
52
-72
16
52
-25
-9
129
19
-48
53
0
57
47
-70
-24
-77
47
-17
50
40
-83
-11
-38
40
-55
-68
-28
119
1
12
-46
-10
-90
-114
-67
12
-24
-63
-101
-80
90
-5
135
-23
85
-12
-14
32
31
37
-22
86
-7
-34
-139
-145
-40
-41
20
139
54
-42
3
-76
-58
40
32
12
123
132
-92
108
-18
91
-39
37
43
162
-87
48
-1
62
-47
-3
12
124
-21
-34
-98
-173
2
-39
165
22
-31
53
-136
14
-37
-58
-11
-19
-8
-120
71
-20
-47
6
-46
-68
35
56
43
-8
118
78
45
21
-44
-9
40
18
51
27
23
-65
-53
69
-5
-12
-47
-33
-45
-109
-115
7
-79
55
-68
-81
-56
-19
-116
-17
71
-106
98
78
42
-4
-64
-138
-114
-69
-4
-74
-2
-24
20
52
-67
47
-68
39
-50
-298
65
75
-47
156
46
88
213
20
-15
-50
41
-30
-138
-54
0
68
79
-34
36
-66
-45
8
-49
87
70
-23
-17
77
109
-138
-38
96
34
-76
-18
50
113
35
76
-37
-45
42
57
40
94
83
44
58
30
-58
-64
-25
79
57
-38
72
33
-70
12
105
30
36
73
-27
-90
-32
-13
20
-90
-81
14
13
-16
53
-12
-59
-3
-46
-62
77
31
-53
13
87
86
-15
-40
8
125
-30
37
6
-27
-15
-36
170
18
23
-82
4
-31
117
11
-62
97
-57
15
-15
-61
-17
95
-84
-70
59
114
48
36
62
-176
56
37
95
99
-111
-9
-20
-11
9
-39
-31
-46
6
-36
-66
44
36
-89
35
-22
68
-53
-67
-35
77
85
120
-66
54
6
-35
-81
-52
-143
27
11
-2
8
-56
2
21
-65
-11
-12
47
-58
74
-47
-68
-44
-23
-43
16
19
-48
27
68
-99
28
146
18
110
30
56
-2
19
25
86
-50
62
125
162
16
14
-1
-19
26
11
37
-101
29
-29
31
-58
52
-9
-39
-8
-13
-34
-54
-112
-33
-132
52
58
-13
35
16
-15
-19
-58
59
-102
70
-4
68
71
-35
79
40
-89
18
57
-46
168
11
-20
-186
-47
17
5
87
43
-89
-64
-24
-2
6
-18
-8
-71
-54
-128
91
6
-81
231
-20
119
91
-70
-12
-41
-45
-106
12
-82
-60
-73
-18
-43
-130
104
7
16
-17
65
33
25
57
-30
-112
55
-128
-7
-123
102
-58
64
1
-16
-71
-44
-56
63
16
60
65
-57
14
-78
25
2
-40
57
16
20
48
-127
-16
53
-25
-98
-55
23
-87
-39
44
78
69
-12
-42
-21
-66
30
-33
8
49
111
39
126
153
-57
-38
102
-71
-84
-2
6
52
81
54
-36
0
80
-45
23
11
19
19
16
-7
-9
-88
70
87
-141
-43
-6
40
60
51
67
-124
-72
-36
-84
-109
-103
-13
-61
29
-19
-39
-19
-27
95
82
-121
-27
96
-62
-42
114
116
-26
34
31
53
-61
8
40
78
51
54
20
-39
28
19
82
-60
1
-18
33
13
-50
-19
26
-3
-42
7
103
87
24
-79
-48
5
-78
-19
109
14
29
-3
-60
94
6
-56
74
12
-17
-41
-64
66
-13
-56
-120
55
72
-141
-53
-65
-121
-79
24
-4
-3
21
-48
13
19
79
-5
-24
13
29
-50
-69
-20
6
41
-46
48
77
-48
-3
9
34
95
13
32
-45
-23
-33
46
-138
23
-53
-17
39
51
-155
97
-10
-123
46
-4
119
8
-90
49
58
-16
13
47
76
58
-7
-34
-115
-29
-37
-83
53
-81
90
-64
-26
74
-39
46
172
28
93
-10
-43
-61
-54
26
44
86
110
-6
119
-10
26
-40
183
45
20
35
11
-21
69
-123
94
-76
-17
42
-49
-65
-12
37
31
-4
150
-66
54
78
-37
-39
191
32
38
-78
16
-104
-1
-13
-68
119
49
-95
-68
-44
-62
-55
-105
115
60
-120
-96
-53
45
-22
-28
-36
62
9
-33
-57
-78
-69
-167
-25
-62
-31
-144
95
1
25
49
46
-21
5
-32
44
48
-24
-13
-18
-30
77
72
79
21
79
6
28
60
43
-104
-9
32
-31
-30
5
123
-42
53
38
142
-133
-46
16
10
36
65
11
-129
68
141
-49
-11
49
-26
45
-84
5
-66
-81
49
-10
64
154
-28
-20
4
-4
125
-8
84
81
187
203
-197
3
24
-88
-71
67
-13
-122
70
114
89
-85
4
11
-41
66
-117
-31
43
-87
-22
-55
48
26
44
-60
105
72
70
7
-88
15
-37
-37
8
-37
-20
11
32
45
145
-37
171
-62
-20
75
42
40
-51
-67
49
-16
-56
68
39
27
80
-59
-28
5
-79
-79
26
85
-35
-69
-34
66
27
32
-24
21
-71
14
-47
45
-26
-52
0
6
32
101
40
142
35
-36
-84
-1
11
150
89
56
76
-73
-103
68
40
13
-21
14
-5
20
52
75
-58
-11
0
120
-49
-18
18
-100
-40
-79
116
34
1
-90
32
-14
-92
-78
42
-37
-29
67
-35
-53
-37
43
82
53
58
-38
-44
65
-101
93
34
44
-44
20
54
43
-21
70
2
23
-17
-68
131
-5
134
39
-10
14
19
-104
2
28
-33
-14
-1
-76
-152
29
-28
-135
9
-70
120
-81
8
-4
65
49
27
-87
66
-141
-92
92
4
51
20
56
23
-18
-149
-28
44
-58
37
-94
18
58
56
-14
-53
-4
145
-83
20
-27
1
19
81
40
-14
-31
-31
-63
81
72
-36
-37
-3
-22
29
-21
-23
15
97
92
103
-37
87
-8
59
-57
-60
18
47
10
26
13
81
-75
-91
43
-31
-28
13
-29
-40
9
-56
81
-57
-36
-118
-36
41
-143
10
64
-77
-36
-75
-14
78
-108
14
-6
127
-54
-106
44
-148
-31
-71
72
-38
31
-102
-60
-11
-103
60
-52
1
125
26
-161
4
87
-76
116
-66
23
-92
-52
-13
53
-8
-103
53
117
9
57
5
-32
-33
-1
71
-40
-46
-89
-120
175
18
26
-112
-5
-25
107
-14
-56
19
-30
52
4
-39
42
-73
49
-9
-86
7
60
-23
23
42
185
70
-11
-90
-114
37
1
-3
-61
-126
-99
-105
152
-15
-93
8
76
140
-67
22
-42
0
-23
-116
36
-53
-22
-15
-25
-55
86
-6
16
1
-33
-126
107
-58
-56
-111
-10
2
102
-116
-118
-36
3
-24
-6
53
42
67
-34
-37
37
17
-31
16
71
56
28
64
6
30
30
-3
-92
-16
-51
-16
46
-84
-56
-89
65
-8
126
30
49
-128
94
-12
167
-11
-38
-72
-41
28
10
113
97
-26
-119
51
19
70
8
45
41
56
107
-42
18
-94
-74
-21
11
8
-99
-108
-88
-53
84
-33
-22
16
126
51
-27
49
5
106
40
53
-23
17
15
-64
-43
0
-30
-57
-124
110
-44
-70
83
-54
94
50
-28
16
78
14
14
-63
12
11
48
35
-91
-67
31
78
18
-70
-88
-17
16
-121
57
-21
-20
-27
-6
113
71
70
-82
72
15
51
8
-24
18
-46
14
81
-122
-1
-14
-8
-47
0
40
-12
-40
3
-77
-13
29
3
-19
-28
-27
18
-74
-32
-82
-106
-65
-18
26
-44
-136
-8
86
64
39
-24
13
32
141
56
8
-43
-30
20
-64
-76
-6
10
-7
-18
84
45
79
-10
-113
8
49
48
-27
106
22
-61
114
-104
-27
-59
79
12
-111
-41
-17
-30
-89
118
18
-49
-127
58
59
94
118
69
76
75
54
43
-7
-5
53
17
23
-9
-105
-34
42
-40
-11
112
16
-7
-46
14
81
-73
-108
-101
30
80
-40
-108
59
49
-51
-46
12
-29
101
-58
-138
36
-57
73
-21
-81
-26
10
0
-1
-11
52
37
-73
-50
7
-14
72
116
7
59
36
-93
0
-36
-25
-118
22
-35
5
6
-135
11
-57
0
-95
-57
4
-23
25
-76
42
32
94
-36
-50
16
16
-35
-16
31
53
112
14
-3
40
-53
52
-93
50
17
5
-73
-35
-69
-133
-94
-25
-77
33
34
-37
29
-40
32
7
63
41
-48
-118
-1
17
20
81
-80
-50
31
-14
-27
-93
2
32
-65
-76
30
23
-57
45
-39
106
4
-17
3
-70
-35
-131
-46
-69
35
-47
-37
78
137
-145
-38
-159
-126
73
-20
132
-36
22
14
-86
-105
-2
-49
56
23
-24
67
-104
-42
-28
60
-14
10
-3
45
-12
-44
-12
61
-25
152
-119
-5
-42
-1
74
109
-24
2
145
128
33
23
30
-51
52
60
66
-13
117
91
-90
100
-24
-29
-88
39
34
-20
47
-24
-6
78
89
-9
12
5
-69
34
105
49
-13
-142
31
66
-16
-35
-25
58
33
-64
-24
-1
-8
-19
-94
-12
-47
6
21
-77
3
-60
-111
-11
40
-36
-16
-3
-16
-19
12
-10
-39
-197
30
17
-43
24
-51
59
-44
177
7
-1
-20
47
48
36
58
-12
-46
57
39
75
-89
62
17
-22
57
-25
-121
-42
-57
1
-114
-29
-6
-43
-69
19
-50
-39
124
53
-69
-109
65
-84
102
12
-97
45
-25
95
32
-37
-26
3
90
62
13
-92
-22
30
61
14
-47
-111
-13
-101
47
111
9
89
-69
-37
101
-28
-42
-100
35
54
1
-59
97
128
10
-15
-12
4
-69
22
14
86
-6
82
19
4
21
-277
59
-25
-70
-77
66
-71
62
34
-121
-104
44
14
-4
184
-15
47
65
-57
-70
-26
17
99
-38
75
-15
64
-6
-22
-41
-91
-23
-71
86
-110
56
73
67
53
22
-58
-16
17
93
142
75
-55
26
-32
209
-23
-50
-42
-98
-23
-14
-153
85
-51
-103
7
28
-10
63
-51
7
-141
-89
-10
-61
70
23
-53
-22
-17
86
-29
-52
19
-90
-26
-136
-137
-90
-93
5
-29
-152
29
-102
-151
84
-44
-48
-50
-41
-39
104
-35
52
-81
83
-89
42
46
27
38
24
97
53
-13
-50
2
-29
-159
68
-44
-70
-15
-13
-108
14
49
-73
56
-70
-21
-26
-129
-10
17
-77
88
63
173
33
71
-22
-77
45
26
40
69
-63
-2
99
23
-123
164
-55
-101
-96
-53
52
73
43
-6
24
-31
-108
-28
28
1
14
53
-59
66
90
20
31
58
51
53
32
-9
41
-87
59
9
90
-131
47
94
-96
-1
-102
22
72
-88
20
12
-64
10
-22
-197
65
-44
-14
-32
-10
62
-32
30
27
120
-73
45
-83
51
6
79
-33
86
85
48
-96
-4
126
-36
6
-138
-120
-1
-65
-48
-14
86
0
-28
-24
-55
5
99
43
85
65
92
-41
39
-19
-9
141
47
73
59
-41
153
81
-44
38
-12
-2
-100
25
-5
-27
-56
-68
104
-41
-102
64
130
70
-11
16
-33
105
-77
4
36
13
66
-60
55
35
-80
22
79
-39
-34
56
-130
32
-4
8
69
47
-60
-37
83
28
48
-57
-43
-17
47
64
-61
-72
-11
-20
58
58
84
112
-38
-20
-92
79
70
-69
-174
-58
11
16
-23
115
67
141
59
-27
28
25
89
35
-50
48
-95
80
-125
7
-90
-23
-14
37
-49
-62
-8
-13
-61
117
-46
20
-40
-6
-25
-13
33
-7
-1
-25
-45
-226
94
-57
19
55
-42
14
-20
-33
-43
11
-37
-41
139
-12
82
-9
-35
-42
-76
-18
104
124
50
34
8
0
-13
31
114
2
23
-22
-78
-65
46
-53
20
74
47
-84
-60
0
-9
7
-93
-49
38
7
-5
83
-24
-60
13
29
-88
128
-58
57
-45
26
-2
106
68
45
-58
36
-17
61
-27
21
72
11
-28
96
20
114
70
-58
13
-87
-138
-74
-43
34
31
-56
-2
-15
3
60
-89
47
137
81
-92
-7
-79
31
43
1
-37
-11
41
-66
-11
-5
-74
-45
-5
-133
-92
-36
25
26
57
-11
-56
56
11
34
-88
57
91
-30
18
5
-12
-164
-55
-88
21
18
-4
-10
93
-60
-81
-30
0
59
-28
121
58
21
53
48
39
76
46
110
-28
-51
33
-27
22
11
-67
30
-79
70
64
-146
-53
-19
-16
-36
4
69
-66
-38
-72
67
-5
-36
0
41
47
71
-105
-42
129
127
23
