50 100 81
0 4
0 35
1 0
1 23
1 41
2 7
2 13
3 13
3 16
3 48
4 20
4 25
5 15
5 18
5 49
6 9
6 34
7 9
8 23
9 3
9 13
9 17
9 49
10 35
11 24
12 44
13 15
13 16
13 26
13 36
14 31
14 35
15 45
16 8
16 20
16 24
16 31
16 43
16 47
17 11
17 20
17 24
17 26
18 5
18 37
19 9
20 7
22 3
22 7
22 13
22 25
22 28
22 39
22 42
22 47
24 5
24 9
24 29
25 4
26 16
26 18
26 39
27 9
27 19
27 37
29 15
29 16
29 47
30 4
32 30
32 32
32 33
32 35
32 39
32 42
33 3
34 6
34 10
35 27
36 14
36 20
38 34
38 37
39 20
40 42
40 44
41 44
42 0
43 19
43 25
43 26
47 6
47 33
48 7
48 18
48 34
49 20
49 21
49 36
49 43
4
84
60
26
27
41
46
40
57
74
85
93
0
51
10
79
73
28
25
92
99
76
9
44
72
7
50
64
13
20
90
12
6
62
34
56
17
45
22
86
24
61
55
54
91
69
88
75
95
80
59
39
70
36
38
18
53
71
1
35
97
3
65
29
42
98
31
87
14
15
16
63
37
32
2
23
52
30
5
67
78
96
89
43
94
49
68
82
81
47
83
33
11
19
21
58
8
77
48
66
14
77
-2
-3
-18
-137
11
-40
16
-50
-115
-51
-77
76
78
-142
115
20
-72
34
-26
-5
-79
59
116
58
-61
52
-108
105
-139
205
160
88
54
35
-47
-32
110
-111
-68
29
14
-102
-65
-110
16
16
49
-112
36
-30
-66
3
63
42
-91
31
116
48
127
-16
53
132
-87
-7
-49
3
32
-13
-84
-100
-20
32
-20
-51
-19
-51
-14
-67
89
-81
-4
-7
51
22
-164
23
100
94
-69
57
121
-94
-129
123
-39
35
130
49
43
-19
-29
-4
-60
-41
-81
-129
11
-24
-46
170
-4
-56
-11
-61
111
185
30
-81
-40
51
126
-31
-29
9
75
71
-26
-74
-94
-29
-9
149
-105
-26
65
118
-9
-35
-56
15
32
-61
53
-20
95
122
-17
-2
-54
75
-133
-99
47
16
24
-17
-77
-3
116
-51
-40
-18
29
-61
29
-36
46
-136
-140
-43
34
-53
-46
-103
-15
104
198
-56
-80
-58
-28
-59
-77
14
57
54
-192
-67
-11
-8
109
85
23
159
12
-30
-48
-41
95
-60
-192
-23
60
23
36
-28
-74
66
21
87
18
-43
-143
18
-86
-26
157
-9
98
76
70
-189
77
109
70
147
128
24
-24
3
-148
-36
-63
23
-34
34
-79
171
77
-40
39
35
24
5
-12
-53
0
2
-28
35
21
121
45
120
7
-19
-86
-21
14
10
-69
216
-36
6
-17
-98
93
-25
16
-116
-13
31
-82
15
58
-51
-54
158
59
51
-35
16
-28
-158
-13
-10
101
-8
23
150
-48
32
24
-3
-66
22
21
-25
131
23
14
-39
-36
12
69
-33
81
-63
-10
19
-37
60
-72
43
101
51
-30
-58
18
-6
-42
98
-69
80
-165
21
-7
11
-112
9
-21
-19
98
52
129
72
-96
171
128
33
73
150
14
-133
5
-95
84
-93
-195
-150
-78
30
-21
31
143
131
-100
-162
52
-41
113
-135
87
93
-79
-107
126
32
-59
-34
-3
13
9
-63
-19
-4
114
-31
-39
-85
39
-124
28
-73
-23
-69
-165
122
-50
188
-75
59
36
-135
161
-147
0
-89
-104
121
-38
60
125
56
-47
-69
-27
19
63
-51
-134
38
-162
-82
-29
132
-69
5
-91
68
-6
-60
26
4
5
90
87
126
114
167
-10
-116
-18
-67
5
90
-22
2
37
-197
61
1
-34
-8
1
-3
-86
34
-10
4
-18
-101
89
-96
-117
73
119
11
5
7
108
-30
-10
-98
13
-32
-57
-54
147
-67
-74
-1
118
-2
-81
-123
-34
32
-92
-24
70
20
-231
42
-17
6
79
57
92
-118
-98
214
87
-28
7
192
17
-120
-23
33
94
32
9
-174
-74
25
-108
-15
-33
-20
-25
-43
30
-147
33
-36
-34
6
-148
-5
126
-143
-29
-42
73
-151
47
97
-10
-81
-19
-47
-90
-103
-111
-51
-70
144
-82
2
-62
-39
15
-3
18
236
-29
19
82
14
-6
-96
-86
155
-88
149
92
59
-61
61
-5
-144
-39
46
-10
-198
-25
24
-151
-32
43
32
-133
13
88
-40
-50
92
12
75
16
47
-17
139
-54
-23
17
64
17
-84
74
-17
20
-24
16
13
42
11
-134
30
-53
-13
15
-9
61
48
45
-37
-15
-119
44
-101
-56
18
-122
-70
1
90
-128
-22
24
62
-87
-163
17
-89
8
39
89
7
-53
98
26
109
-51
14
13
-24
117
-18
33
-31
42
14
-110
20
24
-22
-144
-17
38
-126
116
-35
28
1
-53
-72
16
-50
-51
-132
-165
65
38
-47
159
-27
-75
64
139
80
-115
20
-100
16
-45
-103
-99
87
-116
14
-171
133
129
-33
-30
113
-97
-65
104
-109
-78
64
34
-75
-127
12
61
124
114
81
-106
18
-33
-49
16
15
74
-58
-117
-51
-44
-102
55
9
-61
-17
-48
197
85
-157
-44
-110
120
29
155
15
58
-51
-167
-11
-113
5
45
88
65
50
-58
3
12
4
36
-17
-59
-201
-8
-38
-38
15
-38
-44
-87
141
-42
45
-55
-55
57
15
20
154
26
183
1
-62
16
-18
-113
36
-114
-202
69
-79
47
-77
5
-36
-38
29
126
50
-124
59
-151
-1
-140
88
30
51
-32
-30
85
30
49
133
32
-74
-107
87
-2
-26
81
-31
135
86
7
-87
4
128
62
-137
8
60
-22
-4
-40
155
111
12
-10
-61
-44
92
-68
133
32
-54
-106
-49
53
87
-17
-167
-70
37
77
19
-104
-96
40
-138
1
22
-144
-8
60
-36
-136
-38
52
-37
-24
-8
-68
-14
-49
-144
-4
-64
50
5
73
7
-21
8
24
-106
1
63
-137
-4
-26
-103
94
-74
0
118
56
39
7
94
30
107
-3
-47
-87
-22
-11
-67
-11
179
-262
22
-164
36
-141
-13
-86
46
181
-89
-22
36
-171
46
8
-78
-6
55
-97
-30
-60
-17
71
96
9
-3
-56
88
121
-53
100
-61
-4
16
-11
52
-61
-53
-30
154
87
37
-72
-1
151
21
-59
85
147
-78
-8
41
59
34
32
-39
-38
-21
-14
135
67
11
16
37
34
-60
77
-19
108
73
-6
45
-5
-2
-178
-186
-7
165
-143
136
-17
-139
-11
-51
7
41
78
-52
108
-171
-50
77
12
41
-39
23
-81
15
58
2
-67
167
110
29
-17
-66
-23
-24
-176
74
-15
-77
1
13
128
36
120
1
-64
-18
8
111
47
88
36
-55
8
184
116
184
15
-88
-17
51
-98
-39
40
84
-70
49
47
-21
8
33
177
-188
66
24
75
94
85
17
27
-97
60
-69
45
-197
-224
48
-103
58
-64
36
120
7
-190
56
167
-50
-136
-85
-38
-71
12
-9
-5
-113
19
-133
147
93
-13
-36
-9
-225
122
-40
124
-38
5
113
52
-120
-47
-28
36
-60
29
-49
-74
-46
-29
-32
-23
-49
127
-72
47
181
49
91
25
41
35
-20
12
90
35
139
144
110
-83
86
53
50
81
108
25
-137
-30
48
-93
-72
61
-63
32
23
99
38
-65
-58
77
-37
4
-182
9
-15
102
73
5
-120
-6
36
6
32
36
113
77
38
28
67
129
14
120
30
29
5
129
-52
67
79
131
109
89
79
52
-68
0
97
-64
15
-74
45
-83
14
-88
-94
44
-80
-35
-13
33
-53
-13
-24
23
-13
0
-17
-181
18
-79
-85
101
77
-110
-22
15
-98
89
-169
44
-92
-62
-46
94
89
18
-55
-101
-151
-36
-56
-37
107
-29
-6
-72
-136
-128
-55
-127
-148
-36
45
43
64
-156
-82
0
-8
-80
-22
-40
55
-58
-17
-1
111
-71
-40
-123
-76
115
-74
-5
-40
100
-94
75
-113
149
-52
-90
94
45
-271
93
-135
80
-144
9
-63
-15
-98
13
31
-45
-4
-9
64
50
-61
99
55
-156
-31
-39
-49
15
79
82
-113
119
-21
-5
32
-74
-61
2
-37
-101
23
86
-65
-58
-120
-1
114
-54
-9
16
7
-93
-112
-67
-52
50
36
-15
36
24
-25
-113
-38
-64
45
-46
-15
-110
-94
-75
133
18
-32
-56
-35
42
52
118
-50
129
16
-101
-41
149
48
42
-47
24
-64
55
30
-131
47
104
-91
-27
96
101
-7
-38
34
-73
-38
141
76
66
45
198
6
-198
-15
22
184
-181
4
-137
13
59
-4
145
-80
5
-113
-73
-60
-102
35
-52
127
106
58
-108
16
-127
-26
87
35
69
-1
45
20
-125
11
86
37
30
149
-25
-98
-37
140
-61
-21
-64
22
-42
28
-36
-149
-67
52
90
-30
-33
125
-88
74
47
-28
84
173
-151
57
-193
175
-77
81
61
-18
-69
-13
-106
-40
-65
-48
145
13
40
9
-61
96
1
12
-138
17
-98
95
-5
58
178
-178
-17
55
103
151
-1
-135
9
-119
-20
-26
97
46
-4
-89
-72
114
-118
-208
15
189
62
2
32
117
-107
83
88
-97
101
-73
-11
54
-72
15
-47
25
112
85
-4
-35
-63
24
-205
88
-57
33
37
80
43
11
-129
-21
-60
68
-28
-31
4
-55
-266
52
-120
-4
32
-70
79
24
69
-50
9
77
107
20
-8
-12
89
11
30
4
146
26
-76
-84
96
94
82
-116
52
12
68
-49
-77
-87
30
136
-45
-12
114
190
44
31
-17
-1
-67
-182
-40
94
141
19
-69
13
42
5
35
178
-31
-129
18
66
-51
-243
62
-139
-9
67
1
-164
30
-61
54
134
-6
115
52
-66
111
133
-6
80
-13
139
-56
108
-100
114
104
-134
-115
106
94
48
87
-58
130
-173
-92
-118
-26
45
89
169
11
-73
-60
71
-17
126
61
25
1
25
60
54
79
57
-60
52
129
-56
-125
174
-88
-88
12
-115
56
-36
58
-34
92
53
-94
-86
98
14
23
104
-43
-7
45
39
60
-3
-8
7
-26
127
-3
-70
88
-38
-23
195
30
11
103
5
-117
65
42
-76
48
42
-103
102
102
42
14
105
-49
-123
-109
-85
-81
-45
-38
131
-51
-149
50
21
-4
29
-69
65
57
-10
120
-147
8
-98
33
-55
-170
-156
-87
42
87
-95
62
34
-6
-122
7
36
-80
-113
84
76
-49
77
8
-154
-8
-73
-171
-43
45
56
43
-34
12
72
42
-10
-7
-13
-8
47
32
2
-80
-48
29
-65
92
38
-93
-98
-68
-55
-13
27
51
-37
-183
28
120
80
-126
-80
-9
-17
-2
48
-36
-27
43
-1
146
92
66
-82
84
-38
74
-7
-123
73
-14
-154
67
-46
65
-115
81
-37
173
-13
-6
-71
-13
186
-32
-21
-97
65
-151
118
34
94
-22
82
29
-4
57
94
66
-45
10
-152
26
88
-226
59
-43
-8
242
67
-131
-50
-113
101
55
-114
84
-124
-75
31
-84
75
-68
84
29
58
7
222
3
-92
23
6
-26
-23
67
67
-118
-88
-11
121
-42
-2
7
-51
13
-94
-11
91
5
153
-45
131
-160
-148
-105
40
-82
26
107
67
2
6
123
-38
-252
26
-46
19
12
-116
-19
-40
-73
-82
-87
-28
56
2
3
12
-58
102
-36
50
105
90
-83
-100
42
-64
-21
-25
52
-49
21
53
-66
4
57
-211
-54
8
124
111
101
44
36
-65
16
30
-106
130
4
90
-93
177
-56
-64
82
82
92
36
-43
13
-9
-92
-157
39
-66
49
-16
59
-20
-19
69
-86
-75
153
-58
94
110
-81
3
57
93
-89
7
-7
99
101
30
-49
47
-60
44
61
-44
-19
-63
125
-23
-116
-18
54
-137
-53
45
-52
-26
-167
47
0
14
-46
142
41
48
83
-137
37
24
54
-71
-99
-14
-5
-36
85
-139
-138
-155
22
26
-98
90
29
129
63
-3
28
-5
-49
118
-56
-7
-49
-41
-44
104
39
66
128
138
35
74
-56
-71
29
-39
93
24
6
6
22
83
76
100
13
-40
-65
-5
-105
-38
208
-7
-23
-10
-67
200
151
31
65
6
77
79
18
89
-99
-156
69
-103
28
-85
37
62
-78
218
-73
-115
157
2
-36
2
-51
18
-14
-116
-142
6
-51
83
105
-38
72
113
-43
-5
-112
-13
54
21
93
-15
44
-78
26
-140
19
-48
-86
34
-42
-30
153
56
-37
80
122
-7
-39
53
135
21
9
-45
-22
-116
-108
-183
51
-12
-107
-184
97
-86
-35
64
52
92
128
-67
11
-20
-23
24
85
57
211
7
-249
-1
-38
34
36
36
-73
-50
-181
-170
-118
53
79
-69
37
44
-77
68
-52
70
-38
50
-11
1
-72
-89
-25
24
-40
46
-47
80
-54
7
-47
-38
-137
64
-29
-90
79
-53
68
-54
48
139
11
147
-126
285
20
-18
7
-67
-57
41
-63
47
101
-86
-42
196
-4
-6
97
-45
52
-1
146
140
-14
-105
-85
-182
101
38
60
-37
48
115
59
170
93
64
97
90
-27
102
-52
-170
-95
16
-68
-5
87
39
-22
-107
74
-162
5
-48
4
82
-154
17
-165
49
40
-30
-83
-12
-86
77
95
-41
20
-92
28
59
-20
153
146
132
-169
46
29
147
-7
19
40
46
31
15
-95
37
-67
164
-82
20
115
-67
-20
16
-91
-64
-128
-32
-25
6
63
-15
-73
46
254
82
49
-65
76
21
76
-30
44
69
-79
115
-17
-78
11
-92
-25
31
-160
-109
149
-19
-61
-66
40
68
17
11
-18
-46
83
-37
117
-45
63
52
8
-19
-51
0
102
12
-58
-37
32
-126
-28
-60
-28
-7
-31
-74
112
0
33
110
-145
-11
-159
107
6
38
78
-8
8
-137
-40
-15
46
-127
-20
61
-48
48
40
-7
-101
-32
1
13
-58
27
26
-52
-206
-21
45
41
-83
-65
76
0
179
-27
5
70
55
106
-53
40
-46
101
7
-69
-132
-91
20
-61
-106
-59
36
-16
-240
157
105
165
43
122
110
15
14
24
-10
161
66
59
38
117
-68
94
200
82
53
25
-117
-59
-127
-24
173
24
-58
-278
154
2
-54
-81
72
-41
145
-57
-8
-36
-21
95
-157
-4
-135
120
151
51
-49
-75
-68
0
33
62
184
-103
76
-27
95
166
-59
23
-52
33
-61
-81
69
108
3
90
13
-11
-38
-48
-135
-125
37
71
0
-32
-64
11
95
-197
84
56
14
-41
-71
-22
129
28
-10
77
191
152
-22
-16
-10
87
-148
-1
12
-145
-191
95
8
-79
72
-13
-163
43
106
-57
86
2
-53
-44
-37
58
48
-79
-106
-53
33
107
-101
1
-18
26
-81
5
-91
-100
-36
-42
85
47
-54
-114
32
-59
23
-24
69
-81
-69
85
-70
124
-61
138
-14
45
9
-72
-21
-47
53
-43
3
-48
-14
83
83
-15
6
53
55
-109
214
-33
-23
78
138
-50
-54
-95
0
80
80
106
37
4
49
82
113
-26
-51
48
-12
-91
-26
-122
-74
-89
-44
-32
-14
-50
-78
-39
36
-6
-13
-21
148
3
247
56
-56
-21
-86
-28
90
70
116
-140
-105
-85
-7
-113
-55
-5
16
-67
29
42
-66
124
101
-191
50
133
-5
-27
108
-42
49
-28
62
41
18
-6
-135
9
-16
-61
-49
-30
-25
0
-86
-6
-26
-48
-243
-59
23
-59
125
94
-146
28
-3
30
-28
-65
-49
-57
-202
198
101
56
20
55
62
74
-121
67
-42
-32
-91
-48
-81
-91
24
22
-19
75
-182
-5
-8
15
-6
19
-34
-14
24
-40
27
-58
47
-158
111
-17
-51
-79
-3
6
-34
-103
13
-88
-17
-147
97
-33
-77
-6
81
-112
-12
-5
-88
101
-135
-204
-75
22
10
196
228
57
125
63
-6
97
34
133
1
-10
-54
42
36
-26
14
-55
124
166
-144
-14
-56
178
12
-40
-85
-82
-119
-27
90
-100
51
-49
26
-62
17
38
34
50
40
74
67
-54
94
-40
41
23
-115
-91
-34
-6
67
-51
200
98
26
16
160
-117
-6
91
-54
-77
-90
46
14
65
15
-59
-30
-66
-125
28
-109
-12
-89
-3
-78
116
-27
-158
29
-75
-32
95
-65
14
2
-51
94
35
-77
-24
-26
-85
-16
35
-38
218
-50
106
98
28
-40
21
28
-90
-66
33
-140
-66
63
-140
100
-11
47
107
43
-120
-38
3
-7
31
-21
32
-48
8
-57
-72
24
112
-5
44
97
-65
25
13
-21
-67
50
-44
-118
-119
58
-13
-26
-104
88
34
143
-44
-31
-162
-112
-108
-132
-61
-44
-117
21
-105
29
6
-7
103
15
78
-23
-53
107
88
-25
136
-113
166
44
54
55
-100
-40
35
-15
-40
-44
-42
40
-166
3
95
-97
-2
4
93
56
-19
22
-23
-37
131
-9
-72
-36
-26
197
-136
-19
125
25
-65
144
-147
110
132
89
-24
90
-65
40
-22
118
5
103
46
46
104
-53
-74
82
-74
1
-88
-9
-74
-4
-20
-76
95
42
8
-88
93
-89
-17
27
141
-120
63
-38
-203
-19
-156
-10
-21
69
7
-35
-8
31
-101
-23
10
-69
-69
41
4
-17
-83
-24
-46
106
-13
-104
-33
115
-3
62
21
-88
-80
20
143
-29
-8
-81
53
-18
12
-20
49
56
-81
-38
122
-52
6
21
183
-190
-105
134
-92
-131
-34
-38
-56
-117
-147
25
54
-55
26
-7
30
-35
-127
-64
49
-82
23
-51
21
29
-16
124
-92
10
-91
91
-148
38
6
-34
49
-200
-106
-37
-104
22
65
-22
1
-97
117
64
-6
-62
111
-150
69
-85
-67
52
-75
-62
63
104
15
108
155
141
75
9
-69
36
46
-148
124
-17
-60
18
90
-13
44
-27
12
-56
84
-119
-2
-9
3
-111
-73
22
44
-113
-68
-92
95
-142
-28
35
223
-134
12
-130
121
191
13
-106
127
-114
48
-37
117
-129
-31
49
-17
8
176
-52
-39
176
-12
61
127
37
-52
-2
-95
-138
-12
69
111
-19
-6
54
30
-14
-56
-137
-75
49
133
22
117
85
108
-39
-106
176
-45
30
-97
26
-61
-29
10
6
31
115
45
-65
-22
31
117
102
115
30
-13
-51
179
-77
74
37
-104
-7
-109
85
75
111
-14
99
-103
-65
5
-29
-74
34
68
9
-13
-23
-23
-62
43
15
-5
37
-116
5
89
-84
-41
132
-112
11
-101
38
-35
3
-24
29
54
-13
-60
-138
-84
85
59
-10
-7
18
99
114
129
-52
-12
-49
194
12
-7
113
-15
-9
-19
81
-13
-23
33
99
23
-12
71
7
-25
-16
-16
42
-196
139
-56
-114
27
-112
59
-49
44
-29
65
116
72
29
-47
-18
118
-130
-97
-25
63
-36
137
39
-76
58
85
22
20
6
-177
105
-31
-303
-38
-133
-25
-45
16
-34
-19
-55
-145
-66
-39
-144
-10
111
5
-14
-29
5
-205
14
47
120
-80
-67
99
34
-52
39
-19
-61
5
65
-100
-81
-19
-69
-121
39
-87
-45
17
89
-29
-3
-85
55
55
42
8
13
153
51
31
-51
77
102
35
103
71
-118
-113
-88
-138
26
-41
51
9
-34
1
69
-68
-13
151
10
-72
128
76
-58
110
2
35
-4
-118
-112
12
-12
-7
-62
30
-28
143
15
-17
-93
47
10
-43
135
65
-114
166
35
28
54
-56
-62
-42
-50
-111
-25
132
-24
-72
133
58
-17
-27
21
-111
41
-98
-8
-175
-110
58
28
-2
-109
-8
17
-91
128
129
-102
45
-68
-74
178
-38
-26
145
129
36
53
-8
-123
-32
-21
13
-53
16
71
-63
14
115
101
152
-58
16
-143
-31
3
-97
-73
3
-54
73
-45
-37
16
40
120
4
85
-114
-90
-49
42
-14
-54
19
-67
18
-5
-96
110
-3
-78
-201
-68
149
96
95
-184
-33
55
46
-59
-98
17
116
114
45
-33
-135
29
-158
18
-88
6
116
-42
56
-87
48
-70
96
47
-31
-10
-91
-35
104
-68
137
3
-29
106
124
23
45
149
16
-74
-46
-42
-108
19
78
42
14
93
114
-244
-30
27
111
-12
-101
79
96
99
163
65
-131
60
41
-53
-17
13
-57
33
-47
75
80
-119
36
23
118
109
-109
-50
82
52
-27
55
-108
-113
78
-54
-50
-25
3
27
-2
-28
68
-22
-51
110
23
93
56
-115
-136
-38
28
80
106
35
-70
44
14
26
-42
132
-38
-70
-123
53
108
139
7
-102
-25
22
17
-58
-193
-74
-94
9
-102
3
110
-87
-101
156
-21
65
-256
101
-92
251
63
-132
143
-3
-46
83
-96
69
-99
20
46
-7
-88
7
104
-93
74
-118
65
23
-85
138
87
163
4
17
24
74
-114
20
-101
-182
40
-72
89
-36
102
-3
-67
38
246
75
204
100
33
-100
53
9
151
90
-138
50
-17
-59
100
-42
-57
-103
-39
-1
48
-29
138
-18
-88
220
-53
-30
103
-81
-11
-13
-10
204
99
1
70
-28
-56
88
-60
-76
-17
-104
2
-31
56
-53
16
133
68
38
-59
-36
163
2
110
26
35
83
0
15
61
7
83
91
-104
61
66
-54
-22
-129
-66
91
49
54
2
80
150
81
82
-24
110
9
-24
-106
35
4
46
-60
49
144
52
-15
-60
-14
62
57
-23
-5
-23
5
-26
-79
39
130
-10
-92
109
-16
77
-46
26
-120
-111
6
54
14
23
-121
80
-44
46
-171
-148
14
-72
191
6
99
-119
31
167
-97
-50
154
-39
-170
34
-63
-66
-30
34
-41
85
-41
-15
-67
-48
156
181
-168
-14
-37
142
33
275
-153
-19
-31
97
75
-11
133
-52
-81
-37
79
-41
30
-143
53
70
80
33
-27
-16
-107
-109
-119
48
-181
11
48
-4
44
-57
24
72
-170
-104
48
-31
72
-26
-6
67
7
0
-86
-53
21
-18
8
-8
-85
58
-76
47
97
-110
50
125
-42
19
-1
-68
37
-10
101
2
35
-112
63
26
90
40
66
37
-148
39
25
23
-17
-97
9
-45
-16
-42
68
132
-25
-7
16
-111
94
-183
13
36
-19
-151
45
-87
-33
-84
-85
-8
-41
24
100
74
103
-15
-16
111
-50
-62
14
-84
-141
-22
-33
8
60
-11
150
25
-55
150
-82
89
36
-53
88
-38
94
-48
22
-44
-26
-68
82
88
106
-79
-65
0
-3
-102
-42
12
96
-25
-86
115
103
115
-112
-45
-145
55
-55
11
77
-125
86
-2
79
-55
-35
-51
76
31
-80
70
54
-51
5
-56
10
115
76
40
-39
-53
-32
132
-144
6
5
77
-160
22
58
-47
146
-28
-125
43
22
-117
-64
-92
-20
-102
-27
94
2
138
11
-21
-57
129
108
8
18
43
70
-61
-19
-61
-61
36
84
46
26
-112
-88
-36
-70
-6
-28
-178
68
5
76
-63
-37
-90
-149
79
73
-71
-83
45
108
77
-20
75
30
30
33
37
-43
-151
25
-64
37
-31
-95
71
-19
20
-84
124
37
55
17
-155
-52
73
-12
82
40
56
-1
-56
23
25
45
122
43
-22
12
106
102
86
33
120
22
-138
1
16
9
23
42
97
-41
-115
57
-29
82
-60
-53
10
3
7
78
-26
-136
6
45
91
-43
-25
-44
-161
189
82
-1
97
-12
164
51
-15
-33
-14
-75
35
46
-15
31
-15
-50
-45
-5
-88
25
120
86
-171
154
-75
53
-55
-14
15
-38
-75
77
-41
115
-205
-51
11
-126
51
38
201
-47
83
-54
76
39
-1
55
38
16
54
131
-96
-112
57
-94
136
-134
82
-175
70
50
93
54
-114
137
63
17
-111
-73
0
99
72
30
9
110
19
100
48
-85
-41
-74
-85
118
15
52
-9
28
-19
63
-59
22
81
65
18
-55
4
104
92
-95
-16
29
107
-107
-15
163
-15
-22
-92
29
-72
11
-111
-157
-25
119
-46
-69
-11
-185
-99
115
28
44
97
-8
-2
2
81
86
19
38
-170
-20
-75
64
-18
17
38
18
66
-9
-25
68
-102
75
36
0
-51
-98
-51
119
19
-66
-40
-7
-159
-48
104
-64
49
-38
55
-46
-13
39
-9
138
16
2
-173
58
-18
-71
50
133
27
-11
205
9
10
-182
-43
-43
74
-119
-49
-64
95
-8
47
41
44
-181
-11
125
48
72
-57
79
130
10
-31
56
32
56
-99
69
61
1
-1
-181
-20
-77
-136
-11
102
44
-162
-151
46
-24
18
67
49
-3
-52
14
-126
-5
-18
-26
-117
72
-164
5
-5
-137
41
37
29
-127
81
104
-12
94
98
73
53
-59
93
44
-90
163
-110
-49
19
-36
9
56
-78
-10
52
55
39
-93
-99
-52
-27
-88
-95
119
141
-60
-51
12
34
-85
-82
-64
-154
-126
-112
-25
37
52
-123
-128
22
23
83
108
-23
-130
28
24
70
25
97
43
-60
72
-42
26
-2
-190
-48
-28
128
52
-206
67
-11
-161
79
-133
93
23
-29
101
41
-26
120
95
25
42
260
-66
22
44
-42
-64
3
39
17
3
-20
146
61
-1
89
-128
129
-24
52
-35
-57
13
47
27
101
7
240
113
124
45
-69
10
133
-10
-5
-20
-76
-11
73
31
-15
25
-51
117
-39
6
43
11
-73
84
3
-168
-29
28
-33
24
38
167
-28
0
-13
-50
143
132
-34
-8
-29
19
51
-124
-42
-140
87
-78
-51
12
10
-44
122
-116
20
45
-18
56
-56
18
-3
-22
-56
-19
62
2
23
-80
-46
44
95
81
16
36
8
76
157
31
-70
217
88
-51
-34
42
-9
-108
-5
99
7
63
-85
-114
31
-60
48
-14
1
41
-154
74
-94
159
-104
80
-141
30
53
90
41
-36
-12
-71
-32
-14
42
-32
6
56
14
36
79
20
-58
116
35
-45
-30
139
164
83
-19
71
-7
-35
-48
36
-265
44
-77
-26
89
-96
22
-60
-69
64
-36
124
107
-131
29
-58
30
-94
126
86
149
77
41
-26
63
-133
54
9
47
-7
-77
26
7
207
45
-117
63
147
-57
127
92
128
-43
7
-17
18
-24
-168
-58
-42
-63
-37
-2
-104
64
46
16
100
43
131
-12
-11
1
16
-61
-153
-97
-58
34
-24
-76
-102
36
8
83
136
-89
-3
80
-25
30
-16
-106
1
-31
-88
-48
-58
-16
61
-76
97
37
-20
-142
38
63
-71
-89
-88
32
-2
127
78
-55
77
-4
-92
60
-50
-8
71
150
-138
-67
97
1
95
58
-30
18
58
23
-79
135
-155
-24
29
218
280
-56
-101
190
44
-61
113
110
200
-51
77
129
24
-13
-78
-200
29
-113
179
99
-14
51
67
66
-46
-10
54
-54
21
59
213
-22
105
33
86
-138
-64
-12
38
-79
57
39
111
26
-45
-139
-59
-84
8
4
95
-130
60
-53
-95
74
-56
87
142
-151
9
-74
-210
-49
-31
-48
5
-25
-64
-90
64
-35
-26
-85
-75
136
127
66
31
43
-56
56
101
75
49
32
-14
-73
187
-2
47
77
109
113
33
-47
-165
-177
0
-68
11
107
-96
-4
-34
6
23
-91
143
-105
58
-90
68
-51
-10
59
-152
-41
10
156
100
-7
-103
82
5
115
-89
74
-34
-150
-6
-13
-48
19
-136
-4
11
-32
-22
20
44
83
-25
12
86
22
29
47
2
35
81
33
96
75
125
-27
-28
101
-70
-87
-11
-84
-224
32
31
169
-62
106
-34
76
-102
45
-56
-147
-21
-108
-36
154
14
-52
79
4
71
29
-73
119
35
30
120
18
48
54
12
-56
-6
-6
-52
27
26
-33
22
22
17
-16
12
-16
13
43
73
161
84
-67
27
19
29
-2
-58
127
-121
-66
-28
-109
-30
-96
103
-175
19
-5
-49
-9
95
-15
-189
73
39
17
33
-34
1
-10
21
24
58
-65
105
-46
105
-35
168
-31
39
-32
-130
2
191
-4
-96
-132
72
29
-10
-60
-57
-4
-18
-59
35
-102
177
29
115
-63
-16
25
66
-18
27
3
33
-64
48
91
-16
29
-16
-35
80
-158
-56
66
22
105
1
187
126
87
-2
-126
-117
-58
-127
80
-130
-58
-32
-86
-26
-16
33
-23
-42
32
78
-126
-12
217
52
36
-42
-62
44
-21
-191
-42
-151
49
-26
-23
65
13
77
133
45
-91
-39
13
11
32
49
141
35
33
118
60
154
37
29
-47
19
84
-63
35
-109
116
-199
-105
-115
34
72
5
63
-55
-76
-70
-111
126
29
-141
132
53
-54
68
37
41
85
83
39
29
-35
-4
122
-47
-17
86
12
-201
43
12
76
-55
-16
-61
71
-38
-8
-282
-99
-54
-61
-101
44
-14
-221
13
51
-7
20
88
-26
124
103
51
-15
111
-9
40
37
-114
-62
7
102
-144
-57
-127
62
-12
-95
-20
-2
74
-154
27
66
95
21
8
-45
46
-57
-80
42
0
33
43
83
-83
140
19
18
1
118
-27
96
-111
26
86
-19
-5
-53
-37
97
-5
54
120
-99
35
74
32
-55
-32
-114
-58
-43
11
171
11
-41
-98
-23
150
20
37
-15
161
-197
-7
98
35
-44
-159
91
41
-166
-85
-89
-63
8
-64
59
175
-59
-74
-33
39
9
-122
-34
9
-96
-68
-118
-152
-43
11
-38
17
-93
-25
-13
35
-10
-33
-82
41
140
-33
110
5
145
123
12
84
-128
0
29
169
46
35
-102
-26
26
52
-57
119
-56
12
0
71
49
41
-67
66
-82
-24
45
-48
-118
-17
-71
59
47
-116
19
-6
97
-26
68
-17
77
-31
77
84
76
28
150
68
147
29
-124
25
-77
34
206
-109
16
-97
20
31
85
-11
-119
-96
-45
-7
-39
-92
-75
23
66
-70
-97
-169
128
0
86
-17
20
-96
98
64
-162
-65
69
4
111
-130
-59
61
-119
-34
74
-52
-63
-56
103
-83
20
40
-53
96
98
-107
66
114
-106
220
-65
-93
129
41
-51
-59
-29
-66
12
-101
30
-26
203
-17
8
55
109
-142
22
-84
35
25
13
-188
92
155
9
126
105
21
23
-98
-128
-83
65
80
-48
167
-138
-50
-53
-21
128
-159
15
-1
121
-101
90
-118
-26
81
10
-81
36
33
-88
16
31
-93
40
-75
-160
-20
-70
61
44
6
99
-111
70
14
81
51
-2
-126
-3
-105
0
-58
15
-94
-6
38
168
-45
82
98
-66
74
-82
-128
-78
16
-2
-28
4
14
182
9
-75
88
71
-107
-72
17
23
-47
-1
120
-5
47
-72
-31
52
3
-37
-22
-59
-188
-41
104
146
-218
21
46
53
110
73
-41
-42
-31
-40
26
19
59
162
-2
87
127
-53
98
44
-41
122
-23
-223
-12
-60
-80
-90
161
0
-48
-36
82
37
-131
41
29
-130
-29
77
9
25
23
-124
127
-90
95
-129
49
-21
-24
-6
-29
-12
-45
26
31
67
161
77
-66
99
137
62
43
55
80
-53
41
95
64
20
-187
-88
-61
52
-24
5
-2
-41
-130
-32
-107
-153
38
44
-24
-63
-73
-30
-25
10
-39
-24
52
-86
-85
45
36
-77
117
-63
-1
75
2
104
76
35
11
25
-3
54
4
26
84
26
-45
-91
35
34
31
53
-53
58
-64
-88
-86
-68
-107
-101
-26
-17
13
-25
-16
81
48
-168
-23
41
71
-52
61
-71
0
54
-99
-145
-158
52
-17
33
-102
49
7
-126
104
20
87
66
-4
24
55
-69
43
-19
-33
144
76
42
-22
-51
-74
80
-48
121
30
-27
64
-30
-31
-63
70
-14
-25
-8
-32
-8
7
-100
122
-74
-29
-29
-41
42
124
-31
-12
-96
-16
118
15
-138
90
63
3
-2
52
-56
-43
-40
50
108
153
-66
71
-11
8
-83
90
34
-7
40
62
-163
41
28
-108
-177
21
-17
44
-14
19
-62
131
-81
10
-44
122
44
-110
95
14
28
33
58
84
8
135
66
96
-15
46
-48
-88
14
76
17
-4
88
39
-40
194
19
-58
-154
69
-1
40
-125
89
5
-204
66
124
77
15
-46
-5
-21
74
55
-22
-16
35
178
129
73
-3
19
-43
8
36
110
39
-71
-48
-72
37
53
27
-30
98
-33
64
134
-79
-53
151
33
85
26
146
-56
-86
-45
2
-129
81
119
3
-63
49
-54
-96
30
-78
-26
58
108
6
-33
54
-9
32
-80
37
-80
9
-80
13
30
-81
-79
15
41
30
56
5
-51
66
13
8
-59
1
190
-11
-115
112
233
93
-42
93
-101
138
104
-13
-77
-35
44
96
-67
-134
103
-32
-65
51
66
-156
32
41
40
36
-8
46
65
-65
43
-31
45
51
4
59
152
118
-31
176
-116
-76
4
-165
52
-25
70
-7
86
85
174
-53
98
116
37
-80
73
-49
16
63
73
92
-106
-65
-176
-118
-103
-65
-21
-106
-35
145
-41
45
19
-95
58
64
79
23
-48
94
-33
40
-187
-12
-38
6
-68
-47
67
28
-141
-15
-46
-110
-61
-46
15
107
-27
135
83
65
-23
248
-140
-3
-104
10
-138
-29
120
-3
59
59
-99
-99
33
91
28
-49
-21
-151
-65
-69
-19
73
76
-109
-132
-97
180
-123
128
46
-151
67
-19
-11
-4
-179
10
-203
88
97
82
94
11
-125
95
-18
-10
4
72
-22
17
77
-73
-80
-16
-103
-62
-165
-96
72
-5
-50
7
-35
81
-94
47
56
-5
89
158
25
6
25
-31
38
-35
161
-95
97
-125
122
-56
14
-123
-37
67
-118
-28
53
-82
167
64
97
10
-95
61
77
13
-3
-73
68
140
-26
21
-50
13
-49
-83
-154
-36
-31
80
99
-100
11
-152
-20
2
-55
-92
-119
-23
9
-86
-141
-68
36
58
-153
-72
39
-71
-82
8
-164
-55
-77
-50
11
9
99
-2
-38
11
-75
-2
-38
-37
-21
-14
86
24
4
-49
10
124
39
-65
36
-55
46
218
-96
-39
63
-77
-48
-4
-13
-19
-2
-14
148
-57
-6
-54
-178
28
135
103
33
-13
24
59
-31
-16
200
-36
2
59
-31
18
-23
163
25
41
-13
-5
65
143
78
77
-17
-57
106
231
27
-34
130
39
131
38
59
113
-64
15
-40
-107
5
54
-37
147
174
19
134
93
-61
78
-83
13
23
2
-48
-18
-6
-17
-61
86
-25
101
70
95
119
28
85
100
-149
-227
-37
-27
-108
77
-56
-48
133
31
-3
40
-110
-16
154
-108
69
-41
35
-159
-39
101
105
6
-80
20
133
-110
-4
-112
64
-99
49
-85
-138
-19
47
114
47
-41
-8
144
-21
30
50
108
28
94
23
44
-21
108
-99
54
21
-104
151
-98
-67
68
36
-16
98
22
85
-71
-73
-69
172
27
6
36
39
60
23
82
-105
-100
44
97
-27
59
-51
-65
-78
-119
71
-145
10
-157
-94
15
32
-97
81
-62
-51
6
73
-54
-20
53
-4
64
10
-41
-65
-10
203
-34
40
3
7
43
59
3
65
-16
-60
-72
-46
-35
-24
5
-161
-56
-53
-265
42
8
3
12
152
-3
42
211
127
60
15
-135
4
-41
-6
-109
-18
68
21
-22
-43
47
100
59
76
-12
-80
-96
19
226
96
-24
81
-78
-17
59
-36
-72
-17
-48
113
56
-43
107
-86
-14
12
14
61
-35
51
15
89
-46
-9
72
-97
30
-51
-58
-85
147
38
103
-44
-26
7
54
31
-55
-88
128
146
-3
-50
-31
95
35
-77
-50
69
16
146
23
83
25
72
40
56
-102
65
32
90
-36
-60
-55
27
-15
120
32
-55
13
-64
-133
-83
-116
73
-73
-51
90
-234
-103
-23
94
-20
66
40
-5
-88
126
116
-44
-71
-97
-6
147
59
24
35
31
94
-29
3
-48
-85
-77
-101
-51
-136
-3
-21
-55
63
3
-148
-107
27
64
-19
115
-13
90
-3
-89
8
-8
86
-83
-39
12
174
15
-62
74
65
-43
-153
115
114
-95
97
19
62
-96
107
-5
-148
141
14
138
-77
27
71
98
51
-20
11
-95
74
76
27
31
-101
-173
-143
31
71
-105
-51
70
-63
-92
99
28
22
-53
69
82
83
-53
9
-40
-6
-70
-39
49
78
98
64
132
-115
70
39
85
-120
-32
-136
103
-73
50
-86
172
-168
-16
102
41
-37
-62
91
124
117
-112
38
55
-38
26
68
20
-53
18
22
-87
2
-100
-106
-23
103
24
61
69
141
-108
-2
-43
42
-67
27
-103
-96
-2
50
62
59
-46
-16
-10
-65
-16
-138
-58
126
-23
169
75
25
-105
76
-43
-214
16
-46
-48
23
-45
-7
-43
120
-93
-253
-108
-15
-3
-95
26
90
-72
40
-51
-140
37
110
30
-24
-30
-59
45
2
1
-108
32
-13
-37
-52
29
104
-41
173
-51
-39
-141
-178
-137
-75
-37
109
32
4
97
46
43
-110
22
-180
64
-27
21
-34
23
-64
-22
-73
-56
126
37
61
-90
180
-25
-60
-89
69
2
34
56
2
162
-51
97
16
-38
-85
12
-106
-9
-110
150
-133
36
168
-99
-48
-23
109
-172
-1
62
49
102
-40
-124
-83
-8
26
184
-16
-101
-4
-111
-113
44
60
-45
141
-95
-103
7
-24
46
187
-89
89
-147
145
77
83
141
81
-5
130
78
-54
70
22
-174
46
108
-143
-72
-12
41
-62
55
-46
-65
127
-30
24
212
-30
83
-7
55
38
-4
193
58
-123
97
60
32
59
-130
-48
-55
28
-109
-50
21
43
-7
110
-61
26
52
12
-151
43
29
6
7
104
37
-12
31
-38
-124
-83
44
71
-132
67
95
105
99
-13
29
31
-72
68
-75
-8
-32
56
-7
0
15
-123
-25
160
40
-65
-9
26
113
-12
39
-75
40
125
-40
-8
71
74
-60
38
-138
-67
28
-36
-9
-66
11
-65
-176
-20
60
64
-71
-2
-126
-36
43
-1
42
10
18
-80
85
-103
-24
65
-65
43
-13
44
-41
-86
90
35
1
-67
74
48
-28
-161
24
26
-42
-80
-108
-153
26
0
-109
77
-67
122
-9
-29
74
-169
114
72
95
-23
60
-98
73
-78
31
65
43
-4
-179
-88
77
-189
-75
11
67
-50
74
-66
56
-95
-158
19
78
-59
-47
106
33
-89
11
2
70
-84
-33
-19
-42
-71
-93
-15
4
-14
79
-23
65
26
-36
-68
-134
-60
193
-29
45
-32
57
-48
81
7
-38
137
46
-89
-101
92
-81
31
-28
32
11
-46
86
-117
19
-118
-123
18
60
88
-19
0
-127
79
36
66
-96
-97
-60
110
-5
-99
-84
215
88
119
94
76
-14
78
-132
-183
-27
-92
32
23
177
-54
-54
-3
-42
-82
-88
-35
-9
-62
7
-11
-61
-61
67
81
-111
0
-18
110
111
11
25
-40
-195
76
3
4
111
-42
-73
-38
22
64
-41
3
67
63
31
101
-125
138
-13
10
16
-21
-31
-53
69
60
-160
-146
-50
98
-59
41
59
-37
46
124
-48
-24
61
19
-115
-58
58
63
84
144
32
47
149
74
-73
-105
7
-35
-96
-83
104
112
43
102
-84
135
222
-156
-38
55
16
-116
-104
-172
56
-58
83
202
73
-53
81
107
203
30
168
-17
78
61
108
-66
-100
77
94
-6
99
-117
14
-8
-88
12
-17
-43
40
-68
38
22
60
11
-41
5
-148
6
-25
-184
-61
47
-99
0
-21
-202
3
2
47
31
-53
127
-59
-57
-90
-102
-118
89
-45
59
-76
58
-45
28
-52
-26
-187
-110
-10
24
-102
-18
23
-59
-59
46
130
-39
-14
-80
87
56
-96
-75
75
63
-73
13
14
82
81
-25
-146
-17
-36
-154
-45
78
-101
27
-52
-35
84
-39
57
23
53
-175
-163
73
27
-27
90
60
69
-6
-8
21
-216
-50
-189
147
158
102
77
-21
-26
61
72
16
-66
38
-58
-11
-120
-7
62
44
15
97
-5
-33
73
26
-114
29
-4
-19
68
15
111
-152
90
-44
48
4
23
-25
122
-57
107
-11
291
13
36
-55
-18
-70
70
-11
-4
149
64
36
88
-53
18
45
19
-64
99
-48
-36
-5
-86
50
24
36
92
-25
-113
64
-28
3
156
-30
-48
-232
-11
79
-66
53
-29
60
-33
70
-74
75
147
-158
42
29
93
35
-31
-32
215
99
-26
45
19
34
-31
29
-142
33
69
46
-103
4
124
-39
37
29
144
104
117
-57
-65
-19
2
-45
-46
-37
-149
95
90
84
44
22
-30
16
74
48
-18
-39
-90
43
-50
-77
84
95
-34
-85
-40
-17
-105
39
80
51
16
-41
-78
20
48
68
-43
90
-19
-48
-22
-155
-8
126
30
2
117
-44
-7
31
66
-94
-19
4
-156
-69
123
26
97
0
-24
-66
-19
-19
141
75
-44
-97
76
51
-65
93
-32
78
-44
-111
59
-10
-26
12
16
43
-130
53
-140
98
32
-5
-25
-78
-18
139
-103
-53
-130
-139
22
131
53
33
163
82
76
16
-4
-53
29
-20
-105
-9
-72
10
5
144
12
-148
-123
-100
165
4
146
28
131
1
186
-45
62
-112
178
-178
-73
-35
15
-89
-19
-68
-6
-20
7
14
52
-79
-77
-11
92
67
22
-133
69
-105
-51
91
27
18
25
50
113
-58
-27
-52
90
-4
-61
5
1
48
-25
63
-5
-70
88
63
109
-36
55
-31
52
-48
-27
46
46
-2
-56
-49
167
12
2
-175
31
194
-14
-10
5
-74
-7
267
55
4
-18
21
-33
59
-1
-121
-177
54
7
-32
21
-123
-72
111
77
116
-93
16
0
-28
-80
23
167
-10
96
24
-109
-138
-77
29
72
-136
-155
18
-94
19
79
-7
112
-67
-84
40
-13
193
-114
-50
42
31
-55
79
-192
-127
91
-109
-124
222
6
-84
50
48
-157
54
21
-9
-43
111
-5
1
-81
-40
-22
46
-38
36
-44
-11
-36
163
-47
-19
-75
44
-143
44
103
84
-256
18
148
-78
-138
-11
-39
-80
66
34
-25
155
75
-126
106
-5
-18
26
-22
-39
-7
60
-69
65
-31
174
63
9
-29
-36
13
9
-45
-126
19
-63
-59
61
6
75
-35
31
0
80
71
-92
1
-93
115
43
-87
6
120
-2
-7
-61
260
25
126
125
-70
7
123
-111
-47
52
-55
-61
-81
-167
-137
-173
126
-89
-51
72
132
55
88
58
51
-99
167
25
-1
-106
28
29
54
61
-56
-55
71
-204
29
-4
127
91
9
-170
-65
17
-5
-169
106
55
-20
-74
42
-59
-74
-62
9
59
28
-72
80
-160
-84
-40
-10
43
93
-26
25
81
-36
-53
51
-36
41
113
58
-167
-159
50
8
-115
-11
36
44
222
-52
104
-68
-17
7
122
1
17
114
3
-17
0
-85
-56
11
-37
56
-20
89
-19
81
34
-70
-167
-76
12
24
-19
-68
39
39
2
71
-74
8
9
50
33
-32
66
20
50
-162
-102
164
-30
-177
-74
157
109
44
90
76
15
117
4
45
-26
-51
-18
-137
-3
13
24
91
67
-132
137
-2
-43
-30
-56
96
-14
24
-21
17
-22
51
-49
37
-194
-95
-193
67
-37
51
-59
90
-90
-54
196
-193
118
-63
-69
-32
208
-23
-40
-13
69
-118
108
-22
72
-64
199
-2
41
136
30
68
-8
46
74
79
-12
57
229
126
32
88
61
-73
73
-149
11
-82
34
34
-11
-47
-84
96
-68
40
119
63
-27
31
15
152
12
-39
-12
-24
197
-31
-153
-138
29
73
13
2
101
-1
4
23
88
-40
-3
11
24
-12
33
-76
-30
-66
-29
11
-6
-29
-230
-80
-45
-117
0
-56
-188
40
51
68
15
-217
109
98
-28
24
100
-36
-9
47
25
64
3
-121
-54
-30
8
123
-122
-230
-53
51
-80
-93
59
-7
33
-73
73
-106
77
141
-48
68
0
4
-26
-68
76
79
28
141
-116
-8
122
40
33
-113
22
28
48
-152
-20
25
-121
38
-13
63
-66
29
2
9
-75
-28
95
101
-24
54
94
68
51
0
21
4
-1
-13
-120
-65
-113
-43
67
89
-121
-131
-33
35
109
-16
30
-86
70
-102
64
-31
20
-10
11
52
27
105
-6
163
-10
116
118
-16
101
34
87
-52
76
-54
98
73
155
-46
98
77
112
75
25
-56
37
-96
-110
105
-8
7
47
-70
59
2
-37
38
86
114
32
102
-143
88
-6
112
-9
-68
96
-48
158
-223
-71
-74
-12
47
-132
47
-80
149
-125
-74
-2
-1
39
-45
65
-1
-165
52
-66
-16
64
27
152
4
-13
42
-62
-117
-109
91
47
10
8
-107
-118
-73
94
107
97
-32
46
-45
83
114
-16
101
96
192
-122
-61
-33
43
-12
35
-138
-121
-140
-20
-77
124
4
-5
-12
12
83
-98
-25
33
-38
-40
29
43
61
-41
24
-26
-187
-11
15
-131
12
7
-41
-69
-129
-63
-46
-72
-105
132
65
-121
43
-20
46
110
-47
148
6
-66
-63
-8
19
210
-3
47
-38
5
-177
39
-19
-27
8
47
54
-93
13
-23
-43
20
3
-44
56
49
-63
-146
57
35
-101
-65
-33
32
125
18
-9
-105
2
-89
-20
-208
-126
78
-27
54
-77
82
36
102
-85
-108
152
48
19
154
-30
-11
44
-22
-56
27
-5
13
-69
-37
-18
139
-47
-44
9
13
57
70
9
25
93
24
19
-167
5
-20
98
10
168
-28
-16
20
-23
-12
-81
-53
-63
8
-29
-4
135
-5
117
170
-33
61
40
-68
7
-96
100
44
5
107
-78
-116
-74
-62
56
-76
-227
-35
13
-57
2
129
-172
49
-60
110
39
28
6
-66
23
-58
117
-102
46
-37
1
15
164
39
122
70
26
127
-40
-12
93
1
88
38
64
-83
42
-7
-8
-60
68
5
-84
-29
149
74
-148
68
22
66
29
45
51
-117
-62
-35
-23
-59
21
226
62
-78
93
-139
65
14
-165
92
20
-37
15
-7
-116
83
-14
17
24
147
-125
-117
-73
78
-39
2
-122
-66
48
44
31
23
99
-11
59
13
-51
32
26
138
63
7
-96
10
19
103
-67
-57
-17
91
117
-72
46
60
78
74
57
121
82
142
-35
34
-58
-2
-2
157
-140
-129
-195
-15
-14
-175
55
69
8
-38
-47
31
166
-109
-89
-82
-39
-60
30
-7
2
-35
205
-226
12
44
-91
-43
116
-221
17
-132
7
56
156
53
43
-67
101
-203
39
10
-43
-39
-44
18
-91
-17
183
167
56
-47
-6
43
-114
57
80
127
-35
65
30
129
111
84
-30
28
120
-154
-63
-13
9
-43
-51
-17
40
76
-88
140
65
-2
57
-49
109
52
0
110
22
-108
9
12
-6
137
-41
-3
146
89
-68
-117
42
-155
102
-44
48
-31
54
-73
-107
45
49
-67
45
150
-1
6
31
-19
52
-51
-62
-83
-27
-35
-51
-59
237
-72
-14
-88
0
19
45
-102
35
-133
-16
-26
-22
-32
-192
-49
-17
-80
46
-109
120
-27
-77
-73
106
73
-127
15
14
-117
-113
112
11
-126
-29
-74
-97
-25
47
79
20
135
-84
55
-108
-13
-37
-122
75
-159
1
55
-109
57
71
-46
-104
-44
-55
34
-69
90
23
-53
49
48
64
33
-124
-10
15
-50
69
-129
56
-71
11
63
-57
-10
-9
35
-47
65
109
15
-32
83
52
80
23
111
26
36
-82
-125
47
92
53
121
-200
-152
10
-1
-96
219
-27
88
35
84
94
-77
3
-148
24
-29
13
11
83
-33
1
-61
12
50
60
-68
-2
69
-55
168
65
67
-91
-101
-50
49
-150
17
-26
-44
145
138
12
61
0
-11
37
20
50
154
101
-114
-87
50
-83
50
117
99
-94
-8
-45
53
60
-34
-67
53
-5
-21
-123
121
81
141
3
-64
7
-7
-60
21
91
11
38
-68
-74
-115
120
86
5
50
90
68
-67
-16
-19
-121
-118
-54
31
31
2
1
33
18
-78
-163
41
-215
-39
-16
-38
71
-67
-279
-17
76
107
-51
-7
-23
-202
19
29
-33
-135
81
11
-7
68
-9
36
82
149
64
49
-167
29
47
111
-60
-24
37
-28
1
-54
-35
148
-24
-71
-118
96
-11
-115
272
-6
33
112
-21
-119
131
31
-30
-36
54
49
-85
94
-51
66
-67
115
-32
-78
30
33
-22
47
-8
135
166
133
-9
14
94
-33
-29
189
-47
20
-41
-85
-23
-144
-11
26
-14
-14
-73
-30
67
-24
-38
-95
-4
68
83
48
121
114
26
47
20
131
135
38
121
90
84
73
-24
-2
-129
-73
39
3
1
-1
46
-23
71
110
8
-29
37
87
-14
-38
-39
13
-22
108
-185
25
-88
83
-93
-74
104
-4
-16
-71
77
65
-37
-9
-47
-46
131
23
-83
219
-16
17
44
-55
-85
135
102
-86
76
21
95
-44
-10
-82
76
-42
-128
63
13
-3
41
94
31
66
-14
-27
135
45
133
-76
-49
22
45
61
-89
58
-35
22
-75
55
128
-15
-45
63
-12
-62
-31
-17
-80
70
-6
78
41
-159
142
6
-47
-139
-40
-19
-27
-55
-80
30
169
45
58
-56
35
-190
-10
-82
-71
141
-29
-104
-111
-14
-54
62
119
38
-69
-64
104
2
22
-26
-15
-107
-23
-47
-109
62
9
-96
95
1
-54
-26
-55
-20
-25
-50
100
-14
99
-118
14
-15
9
-117
-2
-21
109
46
-60
-93
139
-194
-60
34
96
38
-38
-95
32
78
165
100
-113
-80
-88
43
-22
77
-64
80
-20
-208
-88
-25
31
40
74
-21
130
-100
-32
-85
-32
98
64
77
-39
103
79
-37
-36
-80
94
86
-44
134
27
0
-99
204
-57
66
19
23
74
-136
-44
193
-56
-87
-36
42
-44
-101
1
-83
101
-6
-31
51
-46
-60
-94
-17
-27
17
-40
-27
107
-24
1
-87
-88
-66
76
-160
47
-94
-30
-85
67
-8
-8
-168
39
-103
-14
36
-138
-67
-197
88
27
-5
33
-8
25
-42
110
206
-8
15
-31
-28
30
-62
-113
96
37
41
3
-3
133
-110
5
14
-2
-99
-11
38
-99
-84
33
-162
6
-102
61
76
76
65
57
47
55
-226
-45
124
-24
-194
-112
-171
-53
-36
-133
35
-31
54
32
57
41
1
129
60
-27
-97
74
-58
28
-48
-109
98
2
10
49
1
64
92
-55
-10
-38
18
-112
-118
4
93
-86
27
-62
-138
-101
-74
-193
58
-174
108
-15
-71
179
17
-128
-65
-6
4
97
154
66
-216
-17
12
-79
-255
-115
-61
-54
-39
-60
114
11
-32
176
56
54
-52
-60
95
-106
-87
0
-46
88
-133
-92
-24
-52
-41
160
-122
-90
-50
-57
140
23
-104
12
-39
117
-124
0
66
94
-14
25
-21
-141
-113
-199
85
42
101
-70
66
75
-153
-107
14
140
-36
-12
27
-23
117
-60
-24
150
-37
144
86
-79
31
-68
-164
25
-123
9
-56
16
73
-18
92
13
-157
96
-61
87
128
9
162
53
34
-79
-37
-187
60
-17
-179
-123
56
28
-11
-73
-130
162
43
-63
38
38
125
127
15
121
-117
18
-31
-45
15
109
-20
-93
-50
-87
-81
-30
84
-122
-63
-22
93
-9
-83
73
-83
-27
-80
12
-7
-57
21
2
22
-79
-10
-203
276
39
3
-49
62
-29
31
19
69
-20
111
-19
-155
-27
-18
-19
62
97
-33
21
163
65
-123
21
7
-51
88
20
46
-14
-4
-64
-41
-42
126
-19
-207
-170
-64
-23
-73
27
-4
-30
17
105
-73
93
-110
-143
-90
33
-97
34
-161
-44
-83
-90
143
27
-69
-4
60
-56
1
43
150
-1
3
9
7
-92
-71
-130
-57
103
-43
-11
-8
-129
6
156
9
-42
100
-18
-153
63
54
89
97
-102
85
-46
-42
-29
62
4
-28
-54
-120
-58
-160
64
121
25
-9
-107
39
-211
-60
-93
-35
-30
52
-29
152
-44
53
-106
-28
-97
33
50
-12
112
-101
114
-88
-24
174
-103
-173
58
14
-108
-68
117
115
55
-85
3
-9
125
186
49
-46
-46
16
-38
99
86
-18
7
13
-85
-85
-25
120
-90
-24
-33
-101
-60
6
48
-95
55
1
-86
-68
-46
-16
167
64
-75
-48
-134
-62
-103
-80
-28
-114
-29
59
47
3
13
0
34
-15
-9
75
84
141
-61
81
90
116
-174
-6
71
1
14
-55
-80
-1
35
-87
-158
75
-131
-107
22
-154
150
106
-17
-42
103
-83
51
-101
-15
-2
83
36
-24
141
92
-72
-101
-3
66
39
-71
54
86
-79
-43
69
-162
31
-81
63
-39
178
21
-55
-40
-55
0
-70
-19
-71
-214
-109
-57
34
-115
34
172
-8
-56
75
141
172
-37
64
68
-44
-88
-69
92
42
-52
-85
-88
44
14
0
-72
140
-38
-68
-47
-97
-6
170
-287
-47
-42
-74
79
-73
-51
-29
-33
-21
17
-102
-66
-99
-2
-12
22
-24
-32
21
-42
169
71
-91
-9
37
9
-113
-47
-61
-83
91
-129
-88
77
-106
6
-18
29
-145
-30
54
-83
132
-129
8
44
-44
-12
-22
-176
-2
-7
-82
52
85
-100
66
37
-60
75
-40
-11
3
16
-4
-37
70
-87
86
-225
28
11
69
34
85
35
105
22
-3
34
-25
7
-45
-108
-15
112
75
110
-89
95
-128
-28
-12
89
81
116
62
16
-60
-8
-169
-139
-61
6
-190
58
-46
40
-62
-104
-24
-159
98
-41
-12
101
-71
60
153
66
128
-102
-138
-121
92
27
-90
-159
114
77
-52
-113
-15
71
-56
81
13
88
-91
64
88
77
127
87
-48
38
-31
85
14
0
51
-63
-159
-47
13
40
79
22
128
-117
179
51
1
5
56
1
-53
91
90
92
-1
107
61
57
52
17
91
46
-180
-167
61
10
-60
106
-77
25
-11
-5
39
37
18
-25
-136
-3
5
-31
-47
-14
226
126
-67
3
70
-110
65
-134
-77
-38
-55
30
-90
14
103
74
-89
-173
-110
-53
27
145
27
-87
-48
-32
-123
4
-94
54
33
16
-76
-1
-19
1
-49
-84
17
96
40
-99
-46
-39
-17
-76
-73
67
-212
94
-84
39
26
-131
-15
-128
74
20
-69
-53
68
-42
-86
75
-88
30
161
-100
-81
-142
-122
107
-21
-11
61
-8
-21
-145
-15
-46
