50 100 100
0 0
0 7
0 19
0 45
1 30
1 39
2 9
2 15
2 30
3 0
5 14
5 17
6 15
7 3
7 21
7 25
8 9
8 10
8 17
9 0
10 49
11 35
11 37
12 8
12 27
12 43
13 28
13 48
15 1
15 15
15 22
15 31
15 34
16 7
16 18
16 29
16 42
17 1
17 43
18 11
19 12
19 46
20 25
21 7
22 1
22 12
22 23
22 43
22 48
24 1
25 34
25 44
26 7
26 29
27 28
27 36
28 20
28 49
29 25
29 27
29 44
30 35
31 15
31 27
31 35
32 29
33 1
33 9
33 16
33 39
34 3
34 21
35 24
35 42
36 13
36 46
37 3
37 8
37 40
38 5
38 33
39 17
39 35
40 20
40 29
41 20
41 36
42 15
42 16
42 20
42 34
43 19
44 13
45 22
45 29
45 36
46 21
48 35
49 1
49 29
43
0
37
51
96
86
6
67
88
9
97
2
20
16
19
50
14
74
84
38
46
61
30
87
42
78
23
45
68
29
5
92
62
89
48
44
47
1
13
82
21
76
40
79
26
85
18
31
56
94
98
70
77
39
36
41
64
71
7
28
58
3
57
22
52
55
32
10
4
27
49
66
8
90
93
81
69
80
34
25
83
35
59
72
33
65
15
91
95
54
73
11
12
75
24
53
60
17
99
63
68
-13
-280
-59
-84
48
113
-104
70
131
-20
-94
-13
100
-183
95
5
-121
4
154
-57
15
-87
-125
67
95
-148
-48
64
-101
213
17
7
51
-60
115
21
100
91
74
132
-116
-53
115
30
60
19
-58
-138
-168
155
80
143
-53
-32
63
-67
-112
-83
-14
107
-141
-24
130
35
-17
59
58
-15
55
27
157
36
3
-7
76
-71
47
40
17
166
193
147
49
97
21
-97
128
81
61
-133
95
-49
-75
17
-39
-142
150
15
-56
-121
-116
4
83
29
-21
136
-29
-106
-7
-79
-76
73
-23
198
-77
-186
14
-74
0
54
-85
-55
56
194
15
98
156
105
6
-51
117
56
-138
86
-94
70
-36
-135
-91
63
-50
131
-25
58
32
-26
96
-31
96
-3
120
-7
51
61
42
132
-107
-86
101
44
-5
266
46
102
-23
-48
99
-70
-196
72
62
14
-28
107
-78
187
-11
82
26
10
135
-83
24
-9
6
-112
39
126
-62
21
54
-25
-120
-24
102
66
79
-47
20
48
105
72
-28
27
-88
-81
28
-82
49
9
-11
-87
-70
-148
-32
-68
-4
10
-100
65
61
-165
23
11
-3
32
2
-235
-51
-108
126
244
-43
-144
-95
-226
-23
-1
-50
-237
-39
-230
-131
-51
-50
19
44
-107
-140
71
131
145
-32
154
-131
58
-29
-128
-43
-70
-166
-12
-68
-104
25
-25
62
-98
-42
-3
-40
-95
-108
17
-24
50
56
-27
-106
6
168
56
-7
-41
91
148
37
109
-31
132
-128
-46
-54
23
-93
-38
-111
-132
-148
-58
139
-112
-121
127
110
-4
102
176
-28
-189
-40
-135
-27
-13
20
228
74
-26
-23
20
230
203
107
-21
-82
-69
81
-13
121
-59
-185
-82
24
166
-4
-46
0
-54
-172
68
8
210
37
-44
-57
116
-107
12
-83
78
72
29
-115
146
-24
86
43
-99
-66
91
-20
41
117
45
-86
42
-41
-96
-27
-158
50
2
118
-189
42
50
36
1
0
74
-85
-9
-75
110
-74
161
73
-111
12
18
-73
162
-69
114
251
59
-2
119
37
67
-66
60
-121
18
-28
-138
-167
10
-94
11
2
-37
136
13
-30
-155
-42
-57
-77
9
14
12
-74
-110
71
-3
-138
-161
-79
-117
-119
50
-28
-112
-30
4
49
132
164
-147
118
71
-107
-1
40
141
-76
2
-30
-54
-11
65
-32
-171
-1
-52
-38
180
-178
-167
33
85
11
33
-147
-127
4
105
-177
54
70
88
-59
15
-48
-37
-16
-2
47
101
40
-67
-22
21
13
-164
-36
-19
121
-85
26
36
32
14
77
-57
-34
8
87
-7
-66
93
-37
-121
110
38
43
-9
21
79
-102
-64
-19
11
-67
43
-110
-86
-63
146
58
13
119
-66
-60
-44
-69
-59
181
44
10
0
-44
10
55
119
-12
45
175
153
-106
-13
-21
-58
71
-32
129
137
-94
-26
28
303
8
-192
195
136
-50
110
-17
140
-60
18
-12
41
89
-145
-9
-30
70
79
19
53
-4
-95
15
-97
106
-142
-3
42
53
28
148
35
13
27
-58
84
-9
3
-56
7
49
122
-40
-21
61
7
-8
112
-177
-91
30
-43
-270
-92
-52
-63
154
-129
-103
23
-99
-50
-168
115
-88
66
-142
105
5
19
-13
233
-29
-125
-160
278
23
55
167
-12
134
-190
4
-190
-41
0
-41
98
309
-58
-231
-42
102
-28
-94
98
46
0
-91
-102
-65
42
178
90
-10
193
95
-87
-9
96
-105
-136
-25
35
-1
74
-86
16
-61
84
-59
197
44
-48
-49
29
76
152
-26
9
-62
77
7
120
-171
146
76
286
17
86
142
99
-120
-201
42
52
-51
164
27
34
181
2
-33
111
114
-71
82
-81
-88
70
-53
0
-43
-9
-165
13
-68
162
-85
79
9
146
-47
102
21
104
195
76
8
-142
124
-76
-6
15
127
-13
-52
30
199
-10
-76
-227
-82
115
-17
-299
214
118
62
2
97
-280
36
-155
94
-4
-37
-107
-2
-27
7
3
83
85
138
113
28
-217
29
11
71
-125
-221
-17
29
-152
-3
224
-58
54
-106
72
17
-156
-66
40
-54
21
26
20
-109
115
65
41
72
-196
50
-28
-1
-161
90
19
-101
214
163
149
64
-80
83
-29
-115
76
103
-60
70
23
-114
-14
-116
5
41
122
128
14
-33
26
-102
109
-70
-81
-85
-2
45
-81
60
119
-97
-75
25
-4
153
-82
5
-61
183
122
-50
33
-22
148
-41
17
-55
-47
-47
-12
-3
-78
140
68
-148
65
225
9
-132
-53
-276
84
-28
14
-5
227
-106
38
34
38
-15
-23
33
-107
-44
-120
-69
91
-152
-143
-12
60
40
114
-5
43
10
-12
60
-146
82
66
-66
26
-65
-16
-46
-165
-68
-58
200
24
-32
79
75
143
-16
-82
58
-86
184
134
62
29
81
205
61
104
-85
-73
220
-124
169
1
-99
-91
-146
-31
8
60
132
-103
-127
86
-22
-49
-3
-135
103
-48
-177
-15
-10
-21
-84
-9
-119
37
123
-26
-51
-52
-53
57
37
-4
228
-62
-18
-69
-32
58
45
230
-87
103
16
-2
3
87
-195
-46
-73
209
-175
-118
60
170
-24
3
38
30
-5
-63
72
35
-131
71
-163
144
69
59
10
-11
-149
160
208
29
-124
-21
223
62
-116
59
20
-59
92
218
92
-118
85
43
-16
-21
30
-69
55
-19
0
20
-95
82
24
0
-38
-95
-52
-175
-192
-154
-128
0
125
203
-145
162
81
-28
-108
-55
93
-6
-85
-85
134
-115
28
-100
80
-91
-9
45
8
108
263
279
46
125
18
80
20
118
-50
29
99
134
-64
82
-63
1
36
-100
-214
171
163
-118
92
29
-203
-49
24
-213
-193
125
105
4
-85
-81
-75
-47
-54
-156
-17
136
252
14
118
-119
-101
-105
-124
98
213
-34
54
-287
157
-219
-36
150
-37
-53
-63
-126
78
-52
-16
-60
104
-103
43
58
-95
167
-38
24
21
-109
41
198
13
-97
217
-17
-84
-198
131
56
22
-56
-10
99
-21
79
-107
1
-122
-52
45
-207
12
-94
-19
-59
100
210
88
90
144
-58
91
33
-82
17
-69
8
79
-36
-27
-22
-6
-1
25
-16
6
-108
-95
70
120
-40
-108
3
-95
97
-28
-123
31
-4
-97
37
30
-40
-33
80
-124
-171
-21
175
6
-82
-85
23
37
-158
-122
6
107
-58
-88
-28
-208
-78
83
168
-87
-48
-53
65
258
-104
2
-99
-140
-179
-25
84
51
24
53
-161
81
118
100
86
83
0
-84
70
-132
56
30
25
-61
112
61
-47
-180
-106
217
-27
110
25
-33
-82
86
35
73
11
-69
172
146
-72
-171
-101
-41
70
-117
251
30
-39
2
93
-57
16
-57
151
-51
-10
-163
-92
13
135
98
157
99
-91
186
-90
23
-81
-46
86
115
6
9
-44
-112
58
114
88
32
53
38
196
5
-259
79
-117
-82
40
10
-28
26
-82
77
244
20
79
9
-200
-89
-138
-79
16
17
-61
-43
-36
-17
8
-151
65
-71
68
2
48
8
-208
6
-163
42
34
68
-66
-52
58
-32
147
-138
-23
-99
56
-83
240
130
-37
48
219
-111
-22
76
257
-24
24
15
-96
2
214
-26
38
115
108
-73
-55
-88
-242
-78
-34
46
-5
5
-33
-52
-53
-100
159
88
-116
-3
-7
215
-3
179
-298
-38
-121
17
-207
68
-199
29
112
-46
-135
13
-63
-167
116
-15
63
218
-52
8
-222
119
-169
72
185
1
-36
53
126
73
271
-224
-122
-23
-22
23
-22
8
-144
30
-33
-230
73
-33
-36
9
-16
46
78
26
-200
1
-26
-19
-205
43
37
-142
74
-32
-150
-4
-83
-156
-24
59
215
49
-26
-20
-56
-121
-142
-108
16
-147
1
-97
-79
40
175
116
30
-26
91
-191
101
102
89
78
-51
34
-164
-114
69
43
45
-235
45
28
-111
-51
-264
-77
85
-81
-21
-31
75
-120
62
-28
-137
24
-99
-21
-26
48
69
-63
-55
-84
-26
109
65
89
101
70
-147
64
-82
-111
-20
9
237
157
84
29
14
-160
46
-107
68
81
155
107
43
-211
19
125
136
92
-158
-5
23
-108
-269
-5
-131
-82
216
-36
-71
21
80
-19
-22
-83
15
109
-192
-48
-145
26
-122
8
144
8
-42
-6
88
11
3
-88
-147
-57
5
43
139
56
37
89
-119
95
-83
-121
-10
95
-121
-5
13
44
27
-141
55
-3
92
-31
-16
-59
-120
75
60
82
-185
164
64
-26
213
74
-43
19
73
-62
-135
182
13
-100
60
-39
64
5
-32
11
-19
46
-30
68
-295
104
-49
31
40
51
108
33
104
256
13
-31
-59
-3
-87
-158
46
-38
63
49
-11
-90
39
17
-155
-75
22
179
-110
2
-21
202
35
-24
-166
18
275
124
-35
79
-9
43
29
-46
-68
-205
-74
-43
28
-18
-20
-25
57
176
54
19
48
66
145
-46
-39
61
-58
-84
-146
-11
-272
97
-125
38
-30
-15
-280
-30
-93
-277
49
84
-116
138
63
113
-128
-106
-74
-67
24
-4
132
-21
-97
46
92
169
-137
-108
2
180
-255
107
-182
-100
59
-16
74
-128
65
77
-28
-62
-248
28
-53
-74
4
-63
-125
244
-80
2
-14
26
48
-12
-11
-57
-40
52
20
50
60
-141
193
-197
-87
-41
3
-38
79
-1
8
-187
108
49
86
-69
-34
157
-9
148
189
-89
23
-77
83
272
99
28
1
17
106
102
-42
-80
-100
-97
-224
-144
-139
-99
49
-119
-118
-32
-62
-163
61
25
-283
19
-116
-5
-150
-108
130
-67
105
96
111
-72
8
-101
60
-23
136
-28
-189
4
-47
-53
187
-80
-165
-80
-167
-82
-56
-150
-110
-145
-70
12
-36
-16
-67
56
-69
-12
169
-57
104
-31
48
13
6
-4
112
-75
-54
9
-42
-65
-67
-81
-12
59
-98
-17
-27
72
194
-71
147
54
140
-146
-48
59
-66
-127
-49
120
-147
-37
-84
71
21
-94
50
124
107
145
-187
86
143
-35
113
75
55
-18
-238
25
-133
209
83
-67
190
28
60
-167
26
37
-33
-150
75
-70
68
154
48
-151
16
175
-40
-24
-67
112
141
-165
-157
86
-47
66
19
71
1
-100
-57
-190
66
-107
-58
-85
-119
147
8
-160
-14
-90
-44
24
-19
-74
27
-114
42
-121
-107
24
6
-67
-24
62
-45
-224
10
-3
105
4
-50
63
-86
-41
76
219
-62
-14
-218
-90
-59
3
-33
-255
-62
30
71
18
-56
-381
-24
-16
-130
-175
-69
31
-16
-53
279
83
227
50
-28
23
48
82
-135
-42
-121
-101
-14
-48
-102
20
-152
-83
50
40
-70
72
-82
-120
187
-178
-25
20
-99
109
-30
127
-90
-129
81
10
-63
-89
109
-48
37
26
-26
42
-100
72
2
-75
80
-90
48
-53
50
28
33
-79
199
-128
115
-19
101
96
89
-116
6
-21
59
-159
19
61
209
56
-29
-89
-76
81
-103
92
-83
131
149
2
-199
-38
154
18
-167
130
-23
82
172
35
130
-1
-54
-104
-32
7
-99
-28
-12
50
44
-63
8
-74
169
71
22
129
-1
74
51
-68
-38
-61
-9
-68
146
-32
72
-90
-39
-117
17
-96
-38
-50
68
-101
-71
-69
264
3
-70
-150
-86
-168
-112
73
-6
-92
-29
41
-153
-130
-55
40
-68
-106
36
5
163
85
-74
46
-55
156
-50
141
-98
30
-217
95
-183
16
95
76
-102
-179
82
-149
-23
73
-26
-232
-63
88
133
-29
82
-116
24
-52
22
-40
43
68
-196
13
-62
71
-68
23
114
57
-26
161
72
195
-114
-103
30
122
67
73
56
178
36
-94
11
44
-100
-11
-79
-167
59
104
88
125
5
59
20
45
-115
121
-47
-28
84
23
33
95
-26
148
-66
-49
48
56
-134
212
102
15
78
30
9
131
24
-76
-106
-118
-161
44
-72
-34
46
-74
-36
226
-146
197
77
-120
35
-79
-161
0
-41
-51
-115
-175
25
-172
-50
56
-73
-13
108
-56
103
-6
11
17
-35
38
-5
-41
107
2
130
51
51
109
26
62
-112
64
159
-90
-39
-35
49
-91
15
-100
123
-94
238
-56
76
74
18
43
87
28
-21
50
-27
23
-28
-70
-41
14
-90
22
76
-136
27
143
129
-28
-173
-4
134
-186
-64
245
-30
-66
-211
118
-14
-81
-30
-182
71
33
-23
76
18
39
29
177
163
69
-192
83
14
1
-107
197
-10
24
50
18
113
150
-190
-52
81
-17
106
-3
11
-71
119
-188
104
88
65
-106
-78
1
2
145
233
156
-55
-84
-24
57
-73
-121
-33
-39
-1
36
-65
168
25
-129
-54
2
115
-122
64
-36
111
105
-21
42
52
50
244
137
-253
30
-128
-79
-8
-27
-125
83
-20
-89
189
-64
-92
80
-78
101
57
40
110
-29
-187
-44
-80
106
-92
-70
-32
-13
27
44
-81
-52
-83
-51
-10
69
-57
37
88
91
18
-139
26
128
11
25
-29
-88
101
2
256
-45
-38
7
38
99
-43
-37
-38
-42
-106
-193
69
-53
-53
-46
-32
-96
82
33
82
125
-43
-222
141
45
133
-89
-175
40
44
147
-62
211
56
18
13
-36
127
-35
52
-10
-42
45
228
42
20
72
-141
123
43
-40
25
20
36
-182
-180
-77
-268
-73
81
-126
-25
-24
172
95
167
-78
66
-152
73
140
106
-55
-113
79
-113
36
105
-95
-40
-20
54
-138
-54
37
-10
60
-158
78
-14
38
-52
128
23
-11
54
23
4
-64
108
104
-77
49
89
-69
148
64
35
7
-20
-74
-60
156
-180
417
68
-7
-27
96
79
-26
12
86
-128
-10
-152
-95
190
78
-5
21
53
5
115
-99
37
116
24
56
98
-29
7
88
-86
19
131
-91
-32
87
-20
35
-86
-131
49
109
-21
-18
-11
-137
143
-135
67
-19
39
34
-56
-29
-18
129
-60
99
115
-101
18
28
62
-36
135
21
9
-74
7
84
108
-101
-6
242
-52
0
-38
-104
0
206
102
-121
55
148
2
-85
13
49
-78
87
51
26
117
-60
83
169
-83
-9
-195
7
-1
86
43
0
-105
77
-41
-55
-65
-207
0
308
67
127
-147
-137
78
-70
50
102
-76
-101
-3
-64
17
103
-136
-44
111
88
-10
105
87
134
-104
52
16
137
-87
65
9
-51
6
194
42
43
-17
56
-170
-80
134
5
119
61
-126
-48
153
182
70
41
6
187
72
-82
-88
-41
29
198
41
-11
124
237
92
62
12
-62
-40
-25
-116
-20
81
-94
-57
-82
28
-68
-170
-145
6
-28
-23
-56
45
5
67
59
5
-5
66
-75
-72
120
-43
-156
64
-73
8
47
-50
-38
36
55
-84
-47
100
14
-126
92
36
-27
62
-63
-68
0
107
72
-62
91
14
-192
36
-149
21
-7
-37
51
-188
98
4
61
-12
51
-26
199
-31
-31
62
-45
0
-164
55
-49
-211
8
-52
-166
33
76
-26
22
20
-18
-55
152
-170
-107
-238
114
58
-52
53
6
11
64
-124
-39
-88
113
35
25
-16
27
-81
-64
34
-167
78
102
103
-53
-66
33
-152
29
-50
26
-17
-140
-42
39
-23
-81
-118
-33
-107
6
114
-88
-11
42
-4
15
-130
64
-13
-110
32
87
47
-164
-56
-77
261
-102
3
25
60
83
55
258
-70
-112
148
-177
-19
-127
24
-79
-57
-218
-64
-156
-8
121
-125
142
-18
-57
-6
26
-107
19
132
17
91
95
84
60
77
-183
-14
-29
54
47
89
-9
-102
-92
-348
23
2
-125
99
-72
131
-27
32
11
-44
84
-13
64
70
99
103
86
12
19
-185
13
-147
66
-38
-156
184
-91
-67
174
-38
-70
17
41
73
58
21
-22
131
14
-44
13
173
65
32
-31
-51
-124
-2
159
-5
161
4
-178
36
-45
9
31
-87
-59
-186
132
-7
47
33
-172
7
-65
71
106
44
-41
48
-85
-65
-13
-138
-22
55
-41
17
196
-203
114
-36
39
68
-74
58
-140
140
-117
38
44
49
55
-39
-21
-73
-25
169
74
105
42
-235
-82
47
197
-37
127
47
-89
-199
-149
120
95
-166
32
33
-34
-139
-42
58
133
-32
22
27
-32
-1
14
-36
-67
54
-116
-28
-46
202
14
-43
-44
54
-47
15
-55
88
-156
-21
18
-5
-279
74
24
77
-7
25
-26
13
4
22
14
270
-172
-73
-10
2
44
86
73
6
-82
74
34
23
160
-51
-66
84
111
-98
37
-28
-79
-82
-23
117
144
-81
-32
63
-196
-13
206
133
65
-67
-79
-90
-124
-154
100
164
-77
-28
-104
-68
-50
123
83
-96
-71
-61
119
-191
40
-10
-82
-45
78
157
-107
-140
142
-226
-91
-118
-8
157
31
-275
-24
-52
-61
-59
57
-26
159
62
-78
1
111
-89
-17
-1
-66
44
132
-62
-2
-151
29
13
-144
46
-54
159
-191
71
-57
-192
5
-41
39
-20
-31
-79
39
-126
100
13
-29
-95
-109
52
7
-34
137
113
-32
-2
-64
-162
156
-9
18
9
-76
24
-182
-36
36
-19
31
-137
192
13
-7
-59
-50
-111
-46
102
97
80
-120
202
57
32
-16
128
18
-62
-22
-89
-164
3
44
-26
111
-59
-201
-89
-246
216
1
123
70
128
-72
68
-67
-167
-31
-96
-47
44
2
76
61
259
-33
201
-27
-41
-35
12
-219
10
52
53
0
-34
144
-73
-8
-52
-150
1
-90
-7
129
-39
22
-19
12
-7
87
-79
-85
-157
-35
-133
-90
70
36
167
192
86
-102
113
46
40
93
-24
92
33
12
159
-6
31
60
-187
138
-95
6
-39
-16
-79
54
186
-64
-125
-124
-138
-8
-36
105
-43
-129
45
-16
-140
133
143
-28
23
-47
-6
-152
-41
-14
13
101
15
99
-33
-47
1
135
39
217
46
120
0
-102
-69
158
-50
-57
-86
141
-110
0
247
-28
48
83
163
-369
264
-30
17
-1
32
-86
-122
-30
15
-107
88
164
-175
-136
193
103
167
139
140
95
161
-136
37
85
154
-23
294
14
-41
242
196
135
45
-160
70
122
54
-18
-220
-108
-138
-102
-148
-57
215
20
-123
146
-144
85
-47
186
313
-177
76
24
-10
20
174
41
138
75
-42
-91
139
331
105
130
-27
111
-26
109
9
3
-6
96
-19
-3
-1
-6
149
134
-29
-83
-91
54
-60
-229
-7
-39
-15
72
20
-132
-57
-139
104
-125
20
68
-6
87
-89
34
18
93
-2
-81
-105
125
-5
-17
-33
216
41
-132
40
191
-103
23
-37
24
91
95
27
76
3
204
-80
-14
181
146
-119
-50
148
33
15
112
170
5
60
34
169
56
89
-118
-152
70
13
-27
-113
-44
40
71
-8
63
90
92
-85
121
69
-241
34
49
-94
-35
22
17
-15
-129
-22
191
-134
-59
11
39
-68
-16
17
-30
146
-118
36
38
-39
115
-174
-10
47
-250
13
-79
27
184
-48
159
14
-147
39
-111
-101
75
78
148
80
-81
53
258
97
-21
53
57
253
44
100
96
6
23
100
125
17
-13
80
114
83
63
41
-38
-11
-77
104
-26
-114
114
126
-137
-5
-105
-101
163
-129
71
106
125
14
42
-79
66
106
-1
13
107
-107
75
-54
4
-41
50
-1
-36
24
52
-90
-23
-43
145
-93
190
84
149
-104
-79
107
133
-216
137
-4
-70
-135
-20
154
22
-11
-212
-178
46
-23
79
-27
-110
102
-99
-113
-135
158
-1
-51
37
-45
-64
-55
-72
-51
11
-224
118
79
-119
-221
-2
64
-80
-47
-52
-41
47
-65
105
45
-20
-124
202
-143
-33
55
-6
-87
-1
-112
-50
-109
-71
30
-91
-186
133
32
-118
4
46
170
-56
-56
97
-21
-79
11
-248
247
-81
-153
75
100
125
-110
-42
-74
-77
-16
71
-111
129
111
-30
-16
-34
14
-15
-23
35
89
-94
-46
29
130
141
-25
-102
-178
32
-68
121
144
-74
-50
-133
61
33
12
-75
79
23
-21
-72
-53
16
39
-23
-108
-216
-14
-23
151
-130
28
29
130
21
-69
-64
117
-249
68
-38
-50
89
13
-85
-21
-90
-38
58
-56
39
-30
182
-55
261
-96
92
-71
-10
-142
24
-55
-12
-45
-116
-7
-146
-9
31
70
-24
52
-105
269
-37
-52
-70
49
-83
158
4
114
-16
176
-122
49
-27
-65
146
165
12
105
11
-24
73
-2
38
-11
150
28
-99
-138
264
20
132
-31
111
-189
124
20
29
-134
-97
54
53
-156
-19
-96
76
-84
32
87
-74
9
1
-25
-49
-167
118
-34
-86
-32
-314
34
-79
-104
187
-3
-140
-60
263
-68
-84
-203
8
-116
43
112
75
-9
108
139
-17
75
73
138
83
234
-52
45
-86
-39
131
55
-22
28
-14
17
114
25
-21
9
23
-48
104
-76
-98
92
37
28
-168
122
122
15
132
-150
-69
-71
134
-179
55
-30
-105
44
-147
205
-42
-25
80
145
43
169
-37
-84
63
284
-48
-118
-180
-154
-71
-81
50
-286
33
81
54
142
36
8
68
93
-24
-8
-36
5
15
38
59
-15
-176
52
38
282
21
-26
-102
-148
134
14
13
10
61
14
1
-123
247
17
-128
22
-63
-122
90
84
-374
-114
32
115
141
65
-117
52
83
-19
36
34
5
19
-84
-104
-143
32
-42
204
-73
72
142
-104
131
-81
12
-160
144
-196
59
-103
124
-115
175
-28
-125
69
43
28
94
-125
95
-35
-39
-52
-4
-111
-164
-179
-70
-67
-62
-133
75
146
89
4
109
57
-48
-83
-60
89
-102
204
-2
44
-52
-39
14
-27
-71
-51
132
-135
-125
-38
-110
74
96
157
-154
24
-5
25
69
143
-56
4
206
48
-11
-95
30
-84
14
-23
9
138
64
55
-21
-6
63
-26
69
80
-82
2
46
119
-145
-38
-1
-60
22
46
-130
85
33
89
-37
51
-40
16
-66
-17
166
12
-62
-220
-54
-40
-271
55
162
-118
52
-81
24
-122
61
4
45
-93
-110
5
137
-30
-10
284
23
-130
-46
-75
-10
-88
7
32
75
-69
45
8
-89
-97
125
89
148
175
58
-37
-13
-55
100
26
68
-137
-35
-90
-183
-20
-115
-36
11
29
93
-127
-124
92
141
60
-34
49
-49
-42
-9
12
-234
165
12
-21
-115
-41
-120
9
-143
41
2
-202
-74
48
40
-20
29
238
-98
-190
-55
69
68
-106
-44
-129
-119
2
-234
167
-147
47
-195
-51
28
64
-106
-160
-68
-32
80
-24
245
68
-79
-27
27
91
-133
-62
-208
4
-301
129
92
-45
-118
32
-205
59
142
209
17
-85
-48
-121
-89
-47
-77
52
37
83
97
-63
11
-37
160
265
-86
133
-95
-159
-126
69
223
-51
-18
120
233
-24
-83
-121
-55
-67
-55
79
24
-234
19
126
-12
-76
-101
117
-219
4
134
-119
84
-208
46
33
132
18
137
105
30
224
170
94
70
40
-152
-96
32
-218
86
9
36
73
23
-89
97
90
-170
36
25
-5
-27
-2
-62
-16
-12
80
56
179
63
-1
-102
85
153
-66
-52
-11
169
-1
36
10
73
-108
-99
22
109
249
-170
63
-11
15
42
-54
-72
-4
-23
41
51
-95
116
-41
119
38
-67
24
118
-47
27
-87
-95
-37
142
195
67
-15
-41
-201
-6
-113
94
-104
-14
88
209
81
134
138
-10
-121
-89
54
-178
29
-60
-69
-121
-146
140
-33
-195
-84
-59
-81
-116
14
-44
163
-1
56
-225
-100
-126
9
15
-95
-7
-71
10
-79
154
-53
-180
-117
54
-135
-179
-74
5
141
32
-77
150
148
-217
-17
78
33
119
-107
-56
-30
142
-129
-2
-18
-54
-17
-89
61
-5
-32
36
-115
130
-10
-53
74
-63
44
-219
-116
-18
-76
-7
-86
10
61
52
116
-37
-138
48
19
-38
7
27
101
16
44
88
139
11
-9
-43
-177
35
-37
183
19
-148
-21
215
5
-132
-45
32
108
12
17
191
-107
123
52
119
-11
-122
-34
3
-51
120
42
-113
31
134
-13
-132
-83
78
-112
-27
57
95
6
1
-74
23
165
-54
-238
5
211
59
0
-16
4
-9
32
-30
-135
17
-140
-152
-95
3
156
65
-33
-107
-31
52
36
-65
29
1
-33
164
32
49
113
41
129
-25
72
29
44
-116
55
178
89
-84
-79
6
32
-5
118
-46
75
-6
-10
-21
-38
-97
98
16
36
-45
-50
1
114
27
164
57
23
53
131
75
-78
122
-6
102
-142
147
-76
28
187
132
3
-114
-179
-21
-11
-11
-1
112
52
-6
-135
-124
280
-71
60
-177
-106
100
39
-68
-10
108
47
-28
93
38
-121
-26
-155
-76
-107
115
78
-64
-102
-61
16
20
-103
-99
30
107
-13
158
-50
200
-46
-63
-159
-42
-74
-134
-9
-38
44
-162
14
56
-38
-33
-143
250
-196
-15
41
-157
-62
-49
149
-78
-140
112
-111
-48
-76
126
-209
13
96
-182
-111
-166
121
-47
-5
-2
32
-75
115
116
8
-61
-112
-122
-25
133
50
66
9
165
107
100
61
3
-1
-6
-22
150
87
147
-58
37
60
-10
-166
44
30
91
184
116
-73
-67
65
21
-152
-67
118
171
86
2
99
107
83
-101
37
190
-58
-93
-21
-103
140
-152
81
-115
-97
-13
-42
-22
-60
-41
-169
-37
-150
54
-72
7
72
10
5
73
165
-281
-156
160
-10
-134
115
-36
-56
-20
146
17
269
118
-116
-76
-49
-175
1
150
-21
11
-18
-96
48
-90
-203
64
-11
-28
-251
-24
60
-36
-29
-110
-123
-113
-65
0
-3
-93
46
57
106
78
-135
60
129
-93
149
-173
157
-86
20
142
1
-99
-22
-8
-136
60
109
-23
206
-71
-5
33
-16
14
16
-62
28
31
-6
-19
82
136
0
-62
-106
-125
27
-26
-67
158
-129
-3
-77
150
-147
106
39
54
-100
21
209
-72
-28
-53
19
6
-85
97
36
12
-48
50
-135
-39
-59
137
61
-50
82
107
127
-210
-118
-32
-237
-7
-4
111
57
-129
206
105
295
-195
182
136
210
-19
-184
73
101
60
-51
91
-224
72
-14
73
227
-70
-35
-59
-54
105
-86
-45
-246
-124
-9
47
-13
-10
42
40
-53
-104
-161
-69
99
-63
21
-204
79
-79
-35
-68
-54
96
56
59
-119
-45
-88
-94
107
236
-9
48
-79
14
160
37
-16
-266
0
-24
-8
71
-150
-105
33
153
130
73
-341
-41
-119
50
-57
-46
-46
114
46
-58
190
91
-25
66
118
-3
-35
102
-9
-12
97
-100
76
-47
-167
20
-61
61
-29
34
144
-175
-46
41
103
-37
-53
82
-47
-56
8
-224
-29
281
30
80
20
95
-9
18
-5
89
-78
221
48
75
-68
43
104
12
-3
15
116
35
-10
273
-33
44
39
61
106
-13
14
14
-10
-64
91
-146
207
-38
-59
-146
120
44
25
212
-12
-76
113
-125
78
135
149
-124
78
-26
319
76
38
-88
87
-14
-1
-101
-109
67
101
7
-11
30
62
45
-100
-67
-84
-51
102
-101
18
94
42
-107
25
33
89
136
-86
-16
83
60
-51
63
130
119
53
79
188
73
152
99
150
122
6
-34
-182
167
-150
29
-22
-13
-35
172
97
58
-4
8
27
88
-115
-62
74
21
-95
-19
-44
-40
38
134
148
0
-66
82
113
-67
-58
37
-91
10
16
165
-23
-45
-115
94
94
-65
84
-113
-25
-31
-71
-20
93
-148
122
33
89
61
221
-50
31
63
-54
-112
-188
-25
174
133
55
-194
75
-1
-98
-59
43
-86
10
77
-36
28
-139
-35
17
14
-36
171
5
-68
44
-67
96
-24
-145
5
116
41
42
34
79
25
129
-56
-23
53
-28
-208
-195
110
-180
-151
72
-64
41
-42
234
-115
-73
-32
3
-95
5
156
99
-142
35
140
166
76
-121
218
4
64
68
-81
-65
-54
-53
-107
-93
-21
226
29
-110
-23
-19
-73
-20
-94
13
3
130
-108
18
-13
10
-59
1
184
-94
-127
327
-141
-83
203
-40
108
-17
67
45
-48
-18
-181
-36
-3
49
-144
94
-34
95
20
74
-85
111
26
-27
-91
118
74
61
-132
182
24
-236
-33
-115
-102
78
136
-62
-12
-15
125
40
208
-119
27
-38
79
-52
66
130
112
-90
6
-2
66
88
-94
-101
65
134
-73
30
-193
-32
-42
58
-44
-78
-38
35
-123
-56
94
-12
49
-64
6
41
8
-5
-151
50
-31
-88
-73
98
-79
-76
86
134
-38
-141
119
-87
-14
-29
125
36
130
107
42
27
-35
-61
3
-29
16
77
-67
-71
-97
92
106
31
69
-30
50
-112
68
-73
-60
22
-101
9
98
-15
150
-105
12
79
-46
-43
31
87
-53
-68
1
-79
-69
19
79
-147
-127
96
230
101
-58
-38
-54
5
57
9
177
89
-70
-61
58
104
31
-19
118
162
-22
64
49
-35
-158
-42
-107
227
146
132
233
-164
-48
-156
-19
182
118
15
7
-51
145
-4
-25
164
-141
23
72
115
-35
-13
9
-34
139
-75
138
82
54
112
-148
-205
-44
-122
-49
-59
25
-61
-38
-1
107
-58
-95
-36
-42
-50
-2
41
68
-10
-6
40
-4
-22
103
65
132
-1
91
-51
105
-9
-71
-58
117
-71
-85
-144
-64
-94
190
82
-18
-27
-168
2
22
-16
88
176
7
-117
-167
-87
53
92
149
-244
39
29
-282
-23
120
114
-113
-289
-14
7
39
38
-101
-116
112
-26
-44
18
111
92
-66
-34
-17
11
48
58
-120
-35
-37
-11
-166
-115
153
40
-127
102
-164
23
70
66
158
-12
-68
126
60
-49
5
-3
-71
88
130
-46
-96
47
25
-40
-56
85
192
40
98
-23
54
5
139
-47
-216
-37
-118
13
-41
-3
47
200
-130
-132
-29
-40
93
-224
30
-140
8
-77
0
-221
116
-29
14
-10
56
85
9
172
-144
-64
149
-205
33
85
17
-11
164
135
55
-91
-78
-75
-7
63
17
112
-96
-20
-58
68
24
-14
-122
-5
24
54
65
226
-116
20
-17
21
106
14
-71
-94
42
-121
-127
-50
81
-49
51
-76
36
-27
70
-75
-79
107
-153
13
-110
-59
41
85
-98
-43
-57
-1
17
-217
46
65
45
-230
46
-7
-17
-186
31
-6
-105
-72
42
44
61
138
-107
0
-310
-32
-87
118
-207
66
51
19
-76
-10
69
-20
3
13
-57
-103
-144
254
-200
18
-23
-172
14
2
-7
-119
-29
19
6
108
-3
129
-90
-32
63
214
8
-155
-134
-222
-35
94
69
17
-118
205
156
-190
40
-161
50
45
32
77
35
57
7
229
-87
-96
-5
-50
14
-70
94
-107
0
106
227
-26
-92
-60
-175
-163
94
155
-52
32
14
-31
-66
-9
-16
59
99
52
198
-81
113
106
-28
159
65
83
-53
108
181
-32
147
-26
1
-7
13
111
171
217
43
35
-130
-93
-95
111
186
-72
14
-54
-9
-61
93
133
208
119
-145
74
118
139
10
47
-72
41
5
65
-109
255
-64
164
73
163
47
0
-17
65
-191
-105
11
-1
372
49
9
-74
120
113
-160
66
-68
-37
40
178
-170
-88
7
-108
55
15
75
59
-74
141
4
17
58
47
-48
84
-92
92
53
31
119
180
-80
-31
80
-12
19
-93
-99
103
-185
-66
183
18
-266
94
126
-211
122
-59
-257
-33
-42
-131
50
-16
166
66
-80
231
22
-93
134
-113
-31
-144
22
148
-9
3
-99
-93
-110
63
-31
1
-57
-133
50
-48
-120
178
45
151
-135
126
57
62
-39
97
107
-91
35
-300
50
-106
-111
-175
-15
-10
-65
-80
16
-123
-55
-163
-108
-104
-2
-66
-78
-27
-28
-101
68
-30
153
-53
63
-132
49
-114
-87
-60
28
102
72
-75
6
8
112
-9
-44
57
155
-13
-59
22
84
-34
-113
79
-11
-228
25
-15
-202
15
-100
165
9
79
-19
12
-53
48
-70
105
37
-79
-134
-34
20
313
-343
-123
9
65
-125
-3
126
199
164
-86
-93
-143
53
-171
-82
20
59
116
-26
-54
-44
27
-91
101
30
-20
-71
150
144
107
-79
121
-8
-89
173
-97
240
48
39
-7
-79
-133
-32
45
-23
-88
76
-25
181
74
-148
-20
-90
-67
13
-37
26
100
-81
5
251
-84
-37
171
78
-148
23
-75
8
-2
11
43
-43
139
36
-64
-243
-20
19
-132
-17
-164
-264
-22
23
47
-5
-142
-21
22
137
-73
32
-34
0
75
-108
1
77
135
67
15
-3
-71
85
56
171
-1
-97
-18
-6
101
-100
110
16
-49
-36
256
99
-181
-64
-10
142
63
-36
-129
18
-154
139
156
-142
-33
19
-5
-17
11
65
37
118
112
84
-75
-81
-4
69
31
5
-163
31
-103
-21
132
129
59
105
27
29
-163
-100
-163
-54
-78
-26
64
-259
70
-23
-107
96
-23
-183
148
-136
19
-118
-90
-75
-109
105
-1
150
-10
-121
-48
-155
-50
-70
134
22
-48
10
-51
-95
-42
58
-165
107
-2
-41
-169
-111
-27
-91
127
-60
-17
-1
-2
120
-42
1
137
-48
-141
61
-107
115
146
-132
-255
-7
-142
-84
122
151
-69
121
95
11
91
169
-105
32
227
13
17
-83
59
101
-54
-173
78
47
85
142
0
-65
36
-49
47
105
83
3
-204
-204
-168
63
-122
26
-51
9
5
28
59
156
-98
-40
93
-3
-130
-81
-150
42
-50
54
51
-116
-147
-72
25
-62
-243
-22
-32
-149
151
231
14
-37
32
-57
199
-39
36
-34
-12
47
-105
21
44
48
-74
24
-74
-79
46
33
-65
167
-53
2
19
-20
-65
-242
-52
-5
120
5
-40
98
-72
76
-62
32
169
161
223
-58
-119
168
63
49
-48
36
115
-63
47
48
-105
-8
93
-52
-12
-163
142
-70
138
48
43
-272
-73
157
-19
42
28
-99
129
-19
28
-24
-116
213
-65
176
-76
165
6
106
92
58
-101
64
69
-84
68
-31
-11
27
38
83
-33
-68
-131
-110
186
-64
-135
15
93
-94
27
107
12
-55
107
108
-40
-66
-4
123
-19
-38
-62
88
-67
123
8
150
95
51
-106
-66
-33
30
-14
69
-82
12
-55
132
-98
23
65
9
115
-64
4
69
23
-91
48
-161
123
112
-49
87
-159
-6
97
-88
-3
-71
37
8
66
-2
82
89
45
124
11
-207
196
60
-25
0
-40
28
104
124
129
-55
-103
-83
-170
-39
62
-129
140
-4
-73
169
185
-93
-104
62
104
4
132
20
-30
-83
-30
-48
82
-42
100
-40
-107
54
-69
-52
-182
20
20
67
-92
91
93
224
13
-14
-8
-77
-52
136
-46
0
62
124
114
89
-31
-180
54
-33
-16
44
13
-35
149
69
-2
-27
280
37
0
-30
98
170
61
-128
94
38
175
-16
138
-62
90
293
-139
111
309
-107
8
-24
76
-38
-12
145
112
-79
11
55
141
60
139
27
162
-67
74
90
-70
198
6
-58
-135
37
232
-55
-54
-26
-152
21
56
46
-32
49
107
113
151
34
39
5
24
79
73
127
-67
32
-49
-236
-51
-30
48
-5
-7
31
-196
-132
138
-141
75
-163
-55
-197
143
72
-40
-80
-31
-247
60
19
72
47
49
-68
74
-35
6
74
61
61
-61
51
-3
-77
174
7
-35
-40
3
-75
158
209
-102
97
-49
-55
-123
-13
44
-109
-107
-10
115
128
87
-136
58
-109
-116
-126
-73
42
-76
-67
72
74
-13
105
6
-57
-106
157
12
-32
48
-152
120
139
-73
68
-146
83
102
-63
-148
-111
-59
46
-65
-100
29
19
52
116
208
-2
64
-2
-63
-1
29
142
70
19
14
-148
-111
-125
98
-19
-19
71
33
83
48
121
62
-133
-139
102
-142
80
29
76
-79
-92
-49
-6
65
-36
4
-27
-74
-127
-90
154
80
34
51
74
-179
33
43
-92
-52
-86
96
-154
-104
-123
6
-25
23
156
129
14
-96
235
6
60
-111
147
-21
-31
-23
-48
-177
-79
71
60
32
107
-195
-87
13
96
-127
66
-80
289
25
-144
-39
-30
-112
-40
-7
6
-52
-21
-83
-7
74
211
93
26
32
-46
100
-159
150
-1
94
129
-24
-104
63
-155
60
-78
-36
-11
14
-57
-73
123
50
63
-52
5
-153
93
26
-103
94
-19
173
45
-11
221
93
41
51
-38
-133
-111
-11
118
-64
138
-76
139
82
-106
58
112
-41
155
-253
34
21
-14
-149
-62
28
-187
-98
80
127
49
18
65
-42
80
82
-229
-35
35
-131
-276
-131
0
-37
-32
3
-10
-50
66
-15
-62
-4
166
82
-95
30
161
-23
-6
21
46
-49
82
-26
225
161
-236
-91
46
-101
8
64
24
71
87
-104
-98
-35
5
-78
-57
91
24
-109
-44
-45
-128
-71
-39
179
57
78
70
139
-21
-67
-210
-116
-111
28
252
72
-60
-16
47
35
0
-76
-5
49
-44
-27
-21
71
-41
52
229
59
-66
21
82
-176
74
29
-97
-14
34
144
159
11
11
38
-26
40
-230
300
43
-87
61
22
-57
101
124
-90
32
-68
-48
158
255
-74
85
-82
-40
-72
-2
-23
-191
-81
-130
0
-131
-149
-19
80
11
-108
-138
59
137
-9
59
24
-19
21
-56
5
-28
-74
-215
69
-231
111
-103
-58
10
96
-57
160
48
-36
-52
208
-3
-30
-153
-20
-25
-255
-41
-14
-251
-33
-32
-210
-117
7
-124
53
153
-11
-12
-38
5
104
107
-53
314
8
97
62
102
-49
-72
87
-112
76
4
68
26
-82
81
-15
-34
107
-43
-90
-140
137
139
32
-69
6
133
-49
-106
207
-51
47
132
-63
4
-75
-64
47
23
-10
-12
80
-185
-146
115
-40
52
77
124
-7
64
29
113
-2
-122
-182
-74
-48
-120
89
4
155
16
21
-245
-79
-23
65
-35
-66
136
4
54
-356
-99
41
9
-122
-64
-25
-41
120
-39
73
-85
-225
-41
200
20
-107
-111
24
-67
12
61
-100
39
-200
62
4
-180
-151
-47
-170
29
-111
77
-88
-1
-64
121
-6
-122
35
-43
-51
99
108
-75
-69
-2
180
-27
36
-75
-106
-29
-101
2
6
-84
-36
-23
52
-138
64
53
172
85
58
-55
68
-137
-31
-56
-131
155
176
-48
88
58
-27
67
-4
259
-9
64
-157
-36
28
-27
-88
11
-6
-24
1
54
158
33
71
35
10
65
98
-74
-23
-98
-34
-22
180
116
61
-85
26
140
96
-213
48
-54
-161
75
75
74
13
96
153
-82
-91
41
-123
-54
44
-155
-95
155
25
-176
73
-82
4
-4
114
137
-168
-127
26
-85
75
-18
-93
68
-15
-142
20
16
-117
53
-56
-12
-23
-97
211
-23
-143
106
-66
-72
52
175
17
119
63
-19
-161
88
-38
-19
-83
-42
-61
100
44
98
37
-125
-80
128
37
58
-7
47
-82
-150
146
-222
85
123
-12
-283
122
-14
103
103
-63
170
-61
157
-42
165
-60
-50
78
-126
-73
-159
-38
-130
283
-41
-197
8
109
148
-24
-18
-30
-106
-68
57
-68
113
35
9
-162
-49
-43
29
-120
37
92
104
-67
-65
110
20
192
113
29
-106
-149
41
34
145
-80
17
-139
-35
-119
181
-22
186
74
-29
33
-7
-29
-39
-27
-147
66
4
-32
33
85
115
-18
4
51
55
-110
-30
77
-14
155
-35
-97
60
-57
-38
115
30
-42
28
-84
-64
-224
48
-155
-44
85
-38
-140
-132
-12
99
170
-231
-42
-8
37
98
-7
44
-77
-90
-134
54
34
-107
-20
-36
-226
0
-261
30
74
-35
-35
40
-152
99
-20
7
90
-63
133
44
-1
12
-53
133
73
13
-73
-69
-141
112
63
-19
148
-313
-143
-53
22
-51
-239
1
98
112
-155
-99
-94
99
40
-38
-48
-59
-67
-220
-252
57
-94
43
205
-12
89
25
154
-48
-115
-31
205
-58
-67
-99
9
72
64
-15
-39
3
-6
-91
82
-17
-105
93
-121
-123
74
-229
-244
71
-32
-25
96
-213
151
54
230
-36
8
26
-124
-159
-218
-133
-33
153
103
49
75
-279
-2
-145
10
319
-81
91
1
47
2
48
149
123
37
209
-47
43
-52
44
63
-48
-156
-30
30
109
147
-30
-28
-95
66
67
-100
132
111
39
-6
-116
85
25
99
61
95
-99
-203
-212
-88
-71
-137
262
22
126
77
-28
-18
-18
61
-53
-161
-159
123
142
-63
-137
-134
-111
208
183
164
-1
-2
116
-25
19
-54
-44
9
140
-33
-56
0
128
-74
-112
-52
39
77
-19
32
-75
15
62
-53
-143
-122
-1
-1
-85
76
7
-152
26
45
-15
-131
41
24
-70
-165
12
175
124
-102
63
36
40
14
-58
109
-17
-37
11
7
96
14
264
-120
81
-24
4
-113
-47
-33
-108
-93
-62
57
162
94
-47
-181
68
-138
31
159
103
59
-42
-188
77
3
-119
-61
-22
62
115
19
-156
20
-137
34
-1
-49
-56
-18
114
34
267
55
52
115
-4
42
58
9
17
-112
87
4
-93
-60
-13
65
-31
179
10
-98
-17
10
-17
177
-29
-46
-67
15
-74
-203
-200
17
-14
-65
-50
-48
-106
44
2
1
158
-36
-134
6
-92
-37
107
-24
111
92
-202
228
76
129
277
64
78
58
168
-48
23
65
-38
40
-112
-52
-175
-77
-88
18
56
263
5
124
88
-26
-6
-9
-187
46
-116
27
-56
78
13
-49
-53
-25
-109
219
-220
239
-92
7
14
41
115
-150
12
13
81
-1
-97
-196
7
-80
-66
3
-22
-45
42
61
144
148
-30
51
-20
98
91
-182
-88
16
-4
68
-9
64
15
146
-37
-97
-218
-268
130
-100
-47
-44
-48
192
19
-190
310
138
29
90
139
-24
-27
-51
221
49
223
-106
-137
-109
-7
-43
-90
25
-109
53
-30
-66
-87
-40
-102
-87
48
-9
2
99
43
35
29
133
-59
-77
38
150
184
-81
-116
141
84
86
-41
-71
-134
44
17
91
-132
-50
-101
-42
81
-154
61
-97
52
53
167
-82
-65
-108
-19
120
-142
-53
-12
11
-92
12
248
22
45
5
115
-1
-123
-36
-147
34
21
-28
-66
98
73
69
-51
-73
40
-111
-114
-72
-72
45
137
-28
-109
-33
-41
121
25
-28
3
-154
89
-57
25
124
14
32
-59
28
68
206
-31
-123
95
111
246
43
63
-212
-136
-145
54
216
73
-19
-65
50
-127
-124
-66
-119
-110
76
25
-265
243
-198
-17
258
-143
-39
4
49
-83
-107
45
114
-17
-19
-12
-69
54
27
42
-38
93
-194
102
-12
158
-141
-3
5
-17
-93
-185
-14
-9
-47
156
31
-51
19
56
94
25
101
-40
122
-99
84
-25
57
-83
192
84
57
5
-182
76
6
-81
195
-4
-73
-98
-49
43
7
6
9
80
31
177
-35
-135
-49
-32
-37
-25
100
143
-30
-120
-97
-138
-25
55
32
8
106
140
-56
-72
51
90
63
214
74
-110
-84
-176
46
27
88
-225
112
74
91
104
118
-16
-56
83
-41
10
-132
43
-51
25
-29
-204
-58
130
45
-91
-117
14
15
114
153
-66
39
26
9
50
-102
6
-23
70
26
-92
-8
-126
-207
83
136
75
72
-18
-78
355
-65
139
-22
-114
-69
-38
-220
41
77
-12
-55
4
120
47
-92
-6
42
60
-34
-106
4
-50
73
-52
28
-78
-23
5
22
-166
-45
134
83
-85
-213
27
-100
68
165
-96
39
77
70
169
179
-108
78
12
135
71
-87
122
75
-1
-124
-27
-159
30
163
-25
86
35
-45
171
93
99
-77
50
23
91
-14
-67
-72
-42
131
162
-133
-113
-12
76
-119
-305
-20
-68
169
133
-127
156
-160
87
-112
153
45
-3
239
166
-18
76
110
50
-148
39
-177
-83
-171
108
-28
-93
-24
133
-50
-79
95
-46
-41
98
-46
14
155
25
25
-150
-37
51
-81
99
105
58
137
-140
58
51
-49
2
-52
-148
49
-92
-104
76
142
58
42
-67
52
211
240
39
45
20
-11
153
-178
13
43
101
-26
39
4
-102
4
-150
220
92
-239
-111
9
-30
-5
82
111
103
-37
-303
-80
-199
-80
-13
59
-126
-79
-126
0
-32
137
-73
-194
-201
-99
126
-47
175
-33
-23
-60
-128
155
30
55
81
31
-38
-66
4
-101
231
-127
-7
50
-31
-58
-73
153
89
-116
29
-23
200
-122
86
-187
-81
-2
-80
17
18
90
-125
80
-35
150
44
97
-1
-10
-166
6
157
-127
18
6
-106
-35
0
-89
26
-263
-173
-6
-97
161
-52
243
-4
-32
-189
121
-63
144
87
-135
-6
1
-67
62
33
-9
-21
6
-43
-157
67
-178
43
-9
45
61
27
-64
42
-10
58
-33
82
197
-139
-88
75
-154
158
168
-55
-39
-21
21
112
-2
-83
-49
-208
161
-63
92
22
-90
-89
164
-199
174
-24
57
-206
29
41
134
223
36
-106
-31
94
107
65
88
-83
-193
-126
-35
49
-188
20
25
-32
-89
-7
73
131
17
40
-52
72
-99
114
-2
43
-66
7
126
80
30
48
-14
-18
193
-103
159
-87
136
-77
-113
-54
-184
-50
-125
88
20
182
117
149
-12
93
-65
77
119
53
-11
-49
37
-24
18
15
-251
-25
-40
-45
-84
92
77
-61
-143
24
-32
27
-66
-76
-69
-64
-66
118
100
-4
-108
38
-32
97
-67
-25
183
10
140
-131
-38
103
126
7
-59
-165
-75
237
165
66
-112
-226
93
-43
12
51
-38
-34
18
83
-80
21
-77
170
-70
68
132
94
-205
-17
98
-6
26
93
41
-49
14
32
35
-166
79
-47
-52
-151
-155
130
-116
-11
-188
143
55
-120
-240
85
213
-204
15
56
107
40
-70
116
104
59
-186
-11
-52
22
115
-98
86
82
100
-221
-51
16
-105
-56
-24
78
221
-38
-38
5
24
-70
16
79
-84
-124
-161
3
34
114
27
98
132
18
-55
-3
113
-101
-329
-36
171
-91
31
197
17
50
30
-160
-14
-182
-24
203
-89
-86
-175
17
-94
-142
221
-68
95
6
-91
78
29
23
-55
64
78
-70
105
-23
48
128
5
89
-49
109
-50
-279
-101
-178
-100
128
-80
102
-87
-98
29
-36
15
154
-49
125
-35
45
-76
177
73
-12
161
39
-209
117
-107
136
58
65
28
-36
51
5
73
-166
10
-70
-3
-100
-218
-95
-234
-115
-172
33
-69
18
67
62
-20
168
81
-115
-52
111
-9
132
43
-83
-34
-46
139
-109
108
60
66
133
-86
-76
-36
-10
5
76
-19
-141
-80
-195
25
86
-67
98
-80
55
-66
79
110
129
-93
-88
-34
-103
70
-153
-54
85
45
72
54
-16
67
-45
-124
65
-78
60
70
110
76
-51
-79
130
53
-67
63
-30
-100
79
-109
-39
-95
36
23
-57
-42
-55
114
-82
13
-48
-64
90
-128
25
-118
135
121
11
-52
149
-62
-123
177
68
53
-150
100
12
-141
97
188
38
44
36
-134
13
192
166
-105
-121
50
204
99
228
27
148
-33
56
-93
-111
84
-6
98
22
33
118
11
114
15
49
-147
18
-81
152
11
-130
-23
-177
-259
-150
-58
-84
-13
84
-62
-66
-70
23
159
-55
161
-135
44
-86
2
90
54
-91
73
19
-139
-38
-60
-51
13
120
49
-17
-28
141
119
23
-24
78
-38
110
-165
-139
94
-33
68
-30
79
-75
62
35
30
-41
82
39
175
123
35
-15
-154
42
-2
-24
-175
84
179
109
-115
69
-13
70
87
-7
0
74
-117
68
138
-100
-192
-28
117
-101
10
-129
13
36
173
-48
-188
-159
-52
-59
-29
21
-141
328
-62
-13
-18
-208
-12
-114
-152
-11
49
17
-124
-42
53
-118
-4
-110
-6
85
114
62
93
109
72
37
4
88
-35
-134
112
-32
-51
95
6
-59
-75
-64
109
-112
-76
-71
50
-78
129
-174
-66
117
53
67
-150
-147
-43
-15
-129
49
-63
67
102
-19
78
-180
148
38
-44
-7
-24
33
-152
19
-20
-95
-35
103
-20
49
-58
28
-4
9
-9
2
50
-38
-52
-21
24
-65
-62
82
15
110
31
-123
83
73
-28
66
-55
-35
11
17
-34
-70
47
10
-10
-151
-116
-131
-29
-42
-55
-158
-127
-24
66
-140
-2
-25
-24
49
16
-186
-21
-193
-27
49
-185
-120
154
-93
-68
-32
-51
-56
-10
34
-9
-85
-175
-130
41
46
47
46
131
-179
25
-38
3
-50
-11
-103
-52
-42
52
117
49
163
86
8
-58
-110
-52
-34
-55
58
-142
6
148
-86
112
254
132
-31
121
36
142
33
-120
-85
33
-68
-9
-90
130
142
145
-84
91
98
93
-36
-37
11
33
-71
124
-114
151
-131
-147
125
101
35
139
-90
148
59
-106
36
-7
-191
86
-70
19
149
276
31
-16
-145
-120
108
-54
-120
-41
-45
-134
-67
184
6
-30
206
139
-47
-163
-25
23
-69
68
-28
101
24
19
-36
21
-56
8
-99
-176
-78
6
117
51
-84
-23
92
57
-169
33
52
28
-90
181
61
77
-225
-138
-137
69
24
147
-26
-55
-84
63
-100
75
-111
150
-120
-22
-78
103
25
-2
-111
-1
35
36
-28
132
-15
56
119
-67
-82
-22
12
17
-15
-10
-36
-45
46
-138
-111
-99
-136
67
-105
-79
-242
131
-73
-146
10
107
-214
52
-31
81
99
-240
235
50
20
155
175
223
97
5
113
43
-50
-111
14
24
72
-66
65
4
66
-94
-57
104
109
52
51
13
4
135
-75
-120
-79
68
-150
-156
-172
83
42
-117
41
-46
-109
-103
-97
140
26
7
-86
-113
-77
-142
79
33
-11
33
122
-41
20
-144
-45
-15
-93
-28
-78
-48
-80
121
-153
20
103
15
-94
10
-187
76
14
-167
-36
83
56
27
142
90
127
175
77
-82
4
-128
-3
37
227
-105
28
26
-22
103
-83
-31
79
116
-58
-147
-115
19
-117
-49
45
63
-64
8
-166
-39
-47
122
-44
105
100
-20
-167
-231
250
94
-206
51
-15
-177
63
-61
65
49
-10
71
-17
52
-160
-44
11
217
-105
44
108
-83
50
-164
13
-74
-52
39
-52
-101
59
-101
80
139
126
-27
45
-35
-66
85
-53
-151
-207
-22
-15
-55
75
61
22
52
-85
75
116
-96
8
38
-100
79
36
19
-46
97
108
-63
-47
81
71
-20
17
-27
-84
26
95
-2
21
-45
-46
89
74
-97
205
-106
-88
4
-117
-23
-139
113
-83
-59
-21
79
134
-58
44
4
29
144
-16
-143
-29
87
-19
65
-27
107
-17
73
116
120
102
123
123
84
-110
-32
-112
-13
-112
73
-31
-93
-89
0
-106
38
-11
15
-95
79
-92
-26
-60
-2
97
-234
-132
131
42
163
-164
-8
-95
-25
55
25
65
-110
-253
15
-45
-148
-12
-188
42
-104
23
19
-60
-152
-230
116
-102
64
-62
30
-50
101
-142
218
-31
76
-85
67
-82
-112
-37
52
115
-133
119
-134
-2
-129
-80
58
-84
38
235
-60
22
-160
42
-45
-48
14
11
99
130
-18
-133
-62
-188
-10
175
123
-14
-115
86
170
88
124
41
-24
5
-53
13
-53
-157
115
35
-63
-46
28
-82
-44
-56
131
-163
-113
55
141
-6
122
12
-9
-52
-177
-109
-68
4
95
102
79
-246
28
-151
-30
78
-137
-51
176
-31
-4
-110
-37
-23
29
62
-198
165
-17
61
-85
-165
-85
36
135
119
-49
3
42
161
17
61
-181
-107
220
-99
-156
6
108
47
-69
111
-86
-125
53
-62
15
114
-27
-9
108
7
34
110
14
-45
65
9
22
36
-30
-83
13
7
192
71
-98
-11
8
-16
36
-124
60
4
-2
-84
-60
24
-5
-87
-47
65
-17
35
5
-111
182
-23
17
193
238
-35
122
17
81
7
-92
-38
-19
-157
-89
-112
121
-28
-91
-72
41
72
-125
-112
-75
-43
-115
20
-34
-81
-65
229
106
-10
-68
-205
117
22
-152
85
-160
-55
-12
30
88
104
34
-125
-34
-44
28
161
51
121
201
282
1
55
-2
-165
-81
65
-22
71
139
131
78
-26
34
-136
67
83
48
3
147
-78
207
129
-32
-10
106
-80
93
20
-73
-141
-61
-83
81
-23
-29
173
-41
92
-11
-208
68
-13
-26
-35
-99
96
88
-60
-127
-107
39
-51
-42
102
-12
-25
127
31
81
-123
-104
-154
-129
36
24
-83
-40
146
-179
92
-127
36
-25
81
86
123
-36
83
87
-82
-56
8
-113
72
130
-149
-54
-52
18
161
44
-210
-4
-44
177
33
-220
166
-164
64
80
201
-15
-155
153
2
-61
126
-55
-38
58
137
125
47
-125
-117
-220
-96
-31
86
-108
129
163
-6
37
-144
-66
78
-21
16
238
-35
-20
-117
39
43
-68
-61
-77
-23
-57
-87
-107
-53
31
-241
-54
-51
-89
159
61
71
22
-61
-172
-149
-51
-22
