50 100 121
0 0
0 7
0 19
0 45
1 30
1 39
2 9
2 15
2 30
3 0
5 14
5 17
6 15
7 3
7 21
7 25
8 9
8 10
8 17
9 0
10 49
11 35
11 37
12 8
12 27
12 43
13 28
13 48
15 1
15 15
15 22
15 31
15 34
16 7
16 18
16 29
16 42
17 1
17 43
18 11
19 12
19 46
20 25
21 7
22 1
22 12
22 23
22 43
22 48
24 1
25 34
25 44
26 7
26 29
27 28
27 36
28 20
28 49
29 25
29 27
29 44
30 35
31 15
31 27
31 35
32 29
33 1
33 9
33 16
33 39
34 3
34 21
35 24
35 42
36 13
36 46
37 3
37 8
37 40
38 5
38 33
39 17
39 35
40 20
40 29
41 20
41 36
42 15
42 16
42 20
42 34
43 19
44 13
45 22
45 29
45 36
46 21
48 35
49 1
49 29
43
0
37
51
96
86
6
67
88
9
97
2
20
16
19
50
14
74
84
38
46
61
30
87
42
78
23
45
68
29
5
92
62
89
48
44
47
1
13
82
21
76
40
79
26
85
18
31
56
94
98
70
77
39
36
41
64
71
7
28
58
3
57
22
52
55
32
10
4
27
49
66
8
90
93
81
69
80
34
25
83
35
59
72
33
65
15
91
95
54
73
11
12
75
24
53
60
17
99
63
82
-16
-339
-72
-102
58
137
-126
85
159
-24
-114
-16
121
-222
115
7
-147
5
186
-69
18
-105
-151
81
115
-179
-58
78
-122
258
20
9
62
-73
139
25
120
110
89
160
-140
-65
139
36
72
23
-71
-167
-204
187
97
173
-65
-39
77
-80
-136
-100
-17
129
-171
-29
157
42
-20
72
70
-18
66
33
190
43
4
-9
92
-86
57
48
21
201
234
178
60
118
25
-118
155
98
73
-161
115
-59
-91
20
-48
-172
181
18
-68
-146
-140
5
100
36
-26
165
-35
-129
-9
-95
-92
89
-28
240
-94
-225
17
-89
0
65
-102
-67
68
234
18
118
189
127
7
-62
142
67
-167
105
-114
85
-43
-164
-110
77
-61
159
-30
71
39
-32
116
-38
117
-3
145
-9
61
74
50
160
-130
-105
122
53
-6
322
55
124
-28
-59
120
-85
-238
87
75
17
-34
129
-94
226
-13
100
32
12
164
-101
29
-11
7
-135
47
152
-74
26
65
-30
-146
-29
123
79
96
-56
24
58
127
87
-34
32
-107
-97
33
-99
60
10
-13
-106
-85
-179
-38
-83
-5
12
-121
78
74
-200
28
13
-3
39
2
-285
-62
-131
153
295
-52
-174
-115
-273
-28
-1
-61
-286
-47
-279
-159
-62
-60
23
53
-130
-169
85
159
176
-38
187
-158
70
-35
-155
-52
-84
-201
-15
-82
-126
31
-30
74
-118
-50
-4
-48
-115
-131
20
-30
60
68
-32
-128
7
203
68
-8
-50
110
179
44
132
-37
160
-155
-56
-66
28
-113
-46
-134
-160
-179
-70
168
-136
-146
154
133
-5
124
213
-34
-228
-48
-163
-33
-16
24
276
90
-32
-28
24
278
245
129
-25
-100
-84
98
-16
146
-72
-224
-99
29
201
-5
-55
0
-65
-209
82
9
254
45
-54
-68
140
-129
14
-100
95
87
35
-139
176
-29
104
52
-120
-80
110
-24
50
141
54
-104
51
-50
-116
-32
-191
60
3
143
-228
51
61
43
1
0
89
-103
-11
-90
133
-89
195
89
-135
14
22
-88
196
-83
138
304
71
-2
143
45
81
-80
72
-146
21
-34
-167
-202
12
-113
13
3
-44
164
16
-36
-187
-51
-69
-93
11
17
15
-90
-133
85
-4
-167
-194
-95
-141
-144
61
-34
-136
-36
5
60
159
199
-177
143
86
-129
-1
48
171
-92
2
-36
-65
-13
79
-38
-207
-1
-63
-46
218
-215
-202
39
103
13
40
-178
-153
4
127
-214
66
84
106
-72
19
-58
-45
-19
-2
57
122
49
-81
-27
25
16
-198
-44
-22
147
-103
31
44
39
17
93
-69
-41
10
105
-8
-80
113
-44
-146
132
46
51
-11
25
96
-124
-77
-23
14
-81
52
-133
-104
-77
177
70
15
144
-80
-73
-53
-83
-72
219
53
12
1
-53
12
66
144
-14
55
211
185
-128
-16
-26
-70
86
-39
157
166
-113
-31
34
366
10
-232
236
164
-61
133
-21
170
-72
22
-15
50
107
-176
-11
-37
85
96
23
64
-4
-115
18
-117
129
-172
-4
51
64
33
179
42
16
33
-70
102
-10
4
-68
8
59
147
-48
-25
74
8
-10
136
-215
-111
36
-52
-327
-111
-62
-76
187
-157
-125
27
-120
-61
-203
140
-107
80
-171
127
6
23
-16
282
-35
-152
-194
337
28
67
202
-14
162
-230
5
-230
-50
0
-50
119
374
-70
-279
-51
123
-34
-113
119
55
0
-110
-123
-79
51
215
109
-12
234
114
-106
-11
116
-127
-165
-31
42
-1
89
-105
19
-74
102
-71
238
53
-58
-59
35
92
184
-32
11
-75
93
9
146
-207
177
92
346
21
104
172
119
-145
-243
51
63
-62
199
32
41
220
2
-40
134
139
-86
99
-98
-106
85
-65
0
-52
-11
-200
16
-83
196
-103
95
11
177
-57
124
25
126
236
92
10
-172
150
-92
-8
18
154
-15
-63
36
240
-13
-91
-275
-100
139
-20
-361
259
143
75
2
118
-339
43
-188
113
-4
-44
-130
-2
-33
8
3
100
102
167
137
33
-262
35
13
86
-152
-267
-21
35
-185
-4
271
-70
65
-129
87
21
-189
-80
48
-65
25
31
25
-132
140
78
50
87
-238
60
-34
-1
-195
109
23
-122
259
197
180
77
-97
100
-35
-139
92
124
-72
85
28
-138
-17
-140
6
49
148
155
17
-40
31
-124
132
-84
-98
-103
-3
55
-98
72
144
-117
-91
30
-5
185
-99
6
-74
221
148
-61
40
-27
179
-49
21
-67
-57
-57
-14
-4
-94
169
82
-179
79
272
11
-160
-64
-334
102
-33
17
-6
274
-128
46
41
46
-18
-28
41
-130
-53
-145
-83
110
-184
-173
-15
73
48
138
-7
52
12
-14
72
-177
99
80
-80
31
-78
-20
-56
-200
-83
-70
242
29
-39
95
91
174
-19
-99
70
-104
222
162
75
34
98
248
74
126
-103
-88
266
-150
205
2
-120
-110
-177
-38
10
72
160
-125
-154
104
-27
-60
-4
-164
124
-59
-214
-18
-12
-26
-101
-11
-144
44
148
-31
-62
-63
-64
69
45
-5
276
-75
-22
-84
-39
71
54
279
-106
124
19
-2
4
105
-236
-56
-88
252
-212
-143
73
206
-29
4
45
36
-6
-76
87
42
-158
85
-197
174
84
72
13
-13
-180
193
252
35
-151
-26
270
76
-140
72
25
-72
111
264
111
-143
103
52
-19
-25
36
-84
67
-23
0
24
-114
100
29
-1
-46
-115
-63
-212
-233
-187
-154
-1
152
245
-175
196
98
-34
-131
-66
113
-7
-103
-102
162
-140
34
-120
96
-110
-11
54
9
131
319
338
56
151
22
96
25
143
-60
35
120
162
-77
100
-77
1
43
-121
-258
206
197
-143
112
35
-245
-59
29
-258
-234
151
128
5
-103
-98
-91
-57
-65
-189
-21
165
305
17
142
-144
-122
-127
-150
119
258
-41
65
-347
190
-266
-44
182
-45
-64
-76
-152
94
-63
-19
-72
126
-124
52
70
-115
202
-46
29
26
-131
49
240
16
-117
263
-21
-101
-240
158
68
26
-68
-12
120
-25
96
-129
1
-147
-63
55
-251
15
-114
-23
-72
121
254
106
109
175
-70
110
40
-99
21
-83
10
95
-44
-32
-27
-7
-1
30
-20
7
-130
-116
84
145
-49
-131
4
-115
117
-34
-149
37
-5
-118
44
37
-48
-39
96
-151
-207
-25
212
7
-100
-103
28
44
-191
-148
7
129
-70
-106
-33
-252
-94
100
203
-106
-58
-64
79
313
-125
2
-119
-169
-216
-30
101
62
30
64
-195
99
143
120
105
100
0
-101
85
-160
68
37
30
-74
135
74
-57
-218
-128
263
-32
133
30
-40
-99
104
42
88
13
-83
208
176
-87
-206
-123
-50
85
-142
304
36
-47
2
112
-70
20
-69
183
-61
-12
-197
-111
15
163
119
190
120
-110
225
-109
27
-99
-55
104
140
8
11
-54
-135
70
138
107
39
65
46
237
6
-313
96
-142
-99
48
13
-34
31
-99
93
295
24
96
11
-242
-108
-167
-95
19
21
-73
-52
-43
-20
10
-183
79
-86
82
3
58
9
-251
7
-197
51
42
82
-80
-63
70
-38
178
-167
-28
-119
68
-100
290
157
-44
58
265
-135
-26
92
311
-29
29
18
-116
2
259
-32
46
139
130
-89
-66
-106
-293
-94
-41
56
-6
6
-39
-63
-64
-121
193
106
-140
-4
-9
260
-4
216
-360
-46
-146
21
-250
83
-241
35
136
-56
-163
15
-76
-202
140
-18
77
264
-63
10
-269
144
-205
87
224
1
-43
65
152
88
327
-271
-148
-28
-27
28
-27
10
-175
37
-40
-278
89
-40
-44
11
-20
56
95
31
-242
2
-31
-24
-248
52
45
-172
90
-39
-182
-4
-101
-188
-29
72
260
60
-31
-24
-68
-146
-172
-131
19
-178
1
-117
-95
49
211
140
36
-31
110
-231
122
123
108
94
-61
41
-198
-138
84
52
54
-284
54
34
-135
-62
-320
-93
103
-98
-26
-38
91
-145
75
-34
-166
29
-119
-26
-31
58
83
-76
-66
-102
-31
132
79
108
122
85
-178
77
-99
-134
-24
11
287
190
102
35
16
-193
55
-129
82
98
188
130
52
-256
24
151
164
112
-192
-6
28
-131
-326
-6
-159
-99
261
-43
-86
25
97
-23
-27
-100
18
132
-233
-58
-175
31
-147
10
175
10
-50
-8
107
13
4
-107
-178
-68
6
52
168
68
45
107
-143
115
-101
-147
-13
115
-146
-6
15
53
33
-171
66
-4
111
-38
-20
-72
-146
91
73
99
-224
198
78
-31
258
89
-52
23
88
-75
-164
220
16
-121
72
-48
78
6
-39
13
-24
56
-37
82
-357
125
-59
38
49
62
131
40
126
309
16
-38
-71
-3
-105
-191
56
-46
76
59
-13
-109
47
21
-188
-91
27
217
-134
3
-25
244
42
-29
-201
21
333
150
-42
95
-11
52
35
-55
-82
-248
-89
-52
34
-22
-24
-31
69
213
65
23
58
80
175
-56
-47
74
-70
-102
-177
-13
-330
117
-151
46
-37
-18
-339
-37
-113
-335
59
102
-141
167
76
137
-155
-128
-90
-80
30
-4
159
-26
-117
55
111
204
-166
-131
3
218
-308
130
-221
-121
72
-19
89
-155
79
93
-34
-75
-300
34
-64
-89
5
-76
-152
296
-97
2
-17
32
58
-15
-13
-69
-48
63
24
61
72
-170
233
-238
-105
-50
4
-46
95
-2
9
-226
130
60
105
-84
-41
190
-11
179
229
-108
28
-93
101
329
119
34
1
20
128
124
-51
-97
-122
-117
-271
-174
-168
-119
59
-143
-142
-38
-75
-197
74
30
-343
23
-140
-6
-181
-131
157
-81
127
116
134
-87
10
-122
73
-28
164
-34
-228
5
-57
-64
226
-97
-199
-97
-203
-99
-68
-181
-133
-176
-85
15
-43
-20
-82
68
-84
-15
205
-69
126
-38
58
16
7
-4
136
-91
-65
11
-50
-78
-81
-98
-14
71
-118
-20
-33
88
235
-86
177
66
170
-176
-58
72
-80
-153
-59
145
-177
-44
-102
86
25
-114
61
150
129
176
-226
104
173
-42
136
91
67
-22
-288
30
-161
253
100
-81
230
33
72
-202
32
44
-40
-181
91
-85
83
186
58
-183
19
212
-48
-29
-81
135
170
-199
-190
104
-57
80
22
86
1
-122
-68
-230
79
-129
-70
-102
-144
178
10
-193
-17
-109
-54
30
-24
-90
33
-138
51
-146
-130
29
7
-81
-29
75
-54
-271
12
-4
127
5
-60
76
-104
-49
92
265
-75
-17
-264
-108
-71
4
-40
-308
-76
36
86
22
-67
-461
-29
-20
-158
-212
-83
37
-20
-64
337
101
275
61
-34
28
58
99
-163
-51
-147
-122
-17
-58
-123
24
-184
-101
60
48
-85
87
-99
-146
226
-215
-30
24
-120
131
-36
154
-109
-156
98
12
-76
-108
132
-58
45
32
-32
50
-121
87
3
-90
96
-109
58
-64
60
34
40
-95
240
-155
139
-23
122
116
108
-140
7
-25
72
-193
23
73
253
68
-35
-107
-92
98
-125
112
-100
158
180
2
-240
-46
187
22
-202
157
-28
99
209
42
158
-1
-66
-126
-38
8
-119
-34
-14
61
53
-76
10
-90
204
86
26
156
-1
89
61
-82
-46
-73
-10
-82
177
-39
87
-109
-47
-141
21
-116
-46
-60
83
-122
-86
-84
320
4
-85
-181
-104
-204
-135
88
-7
-111
-35
50
-185
-158
-67
49
-83
-128
44
5
197
103
-90
56
-67
189
-60
171
-119
36
-263
115
-222
19
115
92
-123
-217
99
-181
-28
88
-32
-281
-76
107
161
-35
99
-141
29
-63
27
-49
52
82
-237
15
-75
86
-83
28
138
69
-31
195
87
236
-139
-124
36
147
81
88
68
216
44
-114
13
54
-121
-14
-96
-203
72
126
107
151
6
72
24
55
-139
147
-57
-33
102
28
41
115
-31
179
-80
-60
58
68
-162
257
123
18
94
36
11
158
29
-92
-128
-143
-195
54
-87
-42
56
-90
-44
274
-176
238
94
-145
42
-96
-195
-1
-50
-62
-139
-212
30
-208
-61
67
-89
-15
131
-68
125
-7
14
21
-42
46
-6
-49
129
2
157
62
62
132
32
75
-135
78
193
-109
-47
-42
59
-110
18
-121
149
-114
288
-67
92
89
22
53
105
34
-25
60
-33
28
-34
-84
-50
17
-109
26
92
-164
33
173
156
-34
-210
-5
162
-225
-78
296
-36
-80
-255
143
-17
-98
-37
-220
86
40
-28
92
22
47
35
214
197
83
-232
100
16
1
-129
239
-12
29
61
22
136
181
-230
-63
98
-20
129
-4
13
-86
144
-227
126
107
78
-129
-94
2
3
175
282
189
-66
-102
-29
69
-88
-147
-40
-48
-1
43
-79
203
31
-156
-66
2
139
-148
77
-44
135
128
-26
51
63
61
295
166
-306
37
-155
-96
-10
-33
-152
100
-24
-107
228
-77
-112
97
-94
122
70
48
133
-36
-226
-53
-97
129
-112
-85
-38
-15
32
53
-98
-63
-101
-62
-13
83
-69
44
107
110
22
-168
32
155
13
30
-35
-107
123
3
309
-54
-45
9
46
119
-52
-44
-46
-51
-129
-233
83
-64
-64
-56
-39
-116
99
40
99
152
-52
-269
171
55
161
-107
-212
49
53
177
-74
256
68
22
16
-44
154
-42
63
-13
-51
55
276
51
25
87
-171
149
52
-49
31
24
44
-220
-218
-93
-325
-88
99
-152
-30
-30
208
114
202
-94
80
-184
89
170
128
-66
-137
96
-137
44
127
-115
-48
-25
65
-167
-66
45
-12
73
-191
95
-17
46
-62
155
27
-13
65
28
4
-77
131
126
-93
60
108
-84
179
77
43
8
-25
-90
-72
189
-217
505
82
-9
-33
116
95
-31
15
104
-154
-13
-184
-115
230
94
-6
25
64
6
139
-120
44
141
29
67
118
-35
9
106
-104
24
158
-110
-39
105
-24
42
-104
-159
59
132
-25
-21
-13
-165
173
-163
81
-23
48
41
-68
-35
-21
156
-73
120
139
-122
22
34
74
-43
163
25
11
-89
8
101
131
-122
-7
293
-63
0
-46
-126
0
250
124
-147
67
179
3
-103
15
60
-94
105
61
31
141
-73
101
205
-100
-11
-236
8
-1
104
52
0
-127
93
-50
-66
-79
-251
0
372
81
154
-178
-166
94
-84
60
123
-91
-122
-4
-77
21
125
-165
-53
134
106
-12
127
105
162
-126
63
19
166
-105
78
11
-61
8
235
51
52
-20
68
-206
-97
162
6
144
74
-153
-58
185
220
85
49
7
226
87
-99
-107
-50
35
239
50
-13
150
286
111
76
14
-75
-48
-31
-141
-24
97
-114
-69
-100
34
-82
-206
-175
7
-34
-27
-68
55
6
82
72
6
-6
80
-90
-87
145
-52
-189
77
-89
10
57
-61
-45
44
67
-101
-56
121
17
-152
111
44
-33
75
-76
-82
0
129
87
-75
110
17
-232
43
-181
25
-8
-44
61
-227
119
5
74
-14
61
-31
240
-37
-38
75
-54
0
-198
67
-60
-255
10
-62
-200
40
92
-31
27
24
-22
-67
184
-206
-130
-288
138
70
-63
64
7
13
78
-150
-47
-106
136
43
30
-19
33
-98
-78
41
-202
95
124
124
-64
-80
40
-184
35
-61
31
-20
-169
-51
47
-28
-98
-143
-40
-129
7
138
-107
-14
51
-5
18
-157
78
-16
-133
38
106
57
-198
-67
-93
316
-123
4
30
73
100
67
312
-85
-135
179
-214
-23
-154
28
-96
-69
-264
-77
-189
-10
147
-151
172
-22
-69
-7
31
-130
23
159
21
110
114
102
72
93
-221
-17
-35
65
57
108
-10
-124
-111
-421
28
2
-152
119
-87
158
-32
38
14
-53
101
-16
77
85
120
125
104
14
23
-224
16
-178
80
-46
-189
223
-110
-82
210
-46
-85
21
49
89
71
25
-27
159
16
-53
16
209
79
38
-38
-61
-150
-2
193
-6
195
5
-215
43
-54
11
38
-106
-71
-225
160
-9
57
40
-208
9
-79
86
128
54
-49
58
-102
-79
-15
-167
-27
66
-50
21
237
-246
138
-43
47
82
-90
70
-170
169
-141
46
53
59
67
-47
-26
-88
-30
204
90
127
50
-284
-99
56
238
-45
154
57
-108
-241
-181
145
115
-201
39
40
-41
-168
-50
70
160
-38
27
33
-39
-1
16
-43
-81
66
-140
-34
-56
244
17
-52
-54
66
-57
18
-66
106
-189
-26
22
-6
-337
89
29
93
-8
30
-32
16
5
26
18
326
-208
-89
-13
2
53
104
89
7
-99
89
41
27
194
-62
-80
101
135
-119
44
-33
-96
-99
-28
141
175
-98
-39
76
-237
-16
249
161
79
-81
-95
-108
-150
-187
121
198
-93
-34
-126
-82
-60
149
101
-116
-86
-74
144
-231
48
-12
-99
-54
95
190
-130
-169
171
-273
-110
-143
-10
190
37
-333
-29
-63
-73
-71
69
-31
193
75
-95
1
134
-108
-21
-2
-80
53
160
-76
-2
-183
35
15
-175
56
-65
192
-231
86
-69
-232
6
-49
47
-25
-37
-96
48
-152
121
16
-35
-115
-131
63
8
-42
166
136
-39
-2
-78
-196
189
-11
22
10
-92
29
-221
-44
44
-24
37
-166
233
16
-8
-71
-60
-134
-56
124
118
96
-145
245
69
39
-19
155
21
-75
-26
-108
-198
4
54
-31
134
-71
-243
-108
-297
262
1
149
85
155
-87
82
-81
-202
-37
-116
-57
54
2
92
74
314
-40
244
-33
-49
-43
15
-265
12
63
65
0
-41
175
-88
-10
-63
-181
1
-109
-8
156
-47
27
-23
15
-8
105
-95
-103
-190
-42
-161
-109
85
43
202
232
104
-123
137
55
49
113
-30
112
40
14
193
-7
38
72
-226
167
-115
8
-47
-20
-96
66
225
-78
-152
-150
-167
-10
-44
127
-52
-156
54
-19
-170
161
173
-34
28
-57
-7
-184
-50
-17
15
123
18
120
-40
-57
2
163
47
262
56
146
0
-124
-83
192
-61
-69
-104
171
-133
0
299
-34
58
101
198
-447
319
-36
20
-1
39
-105
-147
-36
19
-130
107
198
-212
-164
233
125
202
168
169
115
195
-164
45
102
187
-28
356
17
-49
293
237
164
55
-194
84
147
66
-22
-266
-130
-167
-123
-179
-69
260
25
-149
177
-174
103
-57
225
379
-215
92
29
-13
24
210
50
168
91
-50
-110
168
401
127
157
-33
134
-31
131
10
4
-7
116
-23
-3
-1
-8
181
162
-35
-101
-110
65
-72
-277
-8
-48
-18
87
25
-160
-69
-168
126
-151
24
82
-7
105
-108
41
22
113
-2
-98
-127
152
-6
-21
-40
262
49
-160
49
231
-125
28
-44
29
111
116
33
92
4
247
-97
-17
219
177
-144
-60
180
40
18
135
205
6
73
41
204
67
107
-143
-184
84
16
-32
-136
-53
48
86
-9
76
109
111
-103
146
83
-291
41
59
-113
-42
27
20
-19
-156
-27
231
-162
-71
14
47
-82
-19
20
-36
176
-143
44
46
-47
139
-210
-13
57
-303
16
-96
33
222
-58
192
17
-178
47
-134
-122
91
95
179
97
-98
65
312
117
-25
64
69
306
53
121
116
7
28
121
151
21
-15
97
138
101
77
49
-47
-14
-94
125
-32
-138
139
153
-166
-6
-128
-122
197
-156
86
129
152
17
51
-95
79
128
-1
16
130
-129
91
-65
5
-49
60
-1
-43
29
63
-109
-28
-53
175
-113
230
101
180
-126
-96
129
161
-261
166
-5
-85
-164
-24
186
27
-13
-256
-216
55
-27
96
-32
-133
124
-120
-137
-164
192
-1
-62
45
-55
-77
-67
-87
-62
13
-271
143
95
-144
-267
-3
77
-96
-57
-63
-49
57
-79
128
55
-24
-150
244
-174
-40
67
-7
-105
-1
-136
-61
-131
-86
37
-111
-225
161
38
-143
5
56
206
-68
-68
117
-25
-96
14
-300
299
-97
-185
91
121
152
-133
-51
-90
-93
-19
85
-134
157
135
-36
-19
-41
17
-19
-28
42
107
-113
-56
35
157
171
-31
-124
-215
38
-83
147
175
-89
-61
-160
74
40
14
-90
96
28
-25
-87
-64
19
47
-28
-131
-261
-17
-28
183
-158
34
35
157
26
-84
-77
142
-301
82
-46
-60
108
16
-103
-25
-109
-46
71
-68
47
-36
220
-66
316
-116
111
-86
-12
-172
29
-66
-15
-55
-141
-9
-176
-11
38
84
-29
63
-127
326
-44
-63
-85
59
-100
191
5
138
-20
213
-148
59
-32
-79
177
200
15
127
13
-29
88
-3
46
-13
182
33
-120
-167
319
24
159
-38
135
-229
150
25
35
-163
-117
65
64
-189
-22
-116
92
-101
39
106
-90
11
2
-31
-60
-202
143
-41
-104
-38
-380
41
-96
-126
227
-4
-170
-73
318
-82
-102
-246
10
-140
52
135
91
-11
130
168
-20
91
88
167
101
283
-63
54
-104
-47
158
66
-26
34
-17
20
137
30
-25
11
27
-59
125
-92
-119
111
45
34
-203
147
148
18
159
-182
-83
-86
162
-217
67
-36
-127
53
-178
248
-51
-30
97
175
52
204
-45
-101
76
344
-58
-143
-218
-186
-86
-98
61
-346
40
98
65
172
44
10
82
113
-29
-10
-43
7
18
46
72
-18
-213
63
47
342
25
-31
-124
-179
162
17
16
12
74
18
1
-149
299
21
-155
27
-77
-148
109
101
-452
-138
38
139
170
79
-142
62
100
-23
43
41
6
23
-102
-126
-173
39
-51
246
-88
87
172
-126
159
-98
14
-194
174
-237
71
-125
150
-140
212
-34
-151
83
52
34
113
-151
115
-43
-47
-63
-5
-134
-199
-216
-85
-81
-75
-161
91
176
107
5
131
69
-58
-101
-72
108
-123
247
-3
53
-63
-47
17
-32
-86
-62
160
-163
-151
-46
-133
89
117
190
-187
29
-6
30
84
173
-67
4
250
59
-14
-115
36
-102
17
-28
11
167
78
67
-25
-8
76
-32
84
97
-99
2
56
143
-176
-45
-1
-73
27
56
-158
103
40
108
-45
62
-48
20
-80
-21
201
15
-74
-266
-66
-48
-328
67
196
-143
63
-98
29
-148
74
5
55
-113
-133
6
166
-36
-13
343
27
-157
-56
-90
-12
-107
8
39
90
-83
55
10
-108
-118
151
107
179
212
70
-45
-16
-66
121
32
83
-166
-42
-109
-222
-24
-139
-44
13
35
113
-154
-150
111
170
72
-41
59
-59
-51
-11
14
-283
200
14
-25
-139
-50
-146
10
-173
49
2
-244
-90
58
48
-24
35
288
-119
-230
-66
84
83
-129
-53
-156
-144
3
-283
201
-178
57
-236
-61
34
77
-128
-194
-82
-38
97
-28
297
82
-95
-33
33
110
-162
-75
-252
4
-365
157
111
-55
-143
39
-248
71
172
253
20
-103
-58
-147
-108
-57
-93
63
45
101
118
-77
13
-45
193
320
-104
161
-115
-192
-152
84
270
-62
-22
146
282
-29
-101
-146
-66
-81
-67
96
29
-283
23
153
-15
-93
-122
141
-265
5
162
-144
101
-251
56
39
160
22
166
127
36
271
205
114
85
49
-183
-117
39
-264
105
10
44
89
27
-108
117
109
-205
43
30
-6
-33
-2
-75
-19
-15
96
68
217
77
-1
-124
103
185
-80
-63
-14
204
-2
43
12
88
-131
-119
26
132
302
-205
77
-13
18
51
-65
-87
-5
-28
49
62
-115
141
-50
144
46
-81
29
143
-57
33
-105
-115
-45
171
236
81
-19
-50
-243
-7
-137
114
-125
-17
106
252
98
163
167
-12
-147
-108
66
-215
35
-73
-84
-146
-176
169
-40
-236
-102
-72
-98
-140
17
-54
198
-2
67
-272
-121
-152
11
19
-115
-8
-86
12
-95
187
-64
-217
-142
66
-163
-217
-89
6
171
38
-93
182
179
-263
-20
95
39
144
-130
-68
-36
172
-156
-2
-22
-65
-21
-108
74
-6
-38
44
-139
157
-12
-64
90
-76
53
-265
-141
-22
-91
-8
-105
12
73
63
141
-45
-167
58
23
-46
8
33
123
20
53
106
168
13
-10
-53
-214
42
-45
222
23
-179
-26
260
6
-160
-55
39
131
14
21
231
-129
149
63
144
-13
-147
-41
4
-62
146
51
-136
37
162
-16
-159
-100
94
-135
-32
69
115
8
1
-90
28
199
-65
-288
6
256
71
0
-20
5
-11
39
-36
-163
21
-169
-184
-115
4
189
79
-40
-130
-37
63
44
-79
35
1
-40
198
39
59
137
50
156
-30
87
35
53
-140
67
216
108
-102
-96
7
38
-6
143
-55
91
-8
-12
-25
-46
-117
119
20
44
-54
-61
1
138
32
199
70
27
64
158
91
-95
147
-8
123
-172
178
-92
34
226
159
4
-138
-217
-25
-14
-14
-1
136
63
-7
-163
-150
338
-86
73
-214
-128
121
47
-82
-12
131
56
-33
112
46
-146
-32
-188
-92
-129
139
95
-78
-124
-73
20
25
-125
-119
36
130
-15
192
-61
242
-55
-77
-192
-51
-89
-162
-11
-47
53
-196
17
68
-46
-40
-172
303
-237
-19
50
-190
-75
-59
180
-94
-169
136
-134
-58
-92
153
-253
16
116
-220
-134
-200
147
-57
-6
-2
38
-91
139
141
10
-73
-136
-148
-30
161
61
80
11
200
130
121
73
3
-1
-8
-26
181
106
178
-70
45
73
-12
-201
53
36
111
222
140
-89
-81
79
26
-184
-81
143
207
103
3
119
129
100
-123
44
229
-70
-112
-26
-125
169
-184
98
-139
-118
-15
-51
-27
-73
-49
-204
-45
-182
65
-88
9
87
12
7
89
200
-340
-189
193
-12
-162
139
-44
-68
-24
176
20
326
143
-140
-92
-60
-212
1
181
-26
13
-22
-116
58
-109
-246
77
-13
-33
-304
-29
73
-44
-36
-133
-149
-137
-79
1
-3
-113
55
69
129
95
-163
72
156
-112
180
-210
189
-104
24
171
1
-120
-27
-10
-165
72
132
-28
249
-86
-6
39
-20
17
20
-75
34
38
-8
-23
100
165
0
-75
-128
-151
33
-32
-81
191
-157
-4
-93
181
-177
128
47
65
-121
26
253
-88
-34
-65
23
7
-102
117
43
14
-58
61
-163
-47
-72
166
74
-60
99
130
154
-255
-143
-39
-287
-9
-4
134
69
-156
249
127
357
-237
221
164
254
-23
-223
88
122
73
-62
110
-271
87
-17
88
275
-85
-42
-71
-66
127
-104
-55
-297
-151
-10
57
-16
-12
51
48
-64
-125
-194
-84
120
-77
26
-247
96
-96
-43
-82
-65
117
68
72
-143
-55
-106
-113
129
285
-11
58
-95
17
194
45
-20
-322
1
-29
-9
85
-181
-127
40
185
157
89
-413
-49
-144
60
-69
-56
-56
138
55
-70
230
110
-30
80
143
-3
-43
124
-11
-15
117
-121
92
-57
-203
24
-74
74
-35
41
174
-212
-56
49
125
-44
-64
100
-57
-68
9
-271
-36
340
36
97
24
115
-10
22
-6
108
-94
267
58
91
-82
52
126
15
-3
18
140
43
-13
330
-40
54
47
74
129
-16
17
17
-12
-78
110
-177
250
-46
-72
-177
146
53
30
256
-14
-93
137
-151
94
163
181
-150
94
-32
387
92
47
-107
105
-17
-1
-122
-132
81
123
8
-14
37
75
54
-121
-81
-101
-62
123
-123
22
114
51
-129
31
40
108
165
-104
-19
100
73
-62
76
157
144
64
95
228
88
184
120
182
148
7
-41
-221
202
-182
35
-26
-16
-42
208
118
70
-5
10
33
106
-139
-75
89
26
-115
-23
-53
-49
45
162
179
0
-80
99
137
-81
-71
45
-110
12
20
199
-28
-54
-140
114
114
-78
101
-137
-30
-38
-86
-24
112
-179
147
40
108
74
267
-60
37
76
-66
-135
-228
-31
210
161
67
-235
90
-1
-119
-72
52
-104
12
93
-44
34
-168
-42
21
17
-43
207
6
-82
53
-81
116
-29
-175
6
140
49
51
41
96
30
157
-68
-28
64
-34
-252
-236
133
-218
-182
87
-78
49
-50
283
-140
-88
-38
4
-115
6
189
120
-172
43
170
201
92
-146
264
5
77
83
-98
-78
-66
-65
-129
-112
-26
273
35
-134
-28
-23
-88
-24
-114
15
3
158
-130
22
-15
13
-72
1
223
-114
-154
395
-170
-101
245
-48
131
-20
81
54
-58
-22
-220
-43
-4
60
-175
114
-41
115
24
89
-103
134
31
-32
-111
143
90
74
-159
220
29
-286
-39
-139
-123
94
165
-75
-15
-18
151
49
251
-144
33
-46
96
-63
79
158
136
-109
7
-2
80
106
-114
-122
79
163
-88
36
-234
-39
-51
70
-53
-94
-46
43
-149
-68
114
-15
59
-78
8
50
10
-6
-183
60
-38
-107
-89
119
-96
-92
104
162
-45
-171
145
-106
-17
-35
151
44
157
129
51
33
-42
-74
4
-35
19
93
-81
-86
-118
111
128
37
83
-37
61
-136
82
-89
-73
27
-123
11
118
-19
182
-127
14
95
-56
-52
37
105
-64
-83
2
-96
-84
23
96
-178
-154
116
278
122
-70
-46
-65
6
69
11
214
107
-84
-74
70
126
37
-23
143
195
-26
77
60
-42
-191
-50
-130
274
177
159
282
-198
-58
-189
-23
221
142
18
9
-61
176
-5
-31
198
-171
28
88
139
-42
-16
11
-41
169
-91
167
99
66
135
-179
-248
-53
-147
-59
-72
30
-74
-46
-1
129
-70
-115
-44
-51
-60
-2
49
82
-13
-8
48
-5
-26
125
78
160
-1
110
-62
128
-11
-86
-70
141
-86
-103
-174
-77
-114
229
99
-22
-33
-204
2
26
-20
107
213
8
-142
-202
-105
64
111
180
-295
47
35
-341
-28
145
138
-137
-350
-17
9
47
46
-122
-140
136
-31
-53
22
135
112
-80
-41
-20
14
58
70
-145
-42
-45
-14
-201
-140
185
48
-154
124
-198
28
85
80
191
-14
-82
152
72
-59
6
-3
-86
106
157
-56
-116
57
30
-49
-68
103
232
49
118
-28
65
6
168
-57
-261
-44
-143
15
-50
-3
56
242
-158
-160
-36
-49
112
-271
36
-169
10
-94
0
-267
140
-35
17
-12
67
102
10
208
-174
-78
180
-248
40
103
21
-14
199
163
66
-110
-94
-90
-9
76
21
136
-116
-25
-70
82
28
-17
-147
-6
29
65
79
274
-141
24
-20
26
128
17
-86
-114
51
-147
-154
-61
98
-59
62
-92
43
-32
85
-91
-96
129
-186
15
-133
-72
50
103
-119
-52
-69
-1
21
-263
55
78
54
-278
55
-8
-21
-225
37
-7
-127
-87
51
53
74
167
-130
0
-375
-38
-105
142
-251
80
61
23
-91
-12
84
-24
4
15
-69
-125
-175
308
-242
21
-27
-208
17
2
-8
-144
-35
23
7
131
-4
156
-109
-39
76
259
10
-187
-162
-269
-42
114
83
21
-142
248
188
-230
48
-194
61
54
38
93
43
69
8
277
-105
-117
-6
-60
16
-84
113
-129
0
128
275
-32
-112
-73
-212
-197
114
187
-63
39
17
-38
-80
-11
-19
71
120
63
240
-98
137
128
-34
193
78
100
-64
131
219
-39
178
-32
2
-9
16
134
207
262
52
42
-157
-112
-115
134
225
-87
18
-65
-11
-74
112
161
252
144
-176
90
142
168
12
56
-87
49
7
78
-131
308
-78
198
89
197
56
0
-21
78
-231
-126
14
-2
450
59
11
-89
145
136
-193
80
-83
-45
49
216
-206
-106
8
-130
67
18
91
71
-89
171
5
20
70
57
-58
102
-111
112
65
38
144
218
-97
-37
96
-15
23
-113
-120
124
-223
-79
221
22
-322
113
152
-256
148
-72
-311
-40
-51
-158
61
-20
201
80
-97
279
27
-112
162
-137
-38
-174
26
179
-11
3
-120
-113
-133
76
-37
1
-69
-161
60
-58
-145
216
54
183
-163
153
69
75
-47
117
129
-110
42
-363
60
-129
-134
-212
-19
-12
-79
-97
20
-149
-67
-198
-131
-125
-2
-80
-94
-33
-34
-122
82
-36
185
-64
77
-160
60
-138
-105
-72
34
124
87
-91
7
10
136
-11
-53
69
188
-16
-71
27
101
-41
-137
96
-13
-276
30
-18
-245
18
-121
199
10
96
-23
14
-65
58
-84
127
45
-95
-162
-41
24
378
-415
-149
11
78
-151
-4
153
241
199
-104
-112
-173
64
-207
-99
24
71
140
-31
-65
-54
33
-110
123
36
-24
-86
182
175
129
-96
146
-9
-108
209
-117
290
58
47
-8
-95
-162
-39
55
-28
-107
92
-31
219
89
-179
-24
-108
-81
16
-45
32
121
-98
6
303
-102
-45
207
94
-179
28
-91
10
-3
14
51
-52
168
43
-78
-294
-24
23
-160
-21
-198
-320
-26
27
57
-6
-172
-26
26
166
-88
39
-41
-1
91
-131
1
94
163
81
18
-4
-86
103
68
207
-1
-118
-22
-8
122
-120
133
19
-59
-44
310
120
-219
-78
-12
172
76
-43
-156
21
-187
168
189
-172
-39
23
-6
-20
13
79
45
143
135
102
-90
-98
-4
83
37
6
-197
37
-124
-25
160
156
72
127
32
35
-197
-121
-197
-65
-94
-31
77
-314
85
-28
-129
116
-27
-221
179
-165
22
-142
-109
-91
-132
127
-1
182
-12
-146
-59
-188
-60
-85
162
27
-58
12
-62
-115
-51
70
-199
129
-2
-50
-204
-134
-32
-110
153
-73
-21
-1
-2
145
-51
2
166
-58
-170
74
-130
139
177
-160
-308
-8
-171
-102
148
183
-83
146
114
14
111
204
-127
39
275
15
21
-100
72
122
-66
-209
94
57
102
172
0
-78
43
-60
56
127
101
3
-247
-247
-203
76
-147
32
-62
11
6
34
71
189
-118
-48
113
-3
-157
-97
-181
50
-60
65
62
-141
-178
-87
30
-75
-295
-26
-39
-181
183
280
17
-45
39
-69
240
-47
44
-42
-14
57
-127
26
54
58
-90
29
-90
-95
55
40
-78
202
-64
3
23
-24
-79
-293
-63
-6
145
6
-48
118
-88
92
-75
39
205
195
269
-70
-144
204
76
59
-59
44
139
-76
57
58
-127
-9
112
-62
-14
-197
171
-85
167
58
52
-329
-89
190
-23
51
34
-119
156
-24
34
-29
-141
258
-78
213
-92
200
8
128
111
70
-123
77
84
-102
83
-37
-13
32
46
101
-40
-82
-159
-133
225
-78
-163
18
112
-114
32
130
15
-67
130
131
-49
-80
-5
149
-23
-46
-75
106
-81
149
10
182
115
61
-128
-80
-40
36
-16
83
-99
15
-66
160
-119
28
78
10
140
-78
5
84
28
-110
58
-195
149
136
-59
105
-192
-7
117
-106
-4
-86
45
9
79
-2
100
108
55
150
13
-250
237
73
-30
0
-49
34
126
150
156
-67
-124
-100
-206
-47
75
-156
170
-5
-89
205
223
-113
-125
75
126
5
160
24
-36
-100
-36
-59
99
-51
121
-48
-130
65
-83
-63
-220
24
25
81
-112
110
112
271
16
-17
-9
-94
-62
165
-55
0
75
150
138
107
-37
-218
65
-40
-20
54
16
-42
180
83
-3
-32
339
45
-1
-36
119
205
74
-155
114
46
212
-19
166
-75
108
355
-168
135
374
-130
10
-29
91
-46
-14
175
136
-96
14
66
171
72
168
33
196
-81
89
109
-85
240
8
-70
-163
45
281
-66
-65
-32
-184
25
67
56
-39
60
130
137
183
41
48
6
29
95
89
153
-81
39
-59
-285
-62
-37
58
-6
-9
37
-237
-159
167
-171
91
-197
-66
-239
173
87
-49
-96
-37
-299
73
23
88
57
59
-82
89
-42
7
89
74
74
-73
62
-4
-93
210
9
-42
-48
3
-91
191
253
-124
117
-59
-66
-149
-16
54
-131
-129
-12
139
155
105
-165
70
-132
-140
-153
-89
51
-91
-81
87
89
-16
127
7
-70
-129
190
14
-39
58
-183
145
168
-88
83
-177
100
123
-76
-179
-134
-72
55
-78
-120
35
23
63
140
252
-3
78
-2
-76
-1
35
172
85
23
17
-179
-135
-151
119
-23
-23
86
40
100
58
146
74
-161
-168
124
-172
96
35
92
-96
-111
-59
-7
79
-44
5
-33
-89
-154
-109
186
96
41
62
89
-217
40
52
-111
-62
-104
116
-186
-126
-148
8
-30
28
189
156
17
-116
285
7
72
-134
178
-25
-38
-28
-58
-215
-95
86
73
39
129
-236
-105
16
116
-154
79
-97
350
30
-175
-47
-36
-135
-48
-8
8
-64
-26
-100
-8
89
256
112
31
39
-55
121
-192
181
-1
114
157
-29
-126
76
-188
72
-94
-43
-14
18
-69
-88
149
61
76
-63
5
-185
113
32
-125
114
-23
209
54
-13
268
113
49
61
-46
-161
-134
-13
142
-78
167
-92
168
99
-129
70
135
-50
188
-307
41
26
-17
-180
-75
33
-226
-119
96
153
60
22
79
-51
96
99
-277
-42
43
-159
-333
-159
0
-45
-39
4
-12
-60
80
-18
-75
-4
201
99
-115
37
195
-28
-7
25
56
-59
99
-31
273
195
-286
-110
56
-123
9
77
29
86
106
-126
-119
-42
6
-95
-69
110
29
-131
-54
-54
-155
-86
-47
217
69
94
85
169
-25
-81
-254
-140
-135
34
305
87
-73
-19
57
43
0
-92
-7
59
-53
-33
-25
86
-49
62
278
71
-80
25
99
-213
90
35
-118
-17
41
174
192
13
13
46
-31
48
-278
363
52
-106
73
27
-69
122
151
-109
39
-83
-58
192
308
-90
103
-100
-48
-87
-3
-27
-231
-98
-157
0
-158
-181
-23
97
13
-131
-168
72
166
-11
72
29
-23
26
-67
6
-34
-90
-260
84
-280
134
-124
-70
11
116
-69
194
59
-44
-63
251
-4
-36
-186
-24
-30
-309
-50
-18
-304
-41
-39
-254
-142
8
-150
65
185
-14
-15
-46
6
126
129
-64
380
10
117
75
123
-59
-87
106
-136
92
5
83
32
-100
97
-18
-41
129
-52
-109
-169
166
169
38
-84
7
160
-59
-128
251
-62
57
160
-76
4
-91
-77
57
27
-13
-14
97
-223
-177
139
-48
63
94
150
-8
78
35
137
-2
-147
-220
-90
-58
-146
108
5
187
19
25
-296
-95
-28
79
-42
-80
165
5
65
-431
-119
50
11
-147
-77
-30
-49
145
-47
89
-102
-272
-50
242
24
-129
-134
29
-81
14
74
-121
48
-242
75
5
-218
-183
-57
-206
35
-134
93
-107
-1
-77
146
-7
-147
42
-52
-62
119
130
-91
-84
-3
218
-33
44
-91
-128
-35
-123
2
7
-101
-44
-27
63
-167
78
64
208
103
70
-67
82
-166
-38
-67
-158
188
213
-58
106
70
-33
81
-5
314
-11
78
-190
-44
33
-33
-107
14
-7
-29
1
65
191
40
86
43
12
78
119
-89
-28
-119
-41
-27
218
141
74
-102
31
169
116
-257
58
-65
-194
91
91
90
15
116
185
-99
-110
49
-149
-65
54
-187
-115
187
31
-213
89
-99
5
-5
138
166
-204
-153
31
-103
90
-22
-112
82
-19
-171
25
19
-142
64
-68
-14
-27
-117
255
-28
-173
128
-80
-87
63
212
20
144
77
-23
-195
106
-46
-23
-100
-50
-73
121
53
118
45
-151
-97
155
45
70
-8
57
-100
-181
177
-269
103
149
-14
-343
147
-17
125
125
-76
205
-74
190
-51
199
-72
-60
95
-152
-88
-192
-46
-158
342
-50
-238
10
131
179
-29
-21
-36
-128
-82
70
-83
137
42
11
-196
-60
-52
35
-145
45
112
126
-81
-79
133
24
232
137
35
-128
-181
50
41
176
-97
20
-169
-43
-144
219
-27
225
89
-35
40
-8
-35
-47
-32
-178
80
5
-39
40
103
139
-22
5
62
67
-133
-36
93
-17
188
-42
-117
73
-69
-46
140
36
-51
34
-102
-77
-271
58
-188
-53
103
-47
-169
-159
-14
119
206
-280
-51
-10
45
118
-8
53
-93
-109
-162
66
41
-130
-24
-43
-273
-1
-315
36
89
-42
-42
48
-183
120
-25
8
109
-77
161
54
-2
15
-64
161
89
16
-88
-84
-171
135
77
-23
180
-379
-173
-65
27
-62
-289
1
118
136
-187
-120
-113
120
48
-46
-58
-71
-81
-267
-305
68
-114
52
248
-14
108
31
186
-58
-139
-37
248
-70
-81
-120
11
88
78
-18
-47
4
-7
-110
100
-21
-127
112
-147
-148
90
-277
-296
86
-39
-30
116
-257
183
66
278
-44
9
31
-150
-193
-264
-161
-40
185
124
59
91
-338
-3
-175
12
387
-99
110
1
56
2
58
181
149
44
253
-57
51
-63
53
76
-58
-189
-37
36
131
178
-36
-34
-115
80
81
-121
160
134
47
-8
-140
103
30
120
73
115
-120
-246
-257
-107
-86
-166
316
27
152
93
-34
-22
-21
74
-64
-195
-192
149
172
-77
-166
-162
-134
252
221
198
-1
-2
140
-30
22
-65
-53
11
169
-40
-68
0
154
-90
-135
-63
47
93
-23
39
-91
18
75
-64
-173
-148
-2
-2
-103
92
8
-184
31
54
-18
-158
49
29
-85
-199
14
211
150
-124
76
44
48
17
-71
131
-20
-44
13
8
116
17
320
-145
98
-29
5
-136
-56
-40
-131
-112
-75
69
196
113
-57
-219
82
-167
38
192
124
72
-51
-228
93
4
-144
-74
-26
75
139
23
-189
24
-165
41
-1
-59
-68
-22
138
41
323
67
62
139
-5
50
71
11
21
-135
106
5
-113
-73
-15
78
-38
217
12
-119
-21
12
-21
214
-35
-56
-81
18
-89
-246
-243
21
-17
-78
-60
-57
-128
53
3
1
191
-44
-162
8
-111
-45
130
-29
134
111
-244
276
92
156
335
77
94
70
204
-58
28
78
-46
48
-136
-63
-212
-93
-107
22
68
318
6
150
107
-32
-7
-11
-227
56
-140
33
-68
95
16
-60
-64
-30
-132
265
-267
290
-112
9
18
49
139
-182
14
16
98
-1
-117
-237
9
-97
-80
3
-26
-54
51
74
175
179
-36
61
-25
119
110
-221
-107
19
-4
82
-11
77
18
177
-45
-117
-264
-324
157
-121
-57
-54
-58
232
23
-230
375
167
35
108
169
-29
-33
-62
268
59
270
-128
-166
-132
-9
-52
-108
30
-132
64
-36
-80
-105
-48
-124
-105
58
-10
3
119
52
43
34
160
-71
-94
46
181
223
-98
-140
171
101
104
-50
-86
-163
53
20
110
-159
-61
-122
-50
98
-187
73
-117
63
64
202
-99
-79
-131
-23
145
-172
-65
-15
13
-111
14
300
26
54
6
139
-1
-148
-44
-178
41
25
-33
-80
119
88
84
-62
-88
48
-135
-137
-87
-87
54
166
-34
-131
-40
-50
146
30
-34
3
-186
107
-69
30
150
17
38
-72
34
83
249
-37
-149
115
134
298
52
76
-257
-164
-175
66
261
88
-22
-78
60
-154
-150
-80
-144
-133
92
30
-320
294
-239
-21
312
-173
-47
5
59
-101
-130
55
137
-21
-23
-15
-84
65
33
50
-46
113
-235
123
-14
191
-171
-4
6
-21
-112
-223
-17
-11
-57
189
37
-61
23
68
113
30
122
-48
148
-120
102
-30
70
-100
233
101
69
6
-220
93
7
-99
236
-5
-89
-119
-60
52
8
8
11
97
38
214
-42
-163
-59
-38
-45
-30
121
173
-36
-145
-117
-167
-30
66
39
10
128
169
-68
-87
62
109
76
259
90
-133
-101
-213
55
33
107
-272
136
89
110
126
143
-19
-67
101
-50
13
-160
52
-62
31
-35
-247
-70
158
55
-110
-141
17
18
137
185
-80
47
31
11
61
-123
8
-28
85
31
-111
-10
-152
-251
101
164
91
87
-22
-95
429
-78
168
-26
-139
-84
-47
-267
50
93
-14
-67
5
145
56
-111
-7
51
72
-41
-128
5
-60
89
-63
34
-94
-27
6
27
-201
-54
162
100
-103
-258
33
-121
82
199
-116
48
93
85
204
216
-130
94
14
163
86
-105
148
91
-1
-151
-33
-192
37
197
-30
104
43
-54
207
112
120
-93
60
28
110
-17
-81
-87
-50
158
196
-160
-136
-14
92
-144
-369
-24
-83
205
161
-154
188
-194
105
-136
185
54
-4
290
201
-22
92
133
61
-179
48
-214
-100
-206
131
-33
-112
-29
161
-60
-95
115
-56
-50
119
-56
17
187
30
31
-182
-44
62
-98
120
127
71
165
-170
70
62
-59
2
-63
-179
60
-111
-126
92
171
70
50
-81
63
255
290
47
54
25
-13
185
-216
16
52
123
-31
48
5
-123
5
-181
266
112
-289
-135
11
-36
-6
99
134
125
-44
-366
-97
-240
-97
-15
71
-152
-96
-152
-1
-39
165
-88
-235
-243
-119
153
-56
211
-40
-28
-72
-155
188
36
66
98
37
-45
-80
5
-123
279
-154
-9
60
-37
-70
-88
185
108
-140
36
-28
242
-148
104
-226
-98
-2
-97
20
21
109
-152
97
-43
181
54
117
-1
-12
-201
7
191
-153
22
7
-128
-42
0
-108
32
-319
-209
-7
-118
195
-63
294
-5
-39
-229
147
-77
174
106
-163
-8
1
-81
75
40
-11
-25
8
-52
-189
81
-216
52
-11
54
74
33
-77
50
-12
70
-39
99
238
-169
-106
91
-187
192
203
-66
-48
-26
25
135
-3
-100
-60
-252
195
-76
111
26
-109
-107
198
-240
210
-29
69
-250
35
50
163
270
44
-128
-37
114
129
79
106
-101
-233
-152
-42
59
-228
24
30
-38
-108
-9
89
159
21
49
-63
87
-119
137
-2
52
-80
8
152
97
37
58
-17
-21
233
-124
192
-106
165
-93
-137
-65
-223
-61
-151
106
25
220
141
181
-14
112
-79
93
144
64
-13
-59
44
-29
21
18
-303
-31
-48
-54
-101
111
93
-74
-174
29
-38
32
-80
-92
-83
-78
-80
143
121
-5
-131
46
-39
117
-81
-30
222
12
170
-158
-46
125
153
8
-72
-199
-91
286
199
80
-135
-274
112
-52
14
61
-46
-41
22
101
-97
25
-93
205
-85
82
159
113
-248
-21
118
-7
32
112
50
-60
17
39
43
-201
95
-57
-63
-182
-187
157
-140
-14
-227
173
66
-145
-290
102
258
-247
18
67
129
49
-84
140
126
71
-225
-13
-63
27
139
-118
104
99
121
-267
-61
20
-127
-68
-29
95
268
-45
-45
6
29
-85
19
95
-102
-150
-195
4
41
138
33
119
160
21
-67
-4
137
-122
-398
-44
206
-110
38
239
20
61
36
-193
-17
-220
-29
246
-108
-104
-212
21
-114
-171
267
-82
114
8
-110
94
35
28
-67
78
94
-85
127
-27
58
155
6
108
-60
132
-61
-338
-123
-215
-121
155
-97
124
-106
-119
35
-43
18
187
-60
151
-42
54
-92
214
88
-14
195
47
-252
142
-129
164
70
79
33
-44
61
6
89
-201
13
-85
-3
-121
-264
-115
-283
-139
-209
40
-84
22
81
76
-25
203
98
-140
-62
135
-10
160
52
-101
-41
-56
168
-132
131
72
79
161
-104
-92
-44
-12
6
92
-24
-171
-97
-236
31
104
-81
119
-97
67
-80
96
133
156
-112
-106
-41
-124
84
-185
-65
103
55
87
65
-19
81
-54
-150
78
-95
73
84
133
92
-62
-96
157
64
-81
76
-36
-121
96
-132
-47
-115
44
28
-69
-51
-67
138
-99
16
-58
-78
109
-155
30
-143
164
146
13
-63
181
-75
-148
214
83
65
-182
121
15
-170
117
228
46
54
44
-162
15
232
201
-127
-147
60
247
120
276
33
179
-39
68
-112
-135
102
-7
118
27
40
142
14
137
18
59
-177
22
-98
183
14
-158
-28
-214
-313
-181
-71
-101
-16
102
-76
-80
-85
28
193
-67
195
-163
53
-105
2
109
66
-110
89
23
-168
-46
-73
-62
16
145
59
-20
-34
171
143
28
-29
95
-47
134
-199
-168
113
-39
82
-36
96
-90
75
43
36
-50
100
47
211
148
42
-19
-186
51
-3
-29
-212
102
216
131
-139
83
-16
85
105
-9
1
90
-141
82
167
-121
-232
-33
141
-123
12
-156
16
43
209
-58
-228
-193
-63
-71
-35
25
-170
396
-75
-16
-21
-251
-14
-138
-184
-13
59
20
-150
-51
64
-143
-5
-133
-8
103
138
75
113
131
87
44
5
106
-42
-162
135
-38
-62
115
7
-71
-91
-77
132
-135
-93
-86
60
-94
156
-211
-79
142
65
81
-181
-178
-51
-18
-156
59
-77
81
123
-23
95
-218
179
46
-53
-9
-30
40
-184
23
-24
-115
-42
125
-24
59
-70
33
-5
11
-11
2
61
-46
-63
-25
30
-78
-75
99
18
133
38
-149
101
89
-34
80
-66
-42
14
21
-42
-84
57
12
-12
-182
-140
-159
-35
-51
-67
-192
-154
-29
80
-169
-2
-30
-29
59
20
-225
-25
-234
-32
60
-224
-145
186
-113
-82
-39
-61
-68
-12
41
-11
-103
-211
-158
50
56
57
55
159
-216
31
-46
4
-61
-13
-125
-63
-50
63
142
60
197
104
9
-70
-133
-63
-41
-67
70
-172
7
179
-104
136
307
160
-37
146
43
172
40
-145
-103
40
-82
-11
-108
158
172
175
-102
110
118
112
-43
-45
13
39
-86
150
-137
182
-158
-178
152
122
42
168
-109
179
71
-129
44
-8
-232
104
-85
23
180
334
38
-19
-175
-146
130
-65
-145
-49
-54
-162
-81
222
7
-36
249
169
-57
-198
-30
27
-83
82
-34
122
29
23
-44
26
-68
9
-119
-213
-94
7
142
61
-101
-28
112
69
-205
39
63
34
-109
219
74
93
-273
-167
-166
83
28
177
-32
-66
-102
76
-121
91
-134
182
-145
-27
-95
125
31
-3
-134
-1
42
43
-33
160
-18
68
144
-81
-99
-26
15
21
-18
-13
-44
-54
56
-167
-135
-119
-164
82
-127
-95
-293
159
-88
-177
13
130
-259
63
-38
98
119
-291
284
61
24
187
212
269
118
6
137
52
-60
-135
17
29
88
-80
79
5
80
-114
-69
126
132
63
61
16
5
164
-91
-145
-96
83
-182
-189
-208
101
51
-142
50
-55
-132
-125
-118
170
31
8
-104
-137
-94
-172
95
40
-13
40
147
-50
24
-174
-55
-18
-112
-34
-95
-59
-97
147
-185
25
125
18
-114
13
-226
92
18
-202
-43
100
68
32
171
108
154
212
94
-99
5
-155
-4
44
274
-127
33
32
-27
125
-100
-38
96
140
-71
-178
-139
23
-142
-60
54
76
-78
10
-201
-47
-57
148
-53
128
121
-24
-202
-280
303
114
-249
61
-18
-214
76
-74
78
59
-12
86
-21
63
-194
-54
13
263
-127
54
131
-100
61
-198
16
-90
-63
47
-63
-122
72
-122
97
168
153
-32
55
-43
-80
103
-64
-183
-250
-26
-19
-67
90
74
26
63
-103
91
140
-117
10
46
-121
96
43
23
-55
118
131
-77
-56
98
86
-24
20
-32
-102
31
116
-2
25
-55
-55
107
89
-117
248
-128
-106
5
-142
-28
-169
137
-100
-71
-25
95
162
-70
53
5
36
174
-19
-173
-35
106
-23
78
-32
129
-20
88
141
145
123
148
149
101
-133
-39
-135
-15
-136
88
-38
-113
-107
0
-128
46
-14
18
-115
95
-111
-31
-72
-2
118
-283
-159
158
51
197
-198
-10
-115
-30
67
30
79
-133
-306
19
-54
-179
-15
-227
51
-126
27
24
-73
-184
-278
140
-123
78
-75
37
-60
122
-172
263
-38
91
-103
82
-99
-135
-45
63
139
-161
144
-163
-2
-156
-97
70
-101
46
284
-73
26
-194
51
-54
-58
17
14
120
158
-22
-161
-74
-228
-12
212
148
-16
-139
104
205
107
150
49
-28
6
-64
16
-64
-190
140
43
-76
-56
34
-99
-53
-68
159
-198
-137
67
170
-7
148
15
-11
-63
-214
-131
-83
5
115
124
95
-298
34
-183
-36
94
-165
-61
213
-38
-5
-133
-44
-27
35
75
-239
200
-20
74
-103
-200
-103
44
164
144
-59
4
51
195
20
74
-219
-129
267
-120
-189
8
130
57
-83
134
-104
-151
64
-75
18
138
-33
-11
130
8
41
133
17
-55
79
10
26
44
-36
-101
16
9
232
86
-119
-14
10
-20
44
-150
72
5
-2
-102
-73
29
-6
-105
-57
79
-21
43
6
-134
221
-27
21
234
288
-43
148
21
99
8
-111
-46
-23
-191
-107
-136
146
-34
-111
-88
49
88
-152
-135
-91
-52
-139
25
-41
-98
-78
277
128
-12
-82
-247
141
26
-183
103
-194
-67
-14
36
107
126
41
-151
-42
-53
34
195
61
146
244
341
1
67
-2
-200
-99
78
-27
86
168
159
94
-31
41
-165
81
100
58
4
178
-94
250
156
-39
-12
128
-97
112
24
-88
-170
-74
-100
98
-28
-35
209
-49
111
-13
-251
82
-16
-32
-42
-120
116
107
-73
-154
-130
47
-61
-50
123
-15
-31
154
37
98
-149
-126
-186
-156
43
29
-101
-48
177
-217
112
-154
44
-30
99
104
148
-44
101
105
-99
-68
9
-137
87
158
-181
-65
-63
22
194
53
-254
-5
-53
214
39
-266
200
-198
77
97
243
-18
-187
185
2
-73
152
-67
-45
70
166
151
57
-151
-141
-267
-117
-38
105
-131
157
197
-7
44
-174
-80
95
-26
19
288
-42
-25
-142
48
52
-82
-74
-93
-28
-69
-105
-129
-65
37
-292
-66
-62
-108
192
74
86
27
-74
-208
-180
-62
-27
