50 100 144
0 0
0 7
0 19
0 45
1 30
1 39
2 9
2 15
2 30
3 0
5 14
5 17
6 15
7 3
7 21
7 25
8 9
8 10
8 17
9 0
10 49
11 35
11 37
12 8
12 27
12 43
13 28
13 48
15 1
15 15
15 22
15 31
15 34
16 7
16 18
16 29
16 42
17 1
17 43
18 11
19 12
19 46
20 25
21 7
22 1
22 12
22 23
22 43
22 48
24 1
25 34
25 44
26 7
26 29
27 28
27 36
28 20
28 49
29 25
29 27
29 44
30 35
31 15
31 27
31 35
32 29
33 1
33 9
33 16
33 39
34 3
34 21
35 24
35 42
36 13
36 46
37 3
37 8
37 40
38 5
38 33
39 17
39 35
40 20
40 29
41 20
41 36
42 15
42 16
42 20
42 34
43 19
44 13
45 22
45 29
45 36
46 21
48 35
49 1
49 29
43
0
37
51
96
86
6
67
88
9
97
2
20
16
19
50
14
74
84
38
46
61
30
87
42
78
23
45
68
29
5
92
62
89
48
44
47
1
13
82
21
76
40
79
26
85
18
31
56
94
98
70
77
39
36
41
64
71
7
28
58
3
57
22
52
55
32
10
4
27
49
66
8
90
93
81
69
80
34
25
83
35
59
72
33
65
15
91
95
54
73
11
12
75
24
53
60
17
99
63
98
-19
-404
-85
-121
69
163
-150
101
189
-29
-136
-19
144
-264
136
8
-174
6
221
-82
21
-125
-180
96
137
-213
-69
93
-146
307
24
10
74
-87
165
30
143
131
106
190
-167
-77
166
43
86
27
-84
-199
-243
223
115
206
-77
-47
91
-96
-162
-119
-20
154
-203
-34
187
51
-24
85
83
-22
79
39
226
51
4
-11
109
-102
68
57
24
239
278
211
71
140
30
-140
184
117
87
-192
136
-70
-108
24
-57
-205
215
22
-81
-174
-167
6
119
42
-30
196
-42
-153
-10
-113
-109
105
-34
285
-111
-268
20
-106
0
77
-122
-79
81
279
22
141
225
151
9
-73
169
80
-199
124
-135
102
-52
-195
-131
91
-72
189
-36
84
46
-38
139
-45
139
-4
172
-11
73
88
60
191
-155
-125
146
63
-8
383
66
147
-33
-70
142
-101
-283
103
89
20
-41
154
-112
269
-16
119
38
14
195
-120
35
-14
8
-161
56
181
-89
31
78
-36
-173
-34
147
94
114
-67
29
69
151
103
-40
38
-127
-116
40
-118
71
12
-15
-126
-101
-213
-45
-98
-6
15
-144
93
88
-238
33
15
-4
46
3
-339
-74
-156
182
352
-62
-207
-137
-325
-33
-1
-72
-341
-55
-332
-189
-74
-71
27
64
-154
-201
102
189
209
-46
222
-188
84
-41
-185
-62
-100
-239
-18
-98
-150
37
-36
89
-141
-60
-5
-57
-136
-156
24
-35
72
80
-39
-152
8
241
81
-10
-59
131
212
53
158
-44
190
-185
-67
-78
33
-135
-54
-159
-190
-213
-83
200
-162
-174
183
159
-6
147
254
-41
-272
-58
-194
-39
-19
28
328
107
-38
-33
29
331
292
154
-30
-118
-100
117
-19
174
-86
-267
-118
35
239
-6
-66
0
-78
-248
98
11
303
53
-64
-81
167
-154
17
-119
113
103
42
-166
210
-34
124
62
-143
-95
131
-29
59
168
65
-124
60
-59
-138
-39
-228
71
3
170
-272
61
72
51
2
1
106
-123
-14
-107
158
-106
232
105
-160
17
26
-105
233
-99
164
361
85
-2
171
54
96
-95
86
-174
25
-40
-198
-240
15
-135
15
3
-53
195
19
-43
-223
-61
-82
-111
13
20
18
-107
-159
102
-5
-199
-231
-113
-168
-172
72
-40
-162
-43
6
71
190
237
-211
170
102
-153
-1
58
204
-110
3
-42
-77
-15
94
-45
-246
-1
-75
-55
259
-256
-240
47
122
15
48
-212
-183
5
151
-255
78
100
126
-85
22
-68
-53
-23
-3
68
146
58
-96
-32
30
19
-236
-52
-27
175
-122
37
52
47
20
111
-82
-49
12
125
-10
-95
134
-53
-174
158
54
61
-14
30
114
-147
-92
-28
17
-96
62
-158
-123
-91
211
83
18
172
-95
-86
-63
-99
-85
260
63
14
1
-63
15
79
172
-17
65
251
220
-153
-19
-31
-83
102
-46
186
198
-135
-37
41
436
12
-276
281
195
-72
159
-25
202
-86
26
-18
60
127
-209
-13
-44
101
114
27
76
-5
-137
21
-139
153
-205
-5
61
76
40
213
50
19
39
-83
121
-12
5
-81
10
70
175
-57
-30
88
10
-12
161
-255
-132
43
-62
-389
-132
-74
-90
222
-186
-148
32
-142
-73
-242
166
-127
95
-204
151
7
28
-19
335
-41
-181
-231
401
33
79
241
-17
192
-274
6
-274
-59
1
-59
142
445
-83
-332
-60
146
-40
-135
141
66
0
-131
-147
-94
61
256
130
-14
278
136
-126
-13
138
-151
-196
-37
50
-2
106
-124
22
-88
122
-85
283
64
-70
-70
41
109
219
-38
13
-89
111
11
173
-247
211
110
412
25
124
205
142
-173
-289
61
75
-74
236
38
49
261
3
-48
160
165
-102
118
-117
-126
101
-77
1
-62
-13
-238
19
-98
234
-123
113
13
210
-68
147
30
150
280
110
12
-205
178
-110
-9
22
183
-18
-75
43
286
-15
-109
-327
-118
165
-24
-430
309
171
90
3
140
-403
52
-223
135
-5
-53
-155
-3
-39
10
4
119
122
199
163
40
-312
42
16
102
-180
-318
-25
42
-220
-5
323
-84
78
-153
104
25
-225
-95
57
-78
30
37
29
-157
166
93
59
104
-283
72
-40
-1
-232
130
28
-146
308
235
214
92
-115
119
-42
-166
109
148
-86
101
34
-165
-21
-167
7
59
176
185
20
-47
37
-147
157
-101
-117
-122
-3
65
-116
86
172
-139
-108
36
-6
220
-118
7
-88
263
176
-73
47
-32
213
-59
24
-79
-68
-68
-17
-4
-112
201
97
-213
94
323
13
-190
-76
-398
121
-40
20
-8
327
-152
55
49
54
-22
-33
48
-154
-63
-172
-99
130
-219
-205
-18
87
57
164
-8
62
14
-17
86
-211
117
95
-95
37
-93
-24
-66
-238
-99
-83
288
34
-46
113
108
207
-22
-118
83
-123
264
193
89
41
117
295
88
150
-122
-105
317
-178
244
2
-143
-131
-210
-45
11
86
190
-149
-183
124
-32
-71
-5
-195
148
-70
-254
-21
-14
-30
-120
-13
-171
53
177
-37
-74
-74
-77
82
53
-6
328
-90
-27
-100
-46
84
64
332
-126
148
23
-2
5
125
-281
-66
-105
300
-252
-170
86
245
-35
5
54
43
-7
-91
103
50
-189
102
-235
207
100
85
15
-16
-214
230
300
41
-179
-31
321
90
-167
86
29
-85
133
314
132
-170
123
62
-23
-30
43
-99
79
-28
0
28
-136
119
34
-1
-55
-136
-75
-252
-277
-222
-184
-1
181
292
-209
233
117
-40
-156
-79
135
-8
-122
-122
193
-166
40
-143
115
-131
-14
65
11
156
379
402
66
180
26
115
29
170
-72
41
143
192
-92
119
-91
1
52
-143
-307
246
234
-170
133
42
-292
-71
34
-307
-278
179
152
6
-123
-116
-108
-68
-78
-225
-25
196
363
21
169
-172
-145
-151
-179
141
307
-49
77
-413
226
-316
-52
216
-54
-76
-90
-181
112
-75
-23
-86
150
-148
62
83
-137
241
-55
34
31
-156
59
286
19
-139
312
-25
-120
-285
188
81
31
-81
-14
143
-30
114
-154
1
-175
-75
65
-298
17
-136
-27
-86
144
303
126
129
208
-84
131
47
-118
25
-99
12
113
-52
-39
-32
-8
-1
36
-23
8
-155
-137
100
172
-58
-156
4
-136
140
-40
-177
44
-6
-140
53
44
-57
-47
115
-179
-246
-30
252
9
-119
-122
33
53
-227
-176
9
154
-83
-127
-40
-300
-112
119
242
-126
-68
-76
94
372
-149
2
-142
-201
-257
-35
120
73
35
76
-233
117
170
143
125
119
0
-121
101
-190
81
43
36
-88
161
89
-68
-259
-152
313
-39
158
35
-48
-117
124
50
105
16
-99
248
210
-104
-246
-146
-60
101
-169
362
43
-56
2
134
-83
23
-82
218
-73
-15
-234
-132
18
194
141
226
142
-130
268
-129
33
-117
-66
124
166
9
13
-64
-161
84
164
127
46
77
55
282
8
-373
114
-169
-118
57
15
-40
37
-117
111
351
28
114
13
-288
-129
-199
-114
23
25
-87
-62
-52
-24
12
-218
94
-102
97
3
69
11
-299
8
-235
61
50
98
-96
-75
83
-46
211
-199
-33
-142
81
-119
345
187
-53
69
315
-160
-31
109
370
-34
34
21
-138
3
308
-38
55
166
155
-105
-79
-127
-349
-112
-49
66
-7
8
-47
-75
-76
-144
230
126
-167
-5
-10
309
-5
257
-428
-55
-174
25
-298
98
-287
41
161
-66
-194
18
-91
-240
167
-22
91
314
-75
12
-320
171
-244
104
266
1
-51
77
181
105
390
-323
-176
-34
-32
33
-32
12
-208
44
-47
-331
106
-48
-52
13
-24
66
113
37
-288
2
-37
-28
-296
62
54
-204
107
-47
-217
-5
-120
-224
-34
85
309
71
-37
-29
-81
-174
-204
-156
23
-211
2
-139
-113
58
251
167
43
-37
131
-275
146
146
128
112
-73
49
-236
-164
100
62
64
-338
65
41
-160
-73
-381
-111
123
-117
-31
-45
108
-173
90
-41
-197
35
-142
-31
-37
69
99
-91
-79
-121
-37
157
94
128
145
101
-212
92
-117
-159
-28
13
341
226
121
42
20
-230
66
-154
97
117
223
155
62
-304
28
179
195
133
-228
-7
33
-156
-388
-7
-189
-118
311
-52
-102
30
115
-28
-32
-119
21
157
-277
-69
-208
37
-175
12
208
12
-60
-9
127
16
5
-127
-212
-81
7
62
200
81
53
128
-171
137
-120
-175
-15
137
-174
-8
18
64
39
-203
79
-5
132
-45
-23
-86
-173
109
87
118
-266
236
93
-37
307
106
-62
27
105
-89
-195
262
19
-144
86
-57
92
7
-46
16
-28
67
-44
98
-425
149
-70
45
58
73
156
47
150
368
19
-45
-85
-4
-125
-227
67
-55
91
71
-16
-130
56
25
-224
-109
32
258
-159
3
-30
291
50
-35
-240
25
396
178
-50
114
-14
62
42
-66
-97
-296
-106
-62
41
-26
-29
-36
82
254
78
27
68
95
209
-67
-56
88
-83
-121
-210
-16
-392
139
-180
55
-44
-22
-404
-44
-134
-399
71
122
-167
199
91
163
-184
-152
-107
-96
35
-5
190
-31
-140
66
132
243
-197
-156
3
260
-367
154
-263
-144
85
-23
106
-185
94
111
-40
-89
-357
40
-76
-106
6
-91
-180
352
-116
3
-21
38
70
-18
-16
-82
-58
75
29
72
86
-202
277
-284
-125
-59
5
-55
113
-2
11
-269
155
71
124
-99
-49
227
-13
213
273
-129
33
-111
120
391
142
40
1
24
152
147
-61
-116
-145
-139
-323
-208
-200
-142
70
-171
-169
-46
-89
-235
88
36
-408
27
-167
-8
-216
-156
187
-96
151
138
160
-103
12
-145
87
-33
196
-40
-272
6
-68
-76
269
-115
-237
-115
-241
-118
-81
-216
-158
-209
-101
18
-52
-24
-97
81
-100
-18
243
-82
150
-45
69
19
8
-5
162
-108
-77
13
-60
-93
-97
-117
-17
85
-141
-24
-39
104
280
-102
211
78
202
-210
-69
85
-95
-182
-70
172
-211
-53
-121
103
30
-136
73
179
154
209
-270
123
206
-50
162
108
80
-26
-343
36
-192
301
119
-97
273
40
86
-241
38
53
-48
-216
109
-101
98
221
70
-218
23
252
-58
-34
-96
161
203
-237
-226
124
-68
95
27
103
1
-145
-81
-273
94
-154
-84
-122
-171
211
12
-230
-20
-130
-64
35
-28
-107
40
-164
61
-174
-154
35
8
-96
-34
90
-64
-322
15
-5
151
6
-72
91
-123
-59
109
315
-89
-20
-314
-129
-85
5
-47
-367
-90
43
102
26
-80
-548
-35
-24
-188
-252
-99
44
-24
-76
401
120
327
72
-41
33
70
118
-194
-61
-175
-145
-21
-69
-147
29
-219
-120
72
58
-101
103
-118
-173
269
-256
-36
29
-143
156
-43
183
-130
-186
116
15
-90
-129
157
-70
53
38
-38
60
-144
104
3
-108
115
-129
69
-76
71
40
48
-113
286
-185
165
-27
145
138
129
-167
8
-30
86
-229
27
87
301
81
-42
-128
-109
116
-149
133
-119
188
214
3
-286
-55
222
27
-240
187
-33
118
248
50
188
-1
-78
-150
-45
9
-142
-41
-17
73
63
-91
12
-107
243
103
31
186
-1
106
73
-98
-55
-87
-12
-98
211
-46
103
-130
-56
-168
25
-138
-54
-72
98
-145
-102
-100
380
5
-101
-216
-124
-242
-161
105
-9
-132
-41
60
-220
-188
-80
58
-98
-153
52
6
235
123
-107
66
-79
224
-71
204
-142
43
-313
136
-264
23
137
110
-147
-258
118
-215
-33
105
-38
-334
-91
127
192
-42
118
-167
34
-75
32
-58
61
98
-282
18
-89
102
-98
34
165
83
-37
232
103
281
-165
-148
43
175
96
105
81
257
52
-136
15
64
-144
-17
-114
-241
85
150
127
179
7
85
28
65
-166
175
-68
-40
121
33
48
137
-37
214
-95
-71
69
81
-193
305
146
22
112
43
13
189
34
-109
-153
-170
-232
64
-103
-49
66
-107
-52
326
-210
283
111
-172
50
-114
-232
-1
-59
-74
-165
-252
36
-248
-72
80
-106
-18
155
-81
149
-8
16
24
-50
55
-7
-59
153
3
187
74
74
157
38
90
-161
93
229
-130
-56
-50
70
-130
22
-143
178
-135
343
-80
109
106
26
63
125
41
-30
72
-39
34
-41
-101
-59
21
-130
31
109
-196
40
206
185
-41
-250
-6
193
-268
-93
352
-43
-96
-303
170
-20
-116
-44
-262
102
48
-33
110
26
56
41
255
234
99
-276
119
20
2
-154
284
-14
34
72
26
162
215
-274
-75
116
-24
153
-5
15
-102
172
-271
150
127
93
-153
-112
2
3
208
335
225
-79
-121
-34
82
-105
-175
-48
-57
-1
51
-94
242
36
-186
-78
2
166
-176
92
-52
160
152
-31
61
75
72
351
198
-365
44
-184
-114
-12
-39
-181
119
-29
-127
272
-91
-133
115
-112
145
83
57
159
-42
-269
-64
-116
153
-133
-101
-46
-18
39
63
-117
-75
-120
-74
-15
99
-82
53
127
131
27
-200
38
184
16
36
-42
-127
146
3
368
-64
-54
10
55
142
-62
-53
-55
-60
-153
-278
99
-76
-76
-67
-46
-138
118
47
118
181
-62
-320
203
65
192
-128
-252
58
63
211
-89
304
80
26
19
-52
183
-50
76
-15
-61
65
328
61
29
104
-203
177
61
-58
36
29
52
-262
-259
-110
-387
-105
117
-181
-35
-35
248
136
241
-112
96
-219
106
202
152
-79
-163
114
-163
52
151
-137
-57
-29
77
-199
-78
53
-14
87
-227
113
-20
55
-74
184
33
-15
77
34
5
-92
155
149
-110
71
128
-100
212
92
51
10
-30
-107
-86
225
-259
601
98
-10
-39
138
113
-37
18
123
-184
-15
-219
-137
274
112
-7
30
76
7
165
-143
53
167
35
80
141
-42
11
127
-124
28
188
-131
-46
125
-29
50
-123
-189
70
157
-30
-26
-16
-197
206
-194
96
-28
57
48
-80
-42
-25
186
-87
143
165
-146
26
41
89
-51
194
30
13
-106
10
121
155
-145
-8
348
-74
0
-55
-150
0
297
147
-175
80
213
3
-123
18
71
-112
125
73
37
168
-87
120
244
-119
-13
-281
10
-1
124
62
-1
-151
111
-59
-79
-94
-298
0
443
96
184
-212
-198
112
-100
71
146
-109
-145
-5
-92
24
149
-196
-63
160
126
-14
151
125
192
-150
75
23
197
-125
93
13
-73
9
279
61
61
-24
80
-245
-115
193
7
172
88
-182
-69
220
262
101
59
9
269
103
-118
-127
-59
42
285
59
-16
178
341
132
90
17
-89
-57
-36
-168
-28
116
-135
-82
-119
41
-97
-245
-208
8
-41
-33
-81
65
7
97
85
8
-8
95
-107
-103
172
-62
-225
92
-106
12
67
-72
-54
52
80
-121
-67
144
21
-181
132
53
-39
89
-90
-98
0
154
103
-89
131
20
-276
52
-215
30
-10
-53
73
-270
142
6
88
-17
73
-37
286
-44
-45
89
-65
1
-236
79
-71
-303
11
-74
-238
48
110
-37
32
29
-26
-80
219
-245
-155
-343
164
83
-75
76
9
16
93
-178
-56
-126
162
51
36
-23
39
-116
-93
49
-241
112
147
148
-76
-95
47
-219
42
-72
37
-24
-202
-60
55
-33
-117
-170
-48
-154
9
164
-127
-16
61
-6
21
-187
92
-19
-159
46
126
68
-236
-80
-111
376
-147
5
36
87
120
79
372
-101
-161
213
-255
-28
-183
34
-114
-82
-314
-92
-225
-12
175
-180
205
-26
-82
-9
37
-155
27
189
25
131
136
122
86
111
-263
-20
-42
77
67
129
-12
-148
-132
-501
34
3
-180
142
-103
189
-38
46
16
-63
120
-19
92
101
142
149
124
17
27
-267
19
-212
96
-55
-225
266
-130
-97
250
-55
-101
25
58
105
84
30
-32
189
20
-63
19
249
94
45
-45
-73
-179
-3
229
-7
231
6
-256
51
-64
13
45
-126
-85
-267
191
-10
68
48
-248
10
-94
102
153
64
-59
69
-122
-94
-18
-198
-32
79
-59
25
282
-293
164
-52
55
98
-107
83
-202
201
-168
54
64
70
79
-56
-30
-105
-36
243
107
152
60
-338
-118
67
283
-53
183
68
-128
-287
-215
172
137
-239
47
48
-48
-200
-60
83
191
-45
32
39
-46
-1
20
-52
-96
78
-166
-41
-66
290
20
-62
-64
78
-68
22
-79
127
-225
-30
27
-7
-402
106
34
111
-10
35
-38
19
6
31
21
389
-248
-106
-15
3
63
124
106
8
-118
106
48
32
231
-74
-95
120
160
-141
53
-40
-114
-118
-33
168
208
-117
-47
90
-282
-19
297
192
94
-97
-113
-129
-178
-222
144
236
-111
-40
-150
-98
-72
177
120
-138
-102
-88
172
-275
57
-14
-118
-65
112
226
-155
-201
204
-325
-131
-171
-12
227
44
-396
-34
-75
-87
-85
82
-37
229
89
-113
1
160
-128
-25
-2
-95
63
190
-90
-2
-218
42
18
-208
67
-77
228
-275
103
-82
-276
7
-59
56
-29
-44
-114
57
-181
145
19
-41
-137
-156
75
10
-49
198
162
-46
-3
-92
-233
225
-13
26
12
-110
35
-263
-52
52
-28
44
-198
277
19
-10
-84
-72
-159
-67
147
140
114
-173
291
82
46
-22
184
25
-90
-31
-129
-235
5
64
-37
160
-85
-289
-128
-354
312
1
177
101
184
-103
98
-96
-241
-44
-138
-68
64
2
110
88
374
-47
290
-39
-59
-51
18
-315
15
75
77
0
-49
208
-105
-12
-75
-216
1
-130
-10
185
-56
32
-27
17
-10
126
-113
-123
-226
-50
-191
-130
101
51
240
276
123
-146
163
66
58
134
-35
133
48
17
229
-8
45
86
-269
198
-137
9
-56
-24
-114
78
268
-92
-180
-178
-199
-12
-52
151
-62
-186
64
-23
-202
192
206
-40
34
-68
-8
-219
-59
-20
18
146
22
142
-48
-68
2
195
56
312
67
173
0
-148
-99
228
-73
-82
-124
204
-158
0
356
-40
69
120
235
-532
380
-43
24
-1
46
-125
-176
-43
22
-154
127
235
-253
-195
277
149
241
200
201
137
232
-195
54
122
222
-33
424
20
-59
349
282
195
65
-231
100
175
78
-26
-317
-155
-198
-147
-213
-82
309
29
-178
210
-207
122
-68
268
451
-255
109
35
-15
29
250
59
199
109
-60
-131
200
477
151
187
-39
160
-37
156
12
4
-8
138
-27
-4
-1
-9
215
193
-41
-120
-131
78
-86
-329
-10
-57
-21
104
29
-191
-82
-199
150
-180
29
98
-9
125
-128
48
26
134
-3
-117
-151
180
-7
-25
-48
312
59
-190
58
275
-148
33
-53
35
132
138
39
110
4
294
-116
-20
261
210
-171
-71
214
47
21
161
245
7
87
48
243
80
128
-170
-219
100
19
-38
-162
-63
57
102
-11
91
129
133
-123
174
99
-346
48
71
-135
-50
32
24
-22
-185
-32
275
-193
-85
16
56
-98
-23
24
-43
210
-170
52
55
-56
166
-250
-15
68
-360
19
-114
40
264
-69
229
20
-212
55
-159
-145
108
113
213
116
-117
77
371
140
-30
77
82
364
63
144
139
9
34
144
180
24
-18
115
165
120
91
59
-55
-16
-112
149
-38
-164
165
182
-198
-7
-152
-145
234
-186
102
153
180
20
61
-113
95
153
-1
19
154
-154
108
-78
6
-58
72
-1
-51
35
75
-130
-33
-63
209
-134
274
120
214
-150
-114
154
191
-310
198
-5
-102
-195
-29
221
32
-16
-305
-257
66
-33
114
-39
-158
148
-143
-163
-195
228
-1
-74
53
-65
-92
-79
-104
-74
15
-322
170
113
-171
-318
-3
92
-115
-68
-75
-58
68
-94
152
65
-28
-179
291
-206
-47
79
-8
-125
-1
-162
-72
-156
-103
44
-132
-268
192
46
-170
5
67
245
-81
-81
139
-30
-114
16
-357
356
-116
-220
108
144
180
-158
-60
-107
-111
-23
102
-160
186
160
-43
-23
-49
20
-22
-33
50
127
-135
-66
41
187
203
-37
-147
-256
45
-98
174
208
-106
-72
-191
88
47
17
-108
114
34
-30
-103
-76
23
56
-33
-156
-311
-21
-34
218
-188
41
42
187
31
-100
-92
169
-358
98
-55
-71
128
19
-122
-30
-130
-54
84
-81
56
-43
261
-79
376
-138
133
-102
-14
-205
35
-79
-18
-65
-167
-10
-210
-13
45
101
-35
75
-151
387
-53
-75
-101
71
-119
227
6
164
-24
254
-176
70
-38
-94
210
238
18
151
16
-34
105
-3
55
-16
217
40
-142
-199
380
29
190
-45
160
-273
178
29
41
-193
-139
77
76
-225
-27
-138
110
-120
46
126
-107
13
2
-36
-71
-241
170
-49
-124
-46
-452
48
-114
-150
270
-4
-202
-86
379
-98
-122
-292
12
-166
62
161
108
-13
155
200
-24
108
105
199
120
337
-75
65
-124
-56
188
79
-31
41
-20
24
164
36
-30
13
33
-70
149
-110
-141
132
53
41
-242
175
176
21
189
-216
-99
-103
193
-258
80
-43
-151
63
-211
295
-61
-35
115
208
61
243
-54
-121
91
410
-69
-170
-260
-221
-102
-117
72
-412
47
117
78
205
52
12
98
134
-34
-12
-52
8
21
55
85
-21
-254
75
55
407
30
-37
-147
-213
193
20
18
15
88
21
1
-177
355
25
-185
32
-91
-176
129
120
-538
-165
45
165
203
94
-168
74
119
-27
52
49
8
28
-122
-150
-206
46
-61
293
-105
104
204
-150
189
-117
17
-230
207
-282
85
-149
178
-166
252
-40
-179
99
62
40
135
-180
136
-51
-56
-75
-6
-160
-237
-257
-101
-97
-89
-191
108
210
128
5
156
82
-69
-120
-86
129
-146
294
-3
64
-76
-56
20
-38
-102
-73
190
-194
-180
-55
-159
106
139
226
-222
35
-7
36
100
206
-80
5
297
70
-16
-136
43
-121
20
-33
13
199
92
79
-30
-9
90
-38
100
115
-118
3
67
171
-209
-54
-1
-87
32
66
-188
123
47
128
-54
73
-57
23
-95
-25
239
18
-89
-317
-78
-57
-391
79
233
-170
75
-117
34
-176
89
6
65
-134
-158
8
198
-43
-15
408
33
-187
-66
-107
-15
-127
10
46
108
-99
65
12
-129
-140
180
128
213
252
83
-54
-19
-79
144
38
98
-198
-50
-130
-264
-29
-165
-52
16
42
134
-183
-178
132
203
86
-49
70
-71
-60
-14
17
-337
238
17
-30
-166
-60
-173
12
-206
59
3
-291
-107
69
57
-29
42
343
-141
-274
-79
100
98
-153
-63
-186
-171
3
-337
240
-212
68
-281
-73
41
92
-152
-231
-98
-46
116
-34
353
98
-113
-39
39
131
-192
-89
-300
5
-434
186
132
-65
-171
46
-296
85
204
301
24
-123
-69
-175
-129
-68
-111
75
54
120
140
-91
16
-54
230
381
-124
192
-137
-229
-181
99
322
-73
-26
173
336
-35
-120
-174
-79
-97
-80
114
34
-337
28
182
-18
-110
-145
168
-315
6
193
-171
121
-299
66
47
191
26
198
151
43
322
244
135
101
58
-218
-139
46
-314
125
12
52
106
33
-129
139
130
-244
51
36
-7
-39
-3
-90
-23
-18
115
81
258
91
-2
-147
123
220
-95
-76
-16
243
-2
52
14
105
-156
-142
31
158
359
-245
91
-16
21
61
-78
-104
-6
-33
59
74
-136
168
-59
172
55
-96
35
170
-68
39
-125
-137
-53
204
281
97
-22
-59
-289
-8
-163
136
-149
-20
127
300
116
193
199
-15
-175
-128
78
-256
42
-87
-100
-174
-210
202
-48
-281
-121
-85
-116
-167
20
-64
235
-2
80
-324
-144
-181
13
22
-137
-9
-102
14
-113
222
-77
-259
-168
78
-194
-258
-106
7
203
46
-110
216
212
-313
-24
113
47
172
-155
-81
-43
205
-186
-3
-26
-77
-25
-129
88
-7
-46
52
-166
187
-14
-76
107
-91
63
-315
-167
-27
-109
-10
-124
14
87
75
168
-54
-199
70
28
-55
10
39
146
24
63
127
200
16
-12
-63
-255
50
-53
264
28
-213
-31
309
8
-190
-65
46
156
17
24
275
-153
178
75
172
-16
-175
-49
5
-73
173
61
-162
44
193
-19
-190
-119
112
-161
-38
82
137
9
1
-107
34
237
-78
-343
7
305
84
0
-23
6
-13
46
-43
-194
25
-201
-218
-137
5
225
94
-48
-155
-44
75
52
-94
42
2
-47
236
47
70
163
59
186
-36
103
42
63
-167
80
257
129
-121
-114
8
46
-8
170
-66
108
-9
-15
-30
-54
-139
142
24
52
-64
-73
1
164
39
236
83
33
76
188
108
-113
175
-9
147
-204
212
-110
41
269
189
5
-164
-258
-30
-16
-17
-1
162
75
-8
-194
-179
403
-102
87
-255
-152
144
56
-98
-15
155
67
-40
134
54
-174
-38
-223
-110
-154
166
113
-93
-147
-87
23
29
-149
-142
43
154
-18
228
-72
288
-66
-91
-229
-60
-106
-193
-13
-55
63
-233
20
81
-55
-47
-205
361
-282
-22
60
-226
-89
-70
214
-112
-201
161
-160
-69
-109
182
-301
19
138
-262
-160
-239
175
-68
-7
-3
46
-108
166
168
12
-87
-161
-176
-35
191
73
96
13
238
154
144
87
4
-1
-9
-31
216
126
212
-83
53
87
-14
-239
63
43
132
265
167
-106
-97
94
30
-219
-96
170
246
123
3
142
153
119
-146
53
273
-83
-134
-30
-149
201
-219
116
-165
-140
-18
-60
-32
-86
-58
-243
-53
-217
78
-104
10
104
14
8
106
238
-405
-225
230
-14
-193
165
-52
-81
-29
210
24
388
170
-167
-110
-71
-252
1
216
-31
16
-26
-138
69
-130
-292
92
-15
-40
-362
-35
86
-52
-42
-158
-177
-163
-94
1
-4
-134
66
82
153
113
-194
86
186
-134
215
-250
225
-124
28
204
1
-143
-32
-12
-196
86
157
-33
296
-102
-7
47
-23
21
24
-89
41
45
-9
-27
119
196
0
-89
-152
-180
39
-38
-96
227
-186
-5
-111
216
-211
152
56
78
-144
30
301
-104
-40
-77
28
8
-122
139
51
17
-70
72
-194
-56
-85
197
88
-72
118
154
183
-303
-170
-46
-342
-11
-5
159
82
-186
296
152
425
-281
263
196
302
-27
-266
105
146
87
-73
130
-323
103
-20
104
327
-101
-50
-85
-78
151
-124
-65
-354
-179
-12
68
-19
-15
61
58
-76
-149
-231
-99
143
-91
30
-294
114
-114
-51
-97
-77
139
81
85
-171
-65
-127
-135
154
340
-13
69
-114
21
231
53
-23
-383
1
-34
-11
102
-216
-151
48
220
187
106
-492
-59
-172
71
-82
-66
-66
164
66
-83
274
131
-35
95
170
-4
-51
147
-13
-18
139
-143
110
-67
-241
28
-88
88
-42
49
208
-252
-67
58
149
-53
-77
119
-68
-81
11
-322
-42
405
43
115
28
137
-12
26
-7
128
-112
318
69
109
-97
62
150
18
-4
22
167
51
-15
393
-48
64
56
88
153
-18
20
20
-14
-92
131
-211
298
-55
-86
-211
173
63
36
305
-17
-110
163
-180
112
194
215
-179
112
-38
460
109
55
-127
125
-20
-1
-145
-158
97
146
10
-16
44
89
64
-144
-97
-121
-74
146
-146
26
135
61
-154
37
48
129
196
-123
-23
120
87
-74
91
187
171
76
113
271
105
219
143
216
176
8
-49
-263
241
-217
42
-31
-19
-51
247
140
83
-5
12
39
126
-165
-89
106
31
-137
-27
-63
-58
54
193
213
0
-95
118
163
-96
-84
54
-131
15
23
237
-33
-65
-166
136
136
-93
121
-163
-36
-45
-102
-29
133
-213
175
48
128
88
318
-72
44
90
-78
-161
-271
-36
250
191
79
-280
107
-1
-142
-85
62
-124
15
111
-52
41
-200
-50
25
20
-51
246
7
-98
63
-97
139
-34
-208
7
167
58
61
49
114
36
186
-81
-33
76
-41
-300
-281
159
-260
-217
104
-93
59
-60
337
-166
-105
-45
5
-137
8
225
143
-205
51
202
239
110
-174
314
6
92
98
-116
-93
-78
-77
-154
-133
-31
325
42
-159
-34
-27
-105
-29
-136
18
4
188
-155
26
-18
15
-85
1
265
-135
-183
470
-203
-120
292
-58
156
-24
97
65
-68
-26
-261
-51
-5
71
-208
136
-49
137
29
106
-122
160
37
-39
-132
170
107
88
-190
262
35
-340
-47
-166
-146
112
196
-89
-17
-21
179
58
299
-171
39
-55
114
-75
94
188
161
-130
9
-2
95
126
-136
-145
94
194
-104
43
-278
-46
-60
84
-63
-112
-55
51
-177
-81
135
-18
71
-92
9
59
12
-7
-218
72
-45
-127
-106
141
-114
-110
124
193
-54
-203
172
-126
-21
-42
180
52
187
153
61
39
-50
-88
5
-42
23
111
-96
-102
-140
133
152
44
99
-43
72
-162
98
-105
-87
32
-146
13
141
-22
216
-151
17
113
-66
-62
44
125
-76
-99
2
-114
-100
27
114
-212
-184
138
331
146
-84
-55
-77
7
82
13
255
128
-100
-88
84
150
44
-28
170
233
-31
92
71
-50
-227
-60
-154
327
210
190
336
-236
-69
-224
-28
262
169
22
11
-73
209
-6
-37
236
-203
33
104
165
-51
-19
13
-48
201
-108
199
118
78
161
-213
-295
-63
-175
-71
-86
36
-88
-55
-1
154
-83
-137
-52
-61
-72
-3
59
98
-15
-9
57
-5
-31
149
93
190
-1
131
-73
152
-13
-103
-83
168
-102
-123
-207
-92
-135
273
118
-26
-39
-242
3
31
-24
127
254
10
-169
-240
-125
76
132
214
-351
55
41
-406
-34
172
164
-163
-417
-20
11
56
55
-145
-166
161
-37
-63
26
160
133
-95
-49
-24
16
70
83
-172
-50
-54
-16
-240
-166
220
58
-183
147
-236
33
101
95
228
-17
-98
181
86
-71
7
-4
-102
126
187
-67
-138
68
36
-58
-80
123
277
58
141
-33
77
7
200
-68
-311
-53
-170
18
-60
-4
67
288
-188
-190
-42
-58
133
-323
43
-201
11
-112
0
-318
167
-42
21
-14
80
122
12
248
-208
-93
215
-296
48
122
25
-16
236
194
79
-130
-112
-108
-11
90
25
161
-138
-30
-83
97
34
-21
-175
-7
34
77
94
326
-168
29
-24
30
152
20
-102
-135
61
-175
-183
-72
117
-71
73
-109
51
-39
101
-109
-114
154
-221
18
-158
-85
60
123
-142
-62
-82
-2
25
-313
66
93
64
-331
66
-10
-25
-268
45
-9
-151
-104
60
63
88
198
-154
0
-446
-46
-125
169
-298
96
73
28
-109
-14
100
-28
4
18
-82
-148
-208
366
-288
25
-33
-248
21
2
-10
-172
-42
27
9
156
-5
185
-129
-47
91
308
12
-223
-193
-320
-50
136
99
25
-169
295
224
-274
58
-231
72
65
46
110
51
82
10
330
-125
-139
-7
-71
20
-100
135
-154
0
152
327
-38
-133
-87
-253
-235
135
223
-74
47
20
-45
-95
-13
-23
84
143
75
286
-117
163
152
-40
229
93
119
-76
156
261
-46
211
-38
2
-11
19
160
246
312
62
50
-187
-133
-137
160
268
-103
21
-77
-13
-88
133
191
300
171
-209
107
169
199
14
67
-103
58
8
93
-156
367
-93
236
106
234
67
0
-25
93
-275
-150
17
-2
536
70
13
-106
173
162
-230
96
-99
-53
58
257
-245
-126
10
-155
79
21
109
84
-106
203
6
24
83
67
-69
121
-132
133
77
45
171
259
-116
-44
115
-18
27
-134
-143
148
-266
-95
263
26
-383
135
181
-304
176
-85
-370
-47
-61
-189
72
-24
239
96
-115
332
32
-134
193
-163
-45
-207
31
213
-13
4
-142
-134
-158
91
-44
2
-82
-192
72
-69
-173
257
64
218
-194
181
83
89
-56
140
154
-131
50
-432
72
-153
-159
-253
-22
-15
-94
-116
24
-177
-80
-235
-156
-149
-2
-95
-112
-39
-40
-146
98
-43
220
-77
91
-190
71
-165
-125
-86
40
147
103
-109
9
11
162
-13
-64
82
223
-18
-85
32
120
-49
-163
114
-15
-329
35
-21
-291
21
-144
237
12
114
-27
17
-77
68
-100
151
53
-113
-192
-49
29
450
-493
-178
13
93
-179
-4
182
286
236
-123
-133
-206
76
-247
-118
28
85
167
-37
-78
-64
39
-131
146
43
-29
-102
216
208
154
-114
174
-11
-129
249
-140
345
69
56
-10
-113
-192
-46
65
-33
-127
109
-37
261
106
-213
-28
-129
-97
19
-54
38
144
-117
8
361
-121
-54
246
112
-213
33
-108
12
-4
16
61
-62
199
51
-93
-350
-29
28
-190
-25
-236
-381
-31
33
68
-7
-205
-31
31
198
-105
46
-49
-1
109
-156
1
111
194
97
22
-4
-102
123
81
247
-1
-140
-26
-9
145
-143
158
23
-70
-52
369
143
-260
-92
-15
205
90
-52
-186
25
-222
200
225
-205
-47
27
-8
-24
16
94
54
170
161
122
-108
-117
-5
99
44
7
-235
45
-148
-30
190
186
86
152
39
42
-235
-144
-234
-77
-112
-37
92
-373
101
-33
-153
138
-33
-263
213
-196
27
-169
-130
-108
-157
152
-1
216
-14
-174
-70
-224
-72
-101
193
32
-69
15
-74
-137
-60
83
-237
154
-3
-59
-243
-159
-39
-131
182
-87
-25
-1
-3
173
-61
2
198
-69
-203
88
-155
165
211
-190
-367
-10
-204
-122
176
217
-99
174
136
16
132
243
-151
47
327
18
25
-119
86
146
-78
-249
112
68
122
204
0
-93
52
-71
67
152
120
4
-294
-294
-242
90
-175
38
-74
13
7
41
85
225
-141
-57
134
-4
-187
-116
-215
60
-71
78
74
-167
-212
-103
36
-90
-351
-31
-46
-215
218
333
20
-54
47
-83
286
-56
52
-50
-17
67
-151
31
64
69
-107
35
-107
-113
66
48
-93
240
-76
3
27
-28
-94
-348
-75
-8
172
8
-57
141
-104
110
-89
46
244
232
321
-83
-171
242
91
70
-70
52
165
-91
67
69
-152
-11
134
-74
-17
-234
204
-101
199
69
62
-391
-106
226
-27
61
40
-142
185
-28
40
-35
-167
307
-93
253
-109
238
9
152
132
83
-146
92
100
-121
98
-44
-15
38
55
120
-47
-98
-189
-158
268
-93
-194
22
134
-135
38
154
18
-80
154
156
-58
-96
-5
177
-27
-55
-90
126
-97
177
12
217
137
73
-153
-95
-48
43
-20
99
-118
18
-79
190
-141
34
93
12
166
-93
6
99
33
-131
69
-232
178
161
-70
125
-229
-8
139
-126
-4
-103
53
11
94
-2
119
128
65
178
15
-298
282
87
-36
0
-58
41
149
179
186
-79
-148
-119
-245
-56
90
-185
202
-6
-106
244
266
-134
-149
89
150
6
190
29
-43
-119
-43
-70
117
-60
144
-58
-155
77
-99
-74
-262
29
29
96
-133
131
134
323
19
-21
-11
-111
-74
196
-66
0
89
178
164
128
-45
-259
77
-48
-23
64
19
-50
215
99
-4
-39
403
54
-1
-43
141
244
88
-185
135
55
253
-23
198
-89
129
423
-200
160
445
-154
12
-34
109
-55
-17
209
162
-114
16
79
203
86
200
39
234
-96
107
129
-101
286
9
-84
-195
54
335
-79
-78
-38
-219
30
80
66
-47
71
154
163
218
49
57
7
35
114
106
182
-97
46
-70
-339
-74
-44
69
-7
-11
44
-282
-190
199
-204
109
-234
-79
-284
206
103
-58
-115
-45
-356
87
27
104
67
70
-98
106
-50
8
106
88
88
-87
73
-4
-111
250
10
-50
-57
4
-108
227
301
-147
139
-71
-79
-177
-19
64
-156
-154
-14
166
184
125
-196
84
-157
-167
-182
-106
61
-109
-96
104
106
-19
151
8
-83
-153
227
17
-46
69
-218
173
201
-105
98
-211
119
147
-90
-213
-160
-85
66
-93
-143
42
28
75
167
300
-3
92
-3
-90
-1
42
205
101
27
21
-213
-160
-180
142
-28
-27
103
48
119
70
174
89
-191
-200
147
-205
115
41
110
-114
-132
-70
-9
94
-52
6
-39
-106
-183
-130
222
115
49
73
106
-258
47
62
-132
-74
-124
138
-221
-150
-177
9
-36
34
225
185
21
-138
339
8
86
-160
211
-30
-45
-33
-69
-255
-114
102
87
46
154
-281
-126
19
138
-183
94
-116
417
36
-208
-56
-43
-161
-57
-10
9
-76
-30
-119
-9
106
304
133
37
46
-66
144
-229
216
-2
136
186
-35
-150
91
-223
86
-112
-51
-16
21
-82
-105
177
72
90
-75
7
-220
134
37
-148
135
-27
249
64
-16
319
134
58
73
-55
-192
-159
-15
169
-93
199
-109
200
118
-153
84
161
-59
224
-365
48
31
-20
-214
-89
40
-269
-141
115
182
71
26
94
-61
115
118
-330
-50
51
-189
-397
-189
0
-54
-46
4
-15
-71
95
-21
-89
-5
240
118
-137
43
232
-34
-8
30
66
-71
118
-37
324
232
-340
-130
66
-146
11
91
34
102
126
-150
-141
-50
7
-113
-82
131
34
-156
-64
-64
-185
-102
-56
258
82
112
101
201
-30
-96
-303
-167
-160
41
363
104
-86
-23
67
51
0
-109
-8
71
-63
-39
-30
102
-59
74
330
84
-95
30
117
-254
107
42
-140
-20
49
207
228
15
15
54
-37
57
-331
432
62
-126
87
32
-82
146
179
-130
46
-98
-69
228
367
-107
122
-119
-57
-104
-4
-32
-275
-117
-187
1
-188
-215
-28
115
16
-156
-199
86
198
-13
85
35
-28
31
-80
7
-40
-107
-309
100
-333
160
-148
-83
14
139
-82
230
70
-52
-75
299
-5
-43
-221
-29
-36
-368
-60
-21
-362
-48
-47
-303
-169
10
-178
77
221
-16
-18
-55
7
150
154
-76
453
12
140
89
147
-70
-104
126
-162
109
6
98
37
-119
116
-21
-49
154
-61
-130
-201
197
201
45
-100
8
191
-70
-152
299
-73
68
190
-90
5
-108
-92
68
33
-15
-17
116
-266
-210
165
-57
75
111
178
-10
92
41
163
-3
-175
-262
-107
-69
-173
128
6
223
23
30
-352
-113
-34
94
-50
-95
196
6
78
-513
-142
59
13
-176
-92
-36
-58
173
-55
106
-122
-324
-60
288
29
-153
-159
34
-96
17
88
-144
57
-288
89
6
-259
-218
-68
-245
42
-160
110
-127
-1
-92
174
-8
-175
50
-62
-74
142
155
-108
-100
-3
260
-39
52
-108
-153
-42
-146
2
8
-121
-52
-32
75
-199
93
76
248
123
83
-79
98
-198
-45
-80
-188
224
254
-69
126
84
-39
96
-6
374
-13
93
-226
-52
40
-39
-127
16
-8
-35
2
78
227
48
103
51
14
93
141
-106
-33
-142
-49
-32
259
167
88
-122
37
201
138
-306
69
-77
-231
108
108
107
18
138
221
-118
-131
59
-177
-77
64
-223
-136
222
37
-253
105
-118
5
-6
164
198
-243
-182
37
-122
107
-27
-134
98
-22
-204
29
23
-169
76
-81
-17
-33
-139
304
-33
-206
153
-95
-103
75
253
24
172
91
-28
-232
126
-55
-27
-119
-60
-87
144
63
141
54
-180
-116
184
54
84
-10
68
-118
-216
210
-320
123
178
-17
-408
175
-21
149
149
-91
244
-89
226
-60
237
-86
-72
113
-181
-104
-229
-55
-188
407
-59
-283
12
156
214
-34
-26
-43
-152
-98
83
-99
163
50
13
-233
-71
-62
42
-172
53
133
150
-97
-94
158
29
276
163
41
-152
-215
60
48
209
-115
24
-201
-51
-172
260
-32
267
106
-41
48
-9
-42
-56
-38
-211
95
6
-46
48
123
166
-27
5
73
80
-159
-43
111
-20
223
-50
-139
86
-82
-55
166
43
-61
40
-121
-92
-323
69
-223
-63
123
-55
-201
-189
-17
142
245
-333
-60
-12
53
141
-9
63
-110
-130
-193
78
49
-155
-29
-52
-325
-1
-375
43
106
-50
-50
57
-218
143
-29
10
130
-91
192
64
-2
18
-77
192
106
19
-105
-100
-204
161
91
-27
214
-451
-206
-77
32
-73
-344
1
141
161
-223
-143
-135
143
57
-55
-69
-85
-96
-317
-363
81
-136
61
295
-17
128
37
221
-69
-166
-44
295
-83
-97
-143
13
104
93
-21
-55
5
-9
-131
118
-25
-151
133
-175
-177
107
-329
-352
102
-47
-36
138
-306
218
78
331
-52
11
37
-178
-229
-314
-191
-47
220
148
70
109
-402
-3
-209
14
460
-117
131
1
67
2
69
215
177
53
302
-68
61
-75
64
91
-69
-225
-44
43
156
212
-43
-41
-137
95
97
-144
190
159
56
-9
-167
123
36
143
87
137
-143
-292
-306
-127
-103
-198
377
32
181
111
-41
-27
-25
88
-76
-232
-228
178
204
-91
-197
-193
-159
300
263
236
-1
-2
167
-36
27
-78
-63
13
201
-47
-80
0
184
-107
-161
-75
56
111
-27
46
-108
21
89
-76
-206
-176
-2
-2
-123
109
10
-219
37
64
-22
-188
59
35
-101
-237
17
251
179
-147
90
53
57
21
-84
156
-24
-53
16
10
138
20
381
-173
117
-34
6
-162
-67
-48
-156
-134
-90
82
234
135
-67
-260
97
-199
45
229
148
86
-61
-271
110
4
-171
-88
-31
89
165
28
-225
29
-197
49
-1
-70
-80
-26
165
49
384
80
74
165
-6
60
84
13
25
-161
126
6
-134
-87
-18
93
-45
258
14
-141
-24
14
-25
254
-42
-66
-97
22
-106
-292
-289
25
-20
-93
-71
-68
-152
63
3
1
227
-52
-193
9
-132
-53
155
-35
160
133
-291
329
109
185
399
92
112
84
243
-68
33
93
-54
57
-162
-75
-252
-111
-127
26
81
378
7
179
127
-38
-9
-13
-270
66
-167
40
-80
113
18
-71
-77
-36
-157
315
-317
345
-133
10
21
59
165
-216
17
19
116
-2
-139
-282
10
-115
-95
4
-31
-64
61
88
208
213
-43
73
-29
142
131
-262
-127
23
-5
97
-13
92
22
211
-53
-139
-314
-386
187
-144
-68
-64
-69
276
27
-274
446
198
41
129
201
-35
-39
-74
319
70
322
-152
-198
-157
-10
-62
-129
35
-157
76
-43
-95
-125
-57
-147
-125
69
-12
3
142
62
51
41
191
-85
-112
55
216
265
-117
-167
203
121
124
-59
-103
-194
63
24
131
-190
-72
-145
-60
116
-222
87
-139
75
76
240
-118
-94
-156
-28
172
-205
-77
-17
16
-132
17
357
31
65
7
166
-2
-177
-52
-212
49
30
-40
-96
141
105
100
-73
-105
57
-160
-163
-104
-103
64
197
-41
-156
-48
-59
174
36
-41
4
-221
128
-82
36
178
20
46
-85
40
99
296
-44
-177
137
160
355
62
90
-306
-196
-208
78
311
105
-27
-93
72
-183
-179
-95
-171
-158
110
36
-381
350
-285
-25
371
-206
-56
6
70
-120
-155
65
164
-24
-28
-17
-100
77
39
60
-54
134
-280
147
-17
227
-203
-5
7
-25
-133
-266
-20
-13
-68
225
44
-73
27
81
135
36
146
-58
176
-142
121
-36
83
-119
277
120
83
7
-262
110
8
-117
280
-6
-105
-141
-71
62
10
9
13
116
45
255
-50
-194
-70
-46
-53
-35
144
206
-43
-173
-139
-198
-35
79
47
12
152
202
-81
-104
74
130
90
309
107
-158
-121
-253
66
39
127
-324
161
106
131
150
170
-22
-80
120
-59
15
-190
62
-74
36
-42
-294
-83
188
65
-131
-168
20
22
164
220
-95
56
37
13
72
-147
9
-34
101
37
-132
-12
-181
-298
120
195
108
104
-26
-113
511
-93
200
-31
-165
-100
-55
-317
59
111
-17
-79
6
172
67
-132
-9
61
86
-49
-153
6
-71
106
-76
40
-112
-33
7
32
-239
-65
192
119
-123
-307
39
-144
98
237
-138
57
111
101
243
257
-155
112
17
194
103
-125
176
108
-1
-179
-39
-228
44
234
-36
124
51
-65
246
134
142
-111
72
33
131
-20
-97
-104
-60
188
233
-191
-162
-17
110
-171
-439
-29
-99
244
192
-183
224
-230
125
-162
221
64
-4
345
239
-26
110
159
73
-213
57
-255
-119
-246
155
-40
-133
-35
191
-71
-113
137
-66
-59
142
-67
20
223
36
37
-217
-53
74
-116
143
151
84
197
-202
83
74
-71
2
-75
-213
71
-133
-150
110
204
84
60
-96
75
304
345
56
64
29
-16
220
-257
19
62
146
-37
57
6
-147
6
-215
317
133
-344
-160
13
-43
-7
118
159
148
-53
-436
-116
-286
-115
-18
84
-181
-114
-181
-1
-46
197
-105
-280
-289
-142
182
-67
251
-48
-34
-86
-185
223
43
79
116
45
-54
-95
6
-146
332
-183
-11
71
-44
-84
-105
221
128
-167
42
-33
288
-176
124
-270
-116
-2
-115
24
26
130
-180
116
-51
216
64
139
-1
-15
-240
8
227
-182
26
8
-152
-50
0
-128
38
-379
-249
-8
-140
232
-75
350
-5
-46
-273
174
-91
207
126
-194
-9
1
-96
89
48
-14
-30
9
-62
-225
97
-257
62
-13
65
88
39
-92
60
-14
84
-47
118
284
-201
-126
108
-222
228
242
-79
-57
-30
30
161
-3
-119
-71
-300
232
-90
132
31
-130
-128
235
-286
250
-34
82
-297
42
59
194
321
52
-152
-44
135
154
94
126
-120
-278
-181
-50
70
-271
28
36
-46
-128
-10
106
189
25
58
-75
104
-142
163
-2
62
-96
10
181
116
44
69
-20
-25
278
-148
228
-126
196
-111
-162
-77
-265
-72
-180
126
29
262
168
215
-17
133
-94
111
172
76
-16
-70
53
-34
25
22
-361
-36
-57
-65
-121
133
111
-88
-207
35
-45
38
-95
-110
-99
-93
-95
170
144
-5
-155
55
-47
140
-96
-35
264
14
202
-188
-55
149
182
10
-85
-237
-108
341
237
95
-161
-326
134
-61
17
73
-54
-49
26
120
-115
30
-111
244
-101
97
190
135
-295
-25
141
-9
38
133
59
-71
20
47
51
-239
113
-67
-75
-217
-223
186
-166
-16
-271
206
79
-172
-346
122
307
-294
21
80
154
58
-100
167
149
85
-268
-15
-74
32
165
-141
124
118
144
-318
-73
23
-151
-81
-35
113
319
-54
-54
7
34
-101
23
114
-121
-179
-232
4
49
164
39
142
191
25
-79
-5
163
-145
-473
-52
246
-131
45
284
24
72
43
-230
-20
-262
-34
292
-129
-124
-252
24
-135
-204
318
-97
136
9
-131
112
42
33
-80
92
112
-101
151
-33
69
184
7
128
-71
157
-72
-402
-146
-256
-143
185
-116
148
-126
-141
42
-52
21
222
-71
180
-50
65
-110
255
105
-17
232
56
-300
169
-154
195
83
94
40
-52
73
7
106
-239
15
-101
-4
-144
-314
-137
-337
-166
-248
48
-100
26
97
90
-29
242
116
-166
-74
160
-12
190
62
-120
-49
-67
200
-157
156
86
95
192
-124
-110
-52
-14
8
109
-28
-203
-116
-281
37
124
-97
142
-115
80
-95
114
159
185
-134
-127
-48
-148
101
-220
-78
122
65
104
78
-23
96
-65
-179
93
-113
87
100
159
109
-73
-114
187
77
-96
91
-43
-144
114
-157
-56
-137
52
33
-83
-60
-79
164
-118
19
-69
-92
130
-184
36
-170
195
174
16
-75
215
-89
-176
255
98
77
-217
144
18
-202
139
271
55
64
52
-192
18
276
240
-151
-175
72
294
143
328
39
213
-47
81
-134
-160
121
-8
141
32
48
169
17
164
22
71
-211
26
-116
218
16
-188
-33
-254
-373
-216
-84
-120
-19
121
-90
-95
-101
34
229
-79
232
-194
63
-124
3
130
78
-131
106
27
-200
-55
-87
-74
19
172
70
-24
-40
203
171
34
-35
113
-55
159
-237
-200
135
-47
97
-43
114
-107
90
51
43
-60
119
56
252
176
50
-22
-221
61
-3
-35
-252
121
257
156
-165
99
-19
101
125
-11
1
107
-168
98
198
-143
-276
-40
168
-146
14
-186
19
52
249
-69
-271
-230
-75
-85
-41
30
-203
472
-89
-19
-25
-299
-17
-164
-219
-15
71
24
-179
-61
77
-171
-6
-158
-9
123
165
89
135
156
104
53
6
126
-50
-193
161
-46
-74
137
8
-85
-108
-92
158
-161
-110
-102
72
-112
186
-251
-95
169
77
96
-216
-212
-61
-22
-185
70
-91
96
147
-28
113
-259
213
55
-63
-11
-35
48
-220
27
-29
-136
-50
149
-29
71
-83
40
-6
14
-14
3
72
-55
-75
-30
35
-93
-89
118
22
158
45
-177
120
105
-41
95
-79
-50
16
25
-50
-100
68
15
-14
-217
-166
-189
-42
-60
-80
-228
-183
-35
96
-201
-3
-36
-35
70
24
-268
-30
-278
-38
71
-267
-173
222
-134
-98
-46
-73
-81
-14
49
-13
-123
-251
-187
59
67
67
66
189
-257
37
-55
4
-72
-16
-149
-75
-60
74
169
71
235
124
11
-83
-158
-75
-48
-80
84
-205
9
214
-124
162
366
190
-44
174
51
205
47
-172
-123
48
-98
-13
-129
188
205
208
-121
130
140
133
-51
-54
15
47
-103
178
-163
217
-188
-212
180
145
50
200
-129
214
85
-153
52
-9
-276
124
-101
27
214
398
45
-23
-209
-173
155
-78
-172
-59
-64
-193
-96
264
8
-43
296
201
-68
-235
-35
33
-99
97
-41
145
35
28
-52
31
-80
11
-142
-254
-112
8
169
73
-120
-34
133
82
-243
47
75
41
-130
260
88
110
-324
-198
-197
99
34
211
-38
-79
-121
90
-144
108
-159
216
-173
-32
-113
148
37
-3
-160
-1
50
51
-40
191
-21
80
171
-96
-118
-31
17
25
-21
-15
-52
-64
66
-199
-160
-142
-195
97
-152
-113
-349
189
-105
-210
15
155
-309
75
-45
116
142
-346
338
72
28
223
252
321
140
7
163
62
-72
-160
20
34
104
-95
94
5
95
-136
-82
150
157
75
73
19
6
195
-108
-173
-114
99
-217
-224
-247
120
60
-169
60
-66
-157
-149
-140
202
37
10
-124
-163
-111
-205
114
48
-15
48
175
-60
29
-208
-65
-21
-134
-40
-113
-70
-115
175
-220
29
149
22
-136
15
-269
110
21
-240
-52
119
80
39
204
129
184
252
111
-118
6
-185
-5
53
326
-152
40
38
-32
149
-119
-45
114
167
-84
-212
-165
27
-169
-71
65
90
-92
12
-240
-56
-68
176
-63
152
144
-29
-241
-333
361
136
-297
73
-22
-254
90
-88
93
71
-14
102
-25
75
-231
-64
16
313
-151
64
156
-119
72
-236
19
-107
-74
56
-75
-145
85
-146
116
200
182
-38
65
-51
-95
123
-76
-218
-298
-31
-22
-80
107
88
31
75
-123
108
167
-139
12
55
-144
114
52
27
-66
140
156
-91
-67
117
103
-29
24
-38
-121
37
137
-2
30
-65
-66
128
106
-139
296
-153
-127
6
-169
-33
-201
163
-120
-84
-30
113
192
-84
63
6
42
207
-23
-206
-42
126
-28
93
-38
154
-24
105
167
173
146
176
177
121
-159
-46
-161
-18
-162
104
-45
-134
-127
0
-153
55
-16
22
-137
114
-132
-37
-86
-3
140
-337
-190
189
60
234
-236
-12
-137
-35
80
36
94
-158
-364
22
-65
-213
-18
-270
61
-150
32
28
-87
-219
-331
167
-146
92
-89
44
-72
145
-205
313
-45
109
-123
97
-118
-161
-54
75
166
-192
171
-193
-3
-186
-116
83
-121
55
338
-87
31
-230
61
-64
-69
21
16
143
188
-26
-192
-89
-271
-15
252
177
-20
-166
124
244
127
178
58
-34
7
-76
19
-76
-226
166
51
-90
-66
41
-118
-63
-81
189
-235
-163
80
202
-8
176
18
-13
-75
-255
-156
-98
6
137
147
113
-355
40
-217
-43
112
-197
-73
253
-45
-6
-158
-53
-33
42
90
-285
238
-24
88
-123
-238
-123
52
195
171
-71
5
61
232
24
88
-260
-153
317
-142
-225
9
155
68
-99
159
-124
-180
76
-89
22
164
-39
-13
155
10
49
158
21
-65
94
12
32
52
-43
-120
19
11
276
102
-141
-16
12
-23
52
-179
86
6
-3
-121
-86
34
-7
-125
-68
94
-25
51
8
-160
263
-33
24
278
343
-51
176
24
117
10
-132
-55
-27
-227
-128
-161
174
-41
-132
-104
59
104
-181
-161
-108
-62
-166
29
-49
-116
-93
329
152
-14
-98
-294
168
31
-218
122
-230
-80
-17
43
127
150
49
-180
-50
-63
41
232
73
174
290
406
1
79
-3
-238
-117
93
-32
102
200
189
112
-37
49
-196
97
119
69
4
211
-112
298
186
-47
-14
152
-115
134
28
-105
-203
-88
-119
117
-34
-42
249
-58
132
-15
-299
98
-19
-38
-50
-143
138
127
-87
-183
-155
56
-73
-60
146
-18
-36
183
44
116
-177
-149
-221
-186
52
35
-120
-58
211
-258
133
-183
52
-36
117
124
177
-52
120
125
-118
-81
11
-163
104
188
-215
-78
-75
26
231
63
-303
-6
-64
255
47
-317
238
-236
92
116
290
-22
-223
220
2
-87
181
-80
-54
83
198
180
68
-179
-168
-317
-139
-45
124
-156
186
235
-8
53
-207
-95
113
-30
23
343
-50
-29
-168
57
62
-98
-89
-111
-33
-82
-125
-154
-77
44
-348
-78
-74
-128
229
88
103
32
-88
-247
-215
-74
-32
