50 100 169
0 0
0 7
0 19
0 45
1 30
1 39
2 9
2 15
2 30
3 0
5 14
5 17
6 15
7 3
7 21
7 25
8 9
8 10
8 17
9 0
10 49
11 35
11 37
12 8
12 27
12 43
13 28
13 48
15 1
15 15
15 22
15 31
15 34
16 7
16 18
16 29
16 42
17 1
17 43
18 11
19 12
19 46
20 25
21 7
22 1
22 12
22 23
22 43
22 48
24 1
25 34
25 44
26 7
26 29
27 28
27 36
28 20
28 49
29 25
29 27
29 44
30 35
31 15
31 27
31 35
32 29
33 1
33 9
33 16
33 39
34 3
34 21
35 24
35 42
36 13
36 46
37 3
37 8
37 40
38 5
38 33
39 17
39 35
40 20
40 29
41 20
41 36
42 15
42 16
42 20
42 34
43 19
44 13
45 22
45 29
45 36
46 21
48 35
49 1
49 29
43
0
37
51
96
86
6
67
88
9
97
2
20
16
19
50
14
74
84
38
46
61
30
87
42
78
23
45
68
29
5
92
62
89
48
44
47
1
13
82
21
76
40
79
26
85
18
31
56
94
98
70
77
39
36
41
64
71
7
28
58
3
57
22
52
55
32
10
4
27
49
66
8
90
93
81
69
80
34
25
83
35
59
72
33
65
15
91
95
54
73
11
12
75
24
53
60
17
99
63
115
-22
-474
-100
-142
81
191
-175
119
222
-34
-160
-23
169
-310
160
9
-205
7
260
-96
25
-147
-212
113
161
-250
-81
109
-171
360
28
12
86
-102
194
36
168
154
125
223
-196
-90
195
50
101
32
-99
-233
-285
262
135
241
-90
-55
107
-112
-190
-140
-24
180
-239
-40
219
59
-28
100
98
-26
93
46
265
60
5
-12
128
-120
79
67
29
280
326
248
84
164
35
-164
216
137
103
-225
160
-83
-127
28
-66
-240
253
26
-95
-204
-196
7
140
50
-36
230
-49
-180
-12
-133
-128
124
-39
335
-131
-314
24
-124
0
90
-143
-93
95
327
25
165
264
178
10
-86
198
94
-234
146
-159
119
-61
-229
-154
107
-85
221
-42
99
54
-44
163
-53
163
-4
202
-12
86
103
70
224
-181
-146
171
74
-9
449
77
173
-39
-82
167
-119
-332
121
105
24
-48
180
-131
316
-18
139
44
17
229
-141
41
-16
10
-189
66
212
-104
36
91
-42
-203
-40
172
111
134
-79
34
81
178
121
-47
45
-149
-136
47
-138
83
14
-18
-148
-118
-250
-53
-115
-7
17
-169
109
104
-279
39
18
-5
54
3
-398
-87
-183
214
413
-73
-243
-161
-381
-39
-2
-85
-400
-65
-389
-222
-87
-84
32
75
-181
-236
119
222
246
-54
261
-221
98
-48
-217
-72
-118
-281
-21
-115
-176
43
-42
104
-165
-70
-6
-67
-160
-183
29
-41
84
94
-45
-178
10
283
95
-11
-70
153
249
62
185
-52
223
-217
-78
-92
39
-158
-64
-187
-223
-250
-97
235
-190
-204
215
186
-7
173
298
-48
-319
-68
-228
-46
-22
33
385
125
-45
-39
34
388
342
181
-35
-139
-117
137
-22
205
-100
-313
-138
41
281
-7
-77
0
-91
-291
115
13
355
63
-75
-96
196
-181
20
-140
132
121
49
-194
246
-40
145
73
-168
-111
153
-34
69
197
76
-145
71
-70
-162
-45
-267
84
4
200
-319
72
85
60
2
1
125
-144
-16
-126
185
-125
272
124
-188
20
31
-123
274
-116
193
424
99
-3
200
63
113
-112
101
-205
30
-47
-233
-281
17
-158
18
4
-62
229
23
-50
-261
-71
-96
-130
15
23
21
-125
-186
119
-5
-233
-271
-133
-197
-202
85
-47
-190
-50
7
83
223
278
-248
200
120
-180
-1
68
239
-129
3
-50
-91
-18
110
-53
-289
-1
-88
-65
304
-300
-282
55
143
18
56
-248
-214
6
177
-299
92
118
148
-100
26
-80
-62
-27
-3
80
171
68
-113
-37
35
22
-277
-61
-31
205
-144
43
61
55
23
130
-96
-57
14
147
-11
-112
157
-62
-204
185
64
72
-16
36
134
-173
-108
-33
19
-113
73
-186
-145
-107
247
97
21
202
-112
-101
-74
-116
-100
305
74
17
1
-74
17
93
202
-20
76
295
259
-179
-22
-36
-98
120
-54
219
232
-159
-44
48
512
14
-324
330
229
-85
186
-29
237
-101
31
-21
70
150
-245
-15
-51
119
134
32
90
-6
-160
25
-163
180
-240
-6
71
89
47
250
59
22
46
-97
142
-14
6
-95
12
82
206
-67
-35
104
12
-14
189
-300
-155
51
-73
-457
-155
-87
-106
261
-219
-174
38
-167
-85
-284
195
-149
111
-239
177
8
32
-22
393
-48
-212
-271
471
39
93
283
-20
226
-321
7
-321
-69
1
-69
166
522
-98
-390
-71
172
-47
-158
166
77
0
-154
-172
-110
72
301
152
-17
326
160
-147
-15
162
-177
-230
-43
59
-2
124
-146
26
-103
143
-100
332
75
-82
-82
48
128
257
-44
15
-105
130
12
203
-289
247
129
484
29
145
241
167
-203
-339
72
88
-87
278
45
58
307
3
-56
187
193
-119
139
-137
-148
118
-90
1
-73
-15
-279
22
-115
274
-144
133
15
247
-80
173
35
176
329
129
14
-241
209
-129
-11
26
215
-22
-88
50
336
-18
-128
-384
-139
194
-28
-505
362
200
105
3
164
-473
60
-262
158
-6
-62
-181
-3
-46
12
4
140
143
234
192
47
-366
49
18
120
-212
-374
-29
50
-258
-6
379
-98
91
-180
122
29
-264
-112
67
-91
35
43
35
-185
195
109
69
122
-332
84
-47
-1
-273
152
32
-171
362
275
251
108
-135
140
-49
-195
128
174
-101
119
40
-193
-24
-196
8
69
206
217
23
-55
44
-173
184
-118
-137
-143
-4
77
-137
101
202
-163
-127
42
-7
258
-138
9
-103
309
207
-85
56
-38
250
-69
29
-93
-80
-80
-20
-5
-131
236
114
-250
110
379
15
-223
-89
-467
142
-47
24
-9
383
-178
64
58
64
-25
-39
57
-181
-74
-202
-116
153
-258
-241
-21
102
67
193
-9
73
17
-20
101
-247
138
112
-112
44
-109
-28
-78
-279
-116
-98
338
40
-54
133
127
242
-26
-138
97
-145
310
227
105
48
137
346
103
177
-144
-123
372
-209
286
2
-167
-154
-247
-53
13
101
223
-175
-215
145
-38
-83
-6
-229
174
-82
-298
-25
-17
-36
-141
-16
-200
62
207
-44
-87
-87
-90
96
62
-7
385
-105
-31
-117
-54
99
75
389
-147
174
27
-3
6
147
-330
-78
-123
353
-296
-199
101
287
-41
5
63
51
-8
-107
121
59
-221
119
-276
243
117
100
18
-19
-251
270
352
48
-210
-36
377
106
-196
100
34
-100
156
369
155
-200
144
73
-26
-35
50
-117
93
-33
0
33
-160
139
40
-1
-65
-160
-88
-296
-325
-261
-216
-1
212
342
-245
274
137
-47
-183
-93
158
-10
-143
-143
226
-195
47
-168
134
-153
-16
76
13
183
445
472
78
211
30
135
34
200
-84
49
167
226
-108
139
-107
1
61
-168
-361
288
275
-200
156
49
-342
-83
40
-361
-326
211
178
7
-144
-136
-127
-80
-91
-264
-29
230
425
24
199
-201
-170
-177
-210
166
360
-57
91
-485
266
-371
-61
254
-63
-89
-106
-212
132
-88
-26
-101
176
-173
72
98
-161
283
-65
40
36
-184
69
335
23
-164
367
-29
-141
-335
221
95
36
-95
-17
168
-35
134
-181
2
-205
-88
76
-350
20
-159
-32
-100
169
355
148
152
244
-98
154
55
-138
29
-116
14
133
-61
-45
-37
-9
-1
42
-28
10
-182
-161
118
202
-68
-183
5
-160
164
-47
-208
52
-7
-165
62
51
-67
-55
135
-210
-289
-35
296
10
-139
-143
38
62
-266
-206
10
181
-97
-149
-47
-352
-132
139
284
-148
-80
-89
110
437
-175
3
-167
-236
-302
-42
141
86
41
89
-273
138
199
168
146
140
0
-142
119
-223
95
51
42
-104
189
104
-80
-304
-179
367
-45
185
42
-56
-138
145
59
123
19
-116
291
246
-122
-288
-171
-70
119
-198
425
51
-65
3
157
-97
27
-96
256
-86
-17
-275
-155
21
228
166
265
167
-153
314
-152
38
-138
-77
145
195
11
15
-75
-189
98
193
149
54
90
65
331
9
-437
134
-198
-139
67
18
-47
44
-138
130
413
33
134
15
-338
-151
-233
-133
27
29
-102
-73
-61
-28
14
-256
111
-120
114
4
81
13
-351
10
-275
71
58
115
-112
-88
98
-54
248
-234
-39
-167
95
-139
405
220
-62
81
370
-188
-37
128
434
-40
40
25
-162
3
361
-45
64
194
182
-124
-93
-149
-410
-132
-57
78
-8
9
-55
-88
-90
-169
269
148
-196
-6
-12
363
-6
302
-503
-64
-204
29
-350
115
-337
49
189
-78
-228
22
-106
-282
195
-26
107
369
-88
14
-375
201
-286
122
312
1
-60
90
212
123
457
-379
-207
-40
-38
39
-38
14
-244
51
-56
-388
124
-56
-61
15
-28
78
133
43
-337
2
-44
-33
-347
73
63
-240
126
-55
-254
-6
-140
-263
-40
100
363
83
-43
-34
-95
-204
-240
-183
27
-248
2
-164
-133
68
295
196
50
-43
153
-323
171
172
150
131
-86
58
-277
-193
117
73
75
-397
76
48
-188
-86
-447
-130
144
-137
-36
-53
127
-203
105
-48
-232
41
-166
-36
-43
81
117
-106
-92
-142
-44
184
110
151
170
118
-249
108
-138
-187
-33
15
401
265
142
49
23
-270
77
-181
114
137
262
181
72
-357
33
210
229
156
-268
-8
39
-183
-455
-9
-222
-138
365
-61
-120
36
135
-32
-38
-140
25
184
-325
-81
-245
44
-206
14
244
14
-70
-11
149
19
6
-149
-249
-95
9
73
235
95
62
150
-200
161
-141
-205
-17
161
-204
-9
21
75
46
-238
92
-5
155
-53
-27
-100
-203
128
102
138
-312
277
109
-44
360
124
-72
32
123
-105
-229
307
22
-169
101
-66
108
9
-54
19
-33
78
-52
115
-499
175
-82
53
68
86
183
55
176
432
22
-52
-100
-4
-147
-266
79
-65
107
83
-18
-152
66
29
-263
-127
38
303
-187
4
-35
341
59
-41
-281
30
464
209
-59
133
-16
73
50
-78
-114
-347
-125
-73
48
-31
-34
-43
96
298
91
32
80
112
245
-78
-65
104
-98
-142
-247
-18
-460
164
-211
65
-51
-26
-474
-51
-157
-468
83
143
-196
234
106
191
-216
-178
-125
-112
41
-6
223
-36
-164
77
155
285
-231
-183
4
305
-430
181
-308
-170
100
-27
125
-217
110
130
-47
-104
-419
47
-89
-125
7
-106
-212
413
-136
3
-24
44
82
-21
-18
-96
-68
88
34
85
101
-238
325
-333
-147
-70
6
-64
133
-3
13
-316
182
84
146
-117
-57
266
-15
250
320
-151
39
-130
141
459
167
47
2
28
179
173
-71
-136
-170
-163
-379
-244
-235
-167
82
-200
-199
-53
-104
-276
103
42
-479
32
-196
-9
-253
-183
219
-113
177
162
187
-121
14
-170
102
-39
230
-47
-319
7
-79
-89
316
-135
-278
-136
-283
-138
-95
-253
-185
-245
-118
21
-60
-28
-114
95
-117
-21
286
-97
177
-52
81
23
10
-6
190
-127
-90
15
-70
-109
-113
-137
-20
100
-165
-28
-46
122
328
-120
248
92
237
-246
-81
100
-112
-214
-82
202
-248
-62
-142
120
35
-159
85
210
181
246
-316
145
242
-58
190
127
94
-30
-403
42
-225
353
140
-114
321
47
101
-283
44
62
-56
-253
127
-119
115
260
82
-255
26
296
-68
-40
-113
189
238
-278
-265
145
-80
111
31
120
1
-170
-96
-321
111
-180
-98
-143
-200
248
14
-270
-24
-152
-75
41
-33
-126
46
-193
72
-204
-181
41
10
-113
-40
105
-75
-378
17
-5
177
6
-84
107
-145
-69
128
370
-105
-24
-368
-151
-100
6
-55
-431
-106
51
120
31
-94
-643
-41
-28
-220
-296
-116
52
-28
-90
471
140
384
85
-48
39
82
139
-228
-71
-205
-171
-24
-81
-172
34
-257
-141
84
68
-118
121
-138
-204
316
-301
-42
34
-168
184
-50
215
-153
-218
136
17
-106
-151
184
-82
63
45
-45
71
-169
122
4
-126
135
-152
81
-90
84
47
56
-133
335
-217
194
-32
171
162
151
-196
10
-35
100
-269
32
102
353
95
-49
-150
-128
136
-175
156
-140
221
252
3
-336
-64
261
31
-282
219
-39
139
291
58
220
-1
-92
-176
-53
11
-167
-48
-20
85
74
-106
14
-126
285
121
36
218
-1
125
86
-115
-64
-102
-14
-115
247
-54
121
-153
-66
-197
29
-163
-64
-84
115
-170
-120
-117
446
6
-119
-253
-145
-284
-189
123
-10
-155
-48
70
-258
-221
-93
68
-115
-179
61
8
276
144
-126
78
-93
263
-84
239
-166
51
-367
160
-310
27
161
129
-172
-303
138
-253
-39
123
-44
-392
-106
149
225
-49
139
-196
40
-88
37
-68
72
115
-331
21
-104
120
-116
40
193
97
-43
272
121
330
-193
-173
51
206
113
123
95
301
61
-159
18
75
-168
-19
-134
-283
100
176
149
210
9
100
33
77
-194
205
-80
-47
142
39
57
160
-44
251
-112
-83
81
95
-227
359
172
26
132
50
16
221
40
-128
-179
-200
-272
75
-121
-58
78
-125
-62
383
-246
332
131
-202
58
-134
-273
-1
-70
-86
-194
-296
42
-291
-85
94
-124
-21
182
-95
175
-10
19
29
-59
64
-9
-69
180
3
219
87
87
185
44
105
-189
109
269
-152
-65
-58
82
-153
26
-168
208
-159
402
-94
128
124
30
73
146
48
-35
84
-46
39
-48
-118
-70
24
-152
36
128
-230
46
242
217
-48
-293
-7
226
-314
-109
414
-51
-112
-356
199
-24
-137
-51
-307
120
56
-39
129
31
65
48
299
275
116
-324
140
23
2
-181
333
-16
40
85
31
190
253
-321
-88
136
-28
180
-6
18
-120
202
-318
176
149
109
-180
-131
2
4
245
394
264
-92
-142
-40
96
-123
-205
-56
-66
-1
60
-110
284
43
-218
-92
3
194
-207
108
-61
188
178
-36
71
88
85
412
232
-428
52
-216
-134
-14
-46
-212
140
-34
-150
319
-107
-156
135
-131
170
97
67
186
-50
-316
-75
-136
180
-156
-119
-54
-22
45
74
-137
-88
-141
-86
-18
116
-96
62
149
153
31
-234
44
216
18
42
-49
-149
171
4
432
-76
-63
12
65
167
-73
-62
-64
-71
-180
-326
116
-90
-90
-78
-54
-162
138
55
138
212
-73
-375
238
76
225
-150
-296
68
74
248
-104
357
94
31
22
-61
215
-59
89
-18
-71
77
385
71
34
122
-238
208
72
-68
43
34
61
-308
-304
-130
-454
-123
138
-212
-42
-41
291
160
283
-131
112
-257
124
237
179
-92
-192
134
-191
61
177
-161
-67
-35
91
-234
-92
62
-16
102
-266
132
-24
65
-87
216
38
-18
91
40
6
-108
182
175
-130
84
150
-117
249
108
60
11
-35
-125
-101
264
-304
705
115
-12
-45
162
133
-43
21
145
-216
-18
-256
-161
322
132
-9
35
90
9
194
-168
62
196
41
94
165
-49
12
149
-145
33
221
-154
-54
147
-34
59
-145
-222
82
184
-35
-30
-18
-231
241
-228
113
-33
67
57
-94
-49
-30
218
-102
167
194
-171
31
48
104
-60
228
35
15
-125
11
142
182
-170
-10
409
-87
0
-64
-176
0
349
173
-205
94
250
4
-144
21
83
-131
146
86
44
197
-102
141
286
-139
-15
-330
11
-1
145
73
-1
-178
130
-70
-93
-110
-350
-1
520
113
215
-249
-232
132
-117
84
172
-128
-170
-6
-108
29
174
-230
-75
187
148
-17
177
147
226
-176
88
26
231
-147
110
15
-86
11
328
71
72
-29
94
-288
-135
226
8
202
103
-214
-81
259
308
119
69
10
315
121
-138
-149
-69
49
334
70
-19
209
400
155
106
20
-105
-67
-43
-197
-33
136
-159
-96
-139
48
-114
-288
-244
10
-48
-38
-95
77
8
114
100
9
-9
112
-126
-121
202
-73
-264
108
-124
14
79
-85
-63
61
94
-142
-79
169
24
-213
155
62
-45
104
-106
-115
0
180
121
-104
154
24
-324
61
-252
36
-11
-62
85
-317
166
7
104
-20
86
-44
336
-52
-53
105
-76
1
-277
93
-83
-356
13
-87
-280
56
129
-44
38
34
-31
-94
257
-288
-181
-402
193
97
-88
89
10
18
109
-209
-66
-148
190
60
42
-27
46
-136
-109
58
-282
132
173
173
-89
-111
55
-257
49
-85
44
-28
-237
-71
65
-39
-137
-199
-56
-180
10
192
-149
-19
72
-7
25
-219
108
-22
-186
53
148
80
-277
-94
-130
442
-172
6
43
102
140
93
436
-119
-189
250
-299
-32
-215
40
-134
-97
-369
-108
-264
-14
205
-212
240
-30
-96
-10
43
-182
32
222
29
154
160
143
101
130
-309
-24
-49
91
79
151
-15
-173
-155
-588
39
3
-212
167
-121
221
-45
53
19
-74
141
-22
108
119
167
175
146
20
32
-313
22
-249
112
-65
-264
312
-153
-114
293
-64
-119
29
69
124
99
35
-37
222
23
-74
22
293
110
53
-53
-86
-210
-3
269
-9
272
7
-301
60
-76
15
53
-148
-99
-314
224
-12
79
57
-291
12
-110
120
179
75
-69
81
-143
-110
-22
-233
-38
92
-69
29
331
-344
193
-61
65
115
-125
97
-237
236
-198
64
75
82
93
-65
-36
-123
-42
285
125
178
70
-397
-138
79
332
-63
215
80
-150
-337
-252
202
161
-280
55
56
-57
-234
-70
98
224
-53
37
46
-54
-1
23
-61
-113
92
-195
-48
-78
341
23
-72
-75
92
-80
26
-93
149
-264
-36
31
-9
-471
125
40
130
-11
41
-44
23
7
37
24
456
-291
-124
-18
3
74
145
124
9
-138
124
57
38
271
-87
-112
141
188
-166
62
-47
-134
-139
-39
197
244
-137
-55
106
-332
-22
348
225
111
-114
-133
-151
-209
-261
169
277
-130
-47
-176
-115
-84
208
141
-162
-119
-103
202
-323
67
-17
-139
-76
132
265
-182
-236
239
-381
-154
-200
-14
266
52
-465
-40
-88
-103
-99
96
-43
269
104
-133
2
188
-151
-29
-2
-111
74
223
-106
-3
-255
49
22
-244
78
-91
268
-323
121
-97
-324
8
-69
66
-35
-52
-134
67
-213
170
23
-49
-161
-183
88
11
-58
232
190
-54
-3
-108
-273
264
-16
31
14
-129
41
-308
-61
61
-33
52
-232
325
22
-12
-99
-84
-187
-78
173
164
134
-203
342
97
54
-26
216
30
-105
-37
-151
-276
5
75
-43
188
-100
-339
-150
-415
366
1
208
118
216
-121
114
-113
-283
-52
-162
-79
75
3
129
104
439
-55
341
-46
-69
-60
21
-370
17
88
90
0
-57
244
-123
-14
-87
-253
1
-153
-12
217
-65
38
-32
20
-11
147
-133
-144
-265
-58
-224
-153
119
60
282
324
145
-172
192
77
68
157
-41
156
57
20
269
-10
53
101
-315
233
-161
11
-66
-28
-134
92
314
-108
-212
-209
-234
-14
-62
178
-73
-218
76
-27
-237
225
241
-47
40
-80
-9
-257
-69
-23
22
171
26
167
-57
-80
2
228
66
366
78
203
0
-173
-116
268
-85
-96
-145
239
-186
0
417
-47
81
140
276
-624
446
-50
28
-1
54
-146
-206
-50
26
-181
149
276
-297
-229
325
175
282
235
236
161
273
-229
63
143
261
-39
498
24
-69
409
331
228
77
-271
118
206
92
-31
-372
-182
-233
-172
-250
-97
363
34
-209
247
-243
143
-80
314
530
-300
128
41
-17
34
294
70
234
128
-70
-154
235
560
177
219
-46
188
-44
184
14
5
-10
161
-32
-5
-1
-11
252
226
-49
-140
-154
91
-101
-386
-12
-66
-25
122
35
-224
-97
-234
176
-211
34
115
-10
147
-150
57
30
157
-3
-137
-177
212
-8
-29
-56
366
69
-223
68
322
-174
39
-62
41
155
161
46
129
5
345
-136
-23
306
247
-201
-84
251
56
25
189
287
8
102
57
285
94
150
-200
-257
118
22
-45
-190
-74
67
120
-13
106
152
156
-144
204
116
-407
57
83
-158
-58
37
28
-26
-217
-38
322
-226
-99
19
65
-115
-27
28
-51
246
-199
61
64
-66
194
-293
-18
80
-423
22
-134
46
310
-81
269
24
-249
65
-187
-170
127
132
250
136
-137
90
436
164
-35
90
96
427
74
169
163
10
39
169
212
29
-21
135
193
141
107
69
-65
-19
-131
175
-44
-192
193
214
-232
-9
-178
-170
275
-218
120
180
212
24
71
-133
111
179
-2
22
181
-180
126
-91
7
-68
84
-1
-60
41
88
-152
-39
-73
245
-158
321
141
251
-176
-134
180
224
-364
232
-6
-119
-228
-34
259
38
-18
-358
-302
77
-38
134
-45
-185
173
-167
-191
-229
268
-1
-87
63
-76
-107
-93
-122
-87
18
-378
199
133
-201
-373
-4
108
-135
-80
-88
-69
80
-111
178
76
-33
-210
341
-242
-56
93
-10
-146
-1
-190
-85
-184
-121
52
-154
-315
225
54
-200
6
79
287
-95
-95
164
-35
-134
19
-419
418
-136
-258
127
170
212
-185
-71
-125
-130
-27
119
-187
219
188
-51
-27
-58
24
-26
-39
58
150
-158
-78
49
220
238
-43
-173
-301
53
-116
205
244
-125
-85
-224
103
55
20
-126
134
39
-35
-121
-89
27
66
-39
-183
-365
-24
-40
256
-220
48
49
220
36
-117
-108
198
-420
114
-64
-84
150
23
-143
-35
-153
-64
98
-95
66
-50
307
-92
441
-162
156
-120
-17
-240
41
-92
-21
-77
-196
-12
-246
-15
53
118
-41
88
-178
455
-62
-88
-118
83
-140
267
7
192
-28
298
-206
83
-45
-110
247
279
21
178
19
-40
123
-4
64
-19
254
47
-167
-234
446
34
222
-52
188
-320
209
35
48
-227
-163
90
89
-264
-31
-162
129
-141
54
147
-126
15
2
-43
-83
-283
200
-57
-145
-54
-531
57
-134
-177
317
-5
-237
-101
444
-115
-143
-343
14
-195
72
188
127
-16
182
235
-28
127
123
233
141
396
-88
76
-146
-66
221
93
-37
48
-24
28
192
42
-35
16
38
-82
175
-129
-166
155
62
48
-284
206
206
25
222
-254
-116
-120
226
-303
93
-51
-177
74
-248
347
-72
-42
135
245
72
285
-63
-142
107
481
-81
-200
-305
-259
-120
-138
85
-484
56
137
91
240
61
14
115
157
-40
-14
-61
9
25
65
100
-25
-298
88
65
477
36
-44
-173
-250
227
24
22
17
103
24
2
-208
417
29
-217
37
-107
-206
152
141
-632
-193
53
194
238
110
-198
87
140
-31
61
58
9
32
-143
-176
-242
54
-72
344
-123
122
240
-177
222
-137
20
-270
243
-331
100
-174
209
-195
296
-47
-211
116
73
47
158
-211
160
-60
-66
-88
-7
-188
-278
-302
-118
-114
-104
-225
127
246
150
6
183
97
-81
-141
-101
151
-172
345
-4
75
-89
-66
24
-45
-120
-86
223
-228
-212
-65
-186
124
163
265
-261
41
-9
42
117
242
-94
6
349
82
-19
-160
51
-142
24
-39
15
233
108
93
-35
-11
106
-44
117
135
-139
3
79
200
-246
-63
-2
-102
38
78
-220
144
55
151
-63
86
-67
28
-112
-29
280
21
-104
-372
-92
-67
-458
93
274
-200
88
-137
40
-207
104
7
77
-158
-185
9
232
-50
-17
479
38
-220
-78
-126
-17
-149
11
54
126
-116
76
14
-151
-164
211
150
250
295
98
-63
-22
-92
169
44
115
-232
-58
-153
-310
-34
-194
-62
19
49
158
-215
-209
155
238
101
-57
82
-83
-71
-16
20
-395
279
20
-35
-195
-70
-204
14
-241
69
3
-341
-125
80
67
-34
49
402
-166
-322
-92
117
116
-180
-74
-218
-201
4
-395
281
-249
80
-330
-86
48
107
-178
-271
-115
-53
136
-40
414
114
-133
-46
46
153
-226
-105
-352
6
-509
219
155
-76
-200
54
-347
100
240
353
28
-144
-81
-205
-151
-79
-130
88
63
141
164
-107
19
-63
270
447
-145
225
-160
-269
-212
117
377
-86
-30
203
394
-41
-141
-204
-92
-113
-94
134
40
-396
33
213
-21
-129
-170
198
-370
7
227
-201
142
-351
78
55
224
31
232
177
50
378
287
159
118
68
-256
-163
55
-368
146
14
61
124
38
-151
164
153
-287
60
42
-8
-46
-3
-105
-27
-21
135
95
303
107
-2
-173
144
258
-112
-89
-19
285
-2
61
16
123
-183
-167
37
185
421
-287
107
-19
25
71
-91
-122
-7
-39
69
87
-160
197
-70
201
65
-113
41
200
-80
45
-146
-161
-63
239
330
114
-26
-70
-340
-10
-191
159
-175
-23
149
352
137
227
233
-17
-205
-151
92
-300
49
-102
-117
-205
-246
237
-56
-329
-142
-100
-136
-196
24
-75
276
-2
94
-380
-169
-212
16
26
-161
-11
-120
16
-133
261
-90
-303
-198
92
-227
-302
-125
8
239
53
-130
254
249
-367
-29
132
55
201
-182
-95
-51
241
-218
-3
-30
-91
-29
-151
104
-9
-54
61
-195
220
-17
-90
126
-106
74
-370
-197
-31
-128
-12
-146
16
102
88
197
-63
-234
82
33
-65
12
46
171
28
74
149
234
19
-15
-73
-299
59
-63
310
33
-250
-36
363
9
-223
-77
54
183
20
29
323
-180
209
88
202
-19
-206
-57
6
-86
203
72
-190
52
226
-23
-222
-140
132
-189
-45
97
161
11
1
-125
40
278
-91
-403
8
357
99
0
-27
7
-15
54
-50
-228
29
-236
-256
-161
6
264
110
-56
-181
-52
88
61
-110
50
2
-56
277
55
83
191
69
218
-42
121
49
74
-196
93
301
151
-142
-134
9
54
-9
200
-77
127
-11
-17
-35
-64
-164
166
28
61
-76
-85
1
192
45
277
97
38
90
221
127
-132
206
-11
172
-240
249
-129
48
315
222
5
-193
-303
-35
-19
-19
-1
190
88
-10
-228
-210
472
-120
102
-299
-178
169
65
-115
-17
182
79
-47
157
64
-204
-44
-262
-129
-181
195
132
-109
-173
-102
27
35
-174
-167
50
181
-22
268
-85
338
-77
-107
-269
-71
-124
-226
-16
-65
75
-273
23
95
-65
-56
-241
423
-331
-26
70
-266
-105
-82
252
-132
-236
189
-188
-81
-128
213
-353
22
162
-307
-187
-280
205
-80
-9
-3
54
-127
195
197
14
-102
-189
-206
-41
225
85
112
16
279
181
169
102
4
-1
-11
-37
253
148
249
-97
62
102
-17
-280
74
50
155
311
196
-124
-113
110
36
-257
-113
199
289
145
4
167
180
140
-171
62
321
-97
-157
-36
-175
236
-257
136
-194
-164
-21
-71
-37
-101
-69
-285
-62
-254
91
-123
12
122
16
9
124
280
-475
-264
270
-16
-227
194
-61
-95
-34
246
28
455
200
-195
-129
-83
-296
1
253
-36
19
-31
-162
81
-152
-343
107
-18
-47
-425
-41
101
-62
-50
-185
-208
-191
-110
1
-5
-158
77
96
180
132
-228
101
218
-157
252
-293
264
-145
33
239
1
-168
-38
-14
-230
101
184
-39
347
-120
-9
55
-27
24
28
-105
48
53
-11
-32
139
230
0
-105
-179
-212
46
-44
-113
267
-219
-6
-130
253
-248
179
66
91
-169
36
353
-122
-47
-90
32
9
-143
163
60
20
-82
85
-228
-66
-100
232
103
-84
139
181
215
-356
-199
-54
-401
-13
-6
187
97
-218
347
178
499
-330
308
230
355
-32
-312
123
171
102
-86
153
-379
121
-23
123
384
-118
-58
-99
-92
177
-146
-76
-415
-210
-14
79
-22
-17
71
68
-89
-175
-272
-117
168
-107
36
-345
134
-133
-59
-114
-90
163
95
100
-200
-76
-149
-158
181
399
-15
81
-133
24
271
62
-27
-449
1
-40
-13
119
-253
-178
56
258
219
124
-577
-69
-202
84
-96
-78
-78
193
77
-98
322
153
-41
111
200
-5
-60
173
-15
-21
163
-168
129
-79
-283
33
-103
103
-49
58
244
-296
-78
69
174
-62
-90
139
-79
-95
13
-378
-50
475
51
135
33
161
-14
30
-9
150
-132
374
81
127
-114
73
176
21
-5
26
196
59
-18
461
-56
75
66
103
180
-22
24
24
-16
-108
153
-247
349
-64
-100
-247
203
74
42
358
-20
-129
192
-212
132
228
252
-210
131
-45
540
128
65
-149
147
-23
-1
-170
-185
114
171
11
-19
52
105
75
-170
-114
-142
-87
172
-172
30
159
72
-181
43
56
151
230
-145
-27
140
102
-87
107
219
201
90
133
318
123
257
168
254
206
9
-58
-308
282
-254
49
-36
-22
-59
290
165
97
-6
14
45
148
-194
-105
125
36
-161
-32
-74
-68
63
226
250
-1
-111
139
191
-113
-99
63
-154
17
27
278
-38
-76
-195
159
159
-109
142
-191
-42
-53
-119
-34
157
-250
206
56
150
104
373
-84
52
106
-92
-189
-318
-43
294
224
93
-328
126
-1
-166
-100
73
-146
17
130
-61
48
-234
-59
29
24
-60
289
8
-115
74
-113
163
-40
-244
8
196
69
72
57
134
42
219
-95
-39
90
-48
-352
-330
186
-305
-255
122
-109
69
-71
395
-195
-123
-53
5
-161
9
264
167
-241
60
237
280
129
-205
368
6
108
115
-136
-109
-92
-90
-181
-156
-36
381
50
-187
-39
-31
-123
-34
-159
21
5
220
-182
31
-21
18
-100
1
311
-159
-215
552
-238
-140
343
-68
183
-28
114
76
-80
-30
-307
-60
-5
83
-244
159
-57
161
34
125
-144
188
44
-45
-155
200
126
103
-223
308
41
-399
-55
-195
-172
131
230
-105
-20
-25
211
68
351
-201
46
-64
134
-88
111
220
190
-153
10
-3
112
148
-159
-170
111
227
-123
51
-326
-54
-71
98
-74
-131
-64
60
-208
-95
159
-21
83
-109
11
69
14
-9
-256
84
-53
-149
-124
166
-134
-129
146
226
-63
-238
202
-148
-24
-49
211
62
220
180
71
46
-59
-103
5
-49
27
131
-113
-120
-165
156
179
52
117
-51
85
-190
115
-124
-102
38
-171
15
165
-26
254
-177
20
133
-78
-73
52
147
-90
-116
2
-134
-117
32
134
-248
-215
162
389
171
-98
-65
-90
8
96
15
299
150
-118
-103
98
176
52
-33
200
273
-37
108
84
-59
-267
-70
-181
383
247
222
394
-276
-81
-263
-33
308
199
26
12
-86
246
-8
-43
277
-238
39
122
194
-59
-23
15
-57
236
-126
234
139
92
189
-250
-347
-74
-206
-83
-100
43
-104
-65
-1
181
-97
-161
-61
-71
-84
-3
69
114
-18
-10
67
-6
-37
174
109
223
-1
154
-86
178
-15
-121
-98
197
-120
-144
-243
-108
-159
320
138
-30
-46
-284
3
36
-28
149
298
11
-198
-282
-147
89
155
252
-412
65
48
-477
-40
202
193
-192
-489
-24
13
66
65
-171
-195
189
-43
-74
31
188
156
-112
-57
-29
19
82
98
-202
-59
-63
-19
-281
-195
258
68
-215
173
-277
39
118
112
267
-20
-114
212
101
-83
9
-4
-119
148
220
-78
-162
80
42
-68
-94
144
325
68
165
-39
91
8
235
-80
-365
-62
-200
21
-70
-4
79
338
-220
-223
-50
-68
157
-379
50
-236
13
-131
0
-373
196
-49
24
-16
94
143
14
291
-244
-109
252
-347
56
143
29
-19
278
228
93
-153
-132
-126
-12
106
29
189
-162
-35
-98
114
40
-24
-206
-8
40
90
110
382
-197
34
-29
36
179
23
-120
-159
72
-205
-215
-85
137
-83
86
-128
60
-45
119
-128
-134
181
-259
21
-186
-100
70
144
-166
-72
-96
-2
29
-367
77
109
75
-388
77
-12
-30
-315
52
-10
-177
-122
71
74
103
233
-181
0
-524
-54
-147
199
-350
112
86
32
-128
-17
117
-33
5
21
-97
-174
-244
430
-338
30
-38
-291
24
3
-11
-201
-49
32
10
183
-5
217
-152
-55
107
362
14
-261
-226
-375
-59
159
116
29
-199
346
263
-321
68
-272
85
76
54
130
60
97
12
387
-147
-163
-9
-84
23
-118
158
-181
0
179
384
-45
-156
-102
-297
-276
159
261
-87
55
24
-53
-112
-15
-27
99
168
88
335
-137
192
178
-47
269
109
140
-89
183
306
-55
248
-45
2
-13
22
188
289
366
72
59
-219
-157
-161
188
314
-121
24
-90
-15
-103
156
224
352
200
-245
125
199
234
17
79
-121
69
9
109
-184
431
-109
277
124
275
79
0
-29
109
-322
-177
19
-2
629
82
16
-125
202
190
-270
112
-116
-63
68
301
-288
-148
11
-182
93
25
127
99
-125
238
7
29
97
79
-81
142
-155
156
90
53
201
304
-136
-52
134
-21
32
-158
-168
174
-312
-111
309
31
-449
158
213
-357
206
-100
-434
-56
-71
-221
85
-28
281
112
-135
390
37
-157
227
-191
-53
-243
37
250
-15
5
-167
-158
-185
107
-52
2
-96
-225
84
-81
-203
301
75
256
-228
213
97
105
-66
164
180
-153
58
-507
84
-180
-187
-296
-26
-17
-110
-136
28
-208
-94
-276
-183
-175
-3
-112
-131
-46
-47
-171
115
-51
259
-90
107
-223
83
-193
-147
-101
47
173
121
-128
10
13
190
-16
-75
96
262
-22
-99
38
141
-58
-191
134
-18
-386
42
-25
-342
25
-169
278
15
134
-32
20
-90
80
-118
177
63
-133
-226
-57
34
528
-579
-208
15
109
-210
-5
213
336
277
-145
-157
-242
89
-290
-138
33
99
195
-43
-91
-75
46
-154
171
51
-34
-120
254
244
181
-133
204
-13
-151
293
-164
405
81
66
-12
-133
-226
-54
77
-39
-149
128
-43
306
125
-250
-33
-151
-114
22
-63
44
169
-137
9
424
-142
-63
289
131
-250
39
-127
14
-4
19
72
-72
234
60
-109
-410
-34
32
-223
-29
-277
-447
-36
38
79
-8
-240
-36
37
232
-123
54
-58
-1
128
-183
1
131
228
113
26
-5
-120
144
95
289
-1
-164
-30
-11
170
-168
186
27
-83
-61
433
168
-306
-108
-17
240
106
-61
-218
30
-261
235
264
-240
-55
32
-9
-29
18
110
63
200
189
143
-126
-137
-6
116
52
8
-276
52
-174
-35
223
218
101
178
45
49
-276
-169
-275
-91
-131
-44
108
-438
118
-39
-180
162
-38
-309
250
-230
31
-199
-153
-127
-184
178
-1
254
-16
-204
-82
-262
-84
-118
226
38
-81
17
-87
-161
-71
98
-278
181
-3
-70
-285
-187
-45
-154
214
-102
-29
-1
-3
203
-72
2
232
-81
-238
103
-182
194
247
-223
-431
-12
-239
-143
206
255
-116
204
160
19
155
285
-178
55
384
22
29
-140
100
171
-92
-293
131
80
143
240
0
-110
61
-84
79
178
141
5
-345
-345
-283
106
-206
45
-86
15
9
48
100
264
-165
-67
158
-5
-219
-136
-253
70
-84
91
87
-196
-248
-121
42
-105
-411
-37
-54
-252
256
390
24
-63
55
-97
336
-66
61
-58
-20
79
-177
36
75
81
-126
41
-126
-133
77
56
-109
282
-89
4
32
-33
-110
-409
-88
-9
202
9
-67
165
-122
129
-105
55
286
272
376
-98
-201
284
107
82
-82
61
194
-107
79
81
-178
-13
157
-87
-20
-275
239
-118
233
81
72
-459
-124
265
-32
71
47
-166
218
-33
47
-41
-197
361
-109
297
-128
279
11
178
155
98
-171
107
117
-142
116
-52
-18
45
65
141
-55
-115
-222
-186
314
-109
-228
26
157
-159
45
181
21
-94
181
183
-68
-112
-6
208
-32
-64
-105
148
-114
208
14
254
160
85
-179
-112
-56
50
-23
116
-138
21
-93
223
-166
39
109
15
195
-109
7
117
39
-153
81
-272
209
189
-83
146
-268
-10
163
-148
-5
-120
63
13
111
-3
139
150
76
209
18
-349
331
102
-42
-1
-68
48
175
210
218
-93
-173
-140
-288
-66
105
-217
237
-7
-124
286
312
-157
-175
104
176
7
223
34
-51
-140
-51
-82
138
-71
169
-68
-182
91
-116
-87
-308
34
35
113
-156
153
157
379
22
-24
-13
-131
-87
231
-77
0
105
209
193
150
-52
-304
90
-56
-27
75
22
-59
252
116
-4
-45
473
63
-1
-50
166
287
104
-217
159
64
296
-27
232
-105
151
496
-234
188
523
-181
14
-40
128
-65
-20
245
190
-134
19
93
238
101
234
46
274
-113
125
152
-118
335
11
-98
-228
63
393
-93
-91
-44
-257
35
94
78
-55
84
181
191
256
57
66
8
41
133
124
214
-114
54
-82
-398
-87
-51
81
-8
-12
52
-331
-222
234
-239
128
-275
-92
-334
242
121
-68
-135
-52
-418
102
32
122
79
83
-114
125
-59
10
125
104
103
-102
86
-5
-130
293
12
-58
-67
5
-127
267
353
-173
164
-83
-93
-208
-23
75
-183
-181
-17
195
216
146
-230
98
-185
-196
-213
-124
72
-128
-113
122
125
-22
178
10
-97
-180
266
20
-54
81
-256
203
235
-124
115
-247
140
172
-106
-250
-187
-100
77
-109
-168
49
33
88
196
352
-4
108
-3
-106
-1
49
240
119
32
24
-250
-188
-211
166
-33
-32
121
56
140
82
204
104
-225
-234
173
-241
135
48
129
-134
-155
-83
-10
110
-61
8
-46
-124
-215
-152
260
135
57
86
125
-303
55
72
-155
-87
-145
162
-260
-176
-207
11
-42
39
264
217
24
-162
398
10
101
-188
248
-35
-53
-39
-81
-300
-133
120
102
54
180
-330
-147
22
162
-215
111
-136
489
42
-244
-66
-51
-188
-67
-12
11
-89
-36
-140
-11
124
357
157
44
54
-77
169
-269
253
-2
159
219
-41
-176
107
-262
101
-131
-60
-19
24
-97
-123
208
85
106
-88
8
-258
158
44
-174
159
-32
292
75
-18
374
157
68
85
-65
-225
-187
-18
199
-109
233
-128
235
138
-180
98
189
-69
262
-428
57
36
-24
-251
-104
47
-316
-166
135
214
84
31
111
-71
135
139
-387
-59
60
-222
-466
-222
0
-63
-54
5
-17
-84
112
-25
-105
-6
281
139
-161
51
272
-40
-9
35
78
-83
138
-44
381
272
-399
-153
78
-171
13
107
40
119
148
-176
-166
-59
8
-132
-96
154
40
-184
-75
-75
-217
-120
-66
303
97
131
118
235
-35
-113
-355
-196
-188
48
426
122
-102
-27
79
60
0
-128
-9
83
-74
-46
-35
120
-69
87
388
99
-112
35
138
-298
125
49
-164
-23
58
243
268
18
18
64
-44
67
-388
507
73
-148
103
38
-96
171
210
-153
54
-115
-81
268
431
-125
143
-139
-67
-122
-4
-38
-323
-137
-219
1
-221
-253
-32
135
18
-183
-234
100
232
-16
100
41
-32
36
-94
8
-47
-125
-363
117
-391
188
-173
-98
16
163
-97
271
82
-61
-89
351
-5
-51
-259
-34
-42
-431
-70
-24
-425
-57
-55
-355
-198
12
-209
90
259
-19
-21
-64
9
176
181
-90
531
14
164
105
172
-82
-122
147
-190
128
7
115
44
-139
136
-25
-57
180
-72
-152
-236
231
236
53
-117
10
224
-82
-178
351
-86
80
223
-106
6
-127
-108
80
38
-18
-20
136
-312
-247
194
-67
87
131
209
-11
109
48
192
-3
-206
-307
-125
-81
-203
151
7
261
27
35
-413
-133
-40
110
-58
-111
230
7
91
-602
-167
69
15
-206
-108
-42
-68
203
-65
124
-143
-380
-70
338
34
-180
-187
40
-113
20
104
-169
67
-338
104
7
-304
-256
-80
-287
49
-188
130
-149
-1
-108
204
-9
-205
59
-73
-87
167
182
-127
-117
-4
305
-46
61
-126
-179
-49
-171
3
10
-142
-61
-38
88
-234
109
89
291
144
97
-93
115
-232
-53
-94
-221
263
298
-81
148
98
-46
113
-7
438
-16
109
-265
-61
47
-46
-149
19
-9
-41
2
91
267
56
121
60
17
109
166
-124
-38
-166
-58
-37
304
197
103
-143
43
236
162
-359
80
-91
-272
127
127
126
21
162
259
-138
-154
69
-208
-91
75
-261
-160
261
43
-297
124
-138
6
-7
192
232
-285
-214
44
-143
126
-31
-157
115
-26
-239
35
27
-198
89
-95
-19
-38
-164
357
-39
-242
179
-111
-121
88
297
29
201
107
-33
-272
148
-65
-32
-140
-70
-103
169
74
165
63
-211
-136
216
63
98
-11
79
-139
-253
247
-375
144
208
-20
-479
206
-24
175
175
-107
286
-104
265
-71
278
-101
-84
132
-213
-123
-268
-64
-220
478
-70
-332
14
184
251
-40
-30
-50
-179
-115
97
-116
191
59
15
-273
-84
-73
49
-202
62
156
176
-113
-110
185
34
324
191
49
-179
-252
70
57
246
-135
29
-236
-60
-202
306
-38
314
125
-48
56
-11
-49
-65
-45
-248
111
7
-54
56
144
194
-31
6
86
93
-186
-51
130
-24
262
-59
-163
101
-97
-65
195
50
-71
47
-143
-108
-379
81
-262
-74
144
-65
-236
-222
-20
167
287
-391
-71
-14
63
165
-11
74
-129
-152
-227
92
57
-181
-34
-61
-381
-1
-440
50
124
-59
-59
67
-256
167
-35
12
153
-107
225
75
-2
21
-90
225
124
22
-123
-117
-239
189
107
-32
251
-529
-242
-90
37
-86
-403
1
165
189
-261
-168
-158
168
67
-65
-81
-100
-113
-372
-426
96
-160
72
346
-20
151
43
260
-81
-194
-52
346
-97
-113
-168
16
122
109
-25
-65
5
-10
-154
139
-29
-177
157
-205
-207
126
-386
-413
120
-55
-42
162
-360
256
92
389
-61
13
44
-209
-269
-368
-224
-55
258
174
83
127
-472
-4
-245
16
540
-138
154
1
79
3
81
253
208
62
354
-80
72
-88
75
106
-81
-264
-51
51
184
249
-50
-48
-160
111
114
-169
223
187
66
-11
-196
144
42
168
103
160
-168
-343
-359
-149
-121
-232
442
38
212
130
-48
-31
-30
103
-89
-272
-268
209
240
-107
-232
-226
-187
352
309
277
-2
-3
196
-42
31
-91
-74
16
236
-56
-94
1
216
-126
-189
-87
65
131
-32
54
-126
25
104
-89
-242
-207
-2
-2
-144
128
12
-257
43
76
-26
-221
69
41
-119
-279
19
295
210
-173
106
62
67
24
-98
183
-28
-62
19
12
162
24
447
-203
137
-40
7
-190
-79
-57
-183
-157
-105
96
274
158
-79
-306
114
-234
53
269
174
100
-71
-318
129
5
-201
-104
-37
104
194
33
-264
34
-231
57
-2
-82
-94
-30
193
58
451
93
87
194
-7
70
99
15
29
-189
148
8
-157
-102
-22
109
-53
303
17
-166
-29
17
-30
298
-49
-78
-114
25
-124
-343
-339
29
-24
-110
-84
-80
-178
74
4
2
266
-61
-226
11
-155
-63
181
-41
187
156
-341
386
128
217
469
108
131
98
285
-80
39
109
-64
67
-190
-88
-296
-130
-149
30
95
444
8
210
150
-44
-10
-15
-316
78
-196
46
-94
133
22
-84
-90
-42
-184
370
-372
404
-156
12
24
69
194
-254
20
23
136
-2
-163
-331
12
-135
-112
5
-36
-76
72
103
244
250
-50
86
-35
166
153
-308
-149
27
-6
114
-16
108
26
247
-63
-163
-368
-453
219
-169
-80
-75
-81
324
32
-321
524
233
49
151
235
-41
-46
-86
374
82
378
-179
-232
-184
-12
-73
-151
42
-184
89
-50
-112
-146
-67
-173
-146
81
-15
4
167
73
59
48
224
-100
-131
65
253
311
-137
-196
239
141
146
-69
-120
-227
74
28
154
-223
-85
-171
-70
137
-261
103
-163
89
89
282
-139
-110
-183
-33
202
-241
-90
-20
19
-155
20
419
37
76
8
194
-2
-207
-62
-249
58
35
-47
-112
166
123
117
-86
-123
67
-188
-192
-122
-121
75
231
-48
-183
-57
-70
204
43
-48
4
-259
150
-96
42
209
24
54
-100
47
116
348
-52
-208
160
188
416
73
106
-359
-230
-244
92
365
123
-31
-109
84
-215
-210
-112
-201
-186
129
42
-447
410
-334
-29
436
-242
-65
7
82
-141
-181
76
192
-29
-33
-20
-117
91
46
70
-64
158
-329
172
-20
267
-238
-6
9
-30
-157
-312
-24
-15
-80
264
52
-86
32
95
158
42
171
-68
207
-167
142
-43
97
-140
325
141
97
8
-307
129
10
-138
329
-7
-124
-166
-84
73
12
11
16
136
53
299
-59
-228
-82
-54
-62
-42
169
242
-50
-203
-163
-233
-42
93
55
14
179
236
-95
-122
87
153
106
362
125
-186
-142
-297
77
46
149
-380
189
124
154
176
199
-26
-94
141
-70
18
-223
73
-87
43
-49
-345
-98
220
76
-154
-197
24
25
192
259
-112
65
44
15
85
-172
11
-39
119
43
-155
-14
-213
-350
141
229
127
122
-30
-132
600
-110
234
-36
-193
-117
-65
-372
70
131
-19
-93
7
202
79
-155
-10
72
101
-58
-179
7
-84
124
-89
47
-131
-38
9
37
-280
-76
226
140
-144
-361
46
-169
115
278
-162
67
130
118
285
302
-182
131
20
228
121
-146
206
127
-2
-210
-46
-268
51
275
-42
145
60
-76
289
157
167
-130
84
39
153
-24
-114
-122
-70
221
274
-224
-190
-20
129
-201
-515
-34
-116
286
225
-215
263
-270
147
-190
259
75
-5
404
280
-31
129
186
85
-250
67
-300
-140
-288
182
-47
-157
-41
225
-84
-133
161
-78
-69
166
-78
24
261
42
43
-254
-62
87
-137
167
177
99
231
-237
97
86
-83
3
-88
-250
84
-156
-176
129
239
98
70
-113
87
357
405
66
75
34
-19
259
-301
22
73
171
-44
67
8
-172
8
-253
372
156
-403
-188
15
-51
-8
138
187
174
-62
-512
-136
-336
-135
-21
99
-213
-134
-213
-1
-54
231
-123
-329
-339
-167
213
-79
295
-56
-40
-101
-217
262
50
92
136
52
-63
-111
7
-171
390
-215
-13
84
-52
-98
-124
259
151
-196
50
-39
338
-207
145
-316
-137
-3
-135
28
30
152
-212
136
-60
253
75
163
-1
-17
-281
10
266
-214
30
9
-179
-58
0
-150
45
-445
-293
-10
-164
272
-88
410
-6
-54
-320
205
-107
243
148
-227
-11
1
-112
105
56
-16
-35
11
-73
-265
113
-301
72
-15
76
104
46
-108
70
-17
98
-55
138
333
-236
-148
127
-261
268
284
-93
-67
-36
35
189
-4
-140
-83
-352
272
-106
155
36
-153
-150
276
-335
294
-40
96
-349
49
69
227
377
61
-179
-52
159
180
111
148
-141
-326
-213
-59
82
-318
33
42
-54
-151
-12
124
222
29
68
-88
122
-167
192
-3
73
-112
11
213
136
51
81
-23
-30
326
-173
268
-148
230
-130
-191
-91
-311
-85
-211
148
34
307
197
252
-19
157
-111
130
202
89
-19
-82
62
-40
30
25
-423
-43
-67
-76
-142
156
130
-104
-242
41
-53
45
-111
-129
-117
-109
-112
200
169
-6
-182
65
-55
164
-113
-41
310
16
237
-221
-65
175
213
12
-100
-278
-126
400
278
112
-189
-383
157
-72
20
86
-64
-57
30
141
-136
35
-130
287
-119
114
223
158
-346
-29
165
-10
44
156
70
-83
24
55
60
-280
133
-79
-88
-255
-262
219
-195
-19
-318
241
93
-202
-406
143
360
-345
25
94
181
68
-118
195
175
99
-315
-18
-87
37
194
-165
146
139
169
-373
-85
27
-177
-95
-41
132
374
-63
-63
8
40
-118
27
133
-142
-210
-272
5
57
193
46
166
224
30
-93
-6
191
-170
-555
-61
288
-154
53
334
28
85
50
-270
-23
-308
-40
343
-151
-145
-295
29
-159
-239
373
-114
160
11
-154
131
49
39
-93
108
132
-118
177
-38
81
216
8
150
-84
185
-85
-472
-171
-300
-168
217
-136
173
-148
-166
49
-60
25
261
-83
211
-59
76
-129
299
123
-20
273
66
-353
199
-180
229
98
110
47
-61
86
8
124
-281
18
-118
-4
-168
-369
-161
-396
-195
-292
56
-117
31
114
106
-34
284
136
-195
-87
188
-15
223
73
-141
-57
-79
235
-185
183
101
111
225
-145
-129
-61
-16
9
128
-33
-239
-136
-330
43
146
-113
166
-135
94
-112
134
186
217
-157
-149
-57
-174
118
-259
-91
143
76
122
91
-27
113
-76
-210
109
-132
102
118
186
128
-86
-134
219
90
-113
106
-51
-169
134
-185
-66
-161
61
39
-97
-71
-93
192
-139
22
-81
-108
153
-216
42
-200
229
204
18
-88
252
-104
-207
300
115
90
-254
169
21
-238
164
318
65
75
61
-226
21
324
281
-177
-205
84
345
168
385
46
250
-55
95
-157
-188
142
-10
165
38
56
199
19
192
25
83
-248
30
-137
256
19
-220
-39
-298
-438
-253
-99
-141
-22
142
-106
-112
-119
39
269
-93
273
-228
74
-146
3
152
92
-154
124
32
-235
-65
-102
-87
22
202
83
-29
-47
239
200
39
-41
132
-65
187
-278
-234
158
-55
114
-51
133
-126
105
60
50
-70
139
66
295
207
59
-26
-259
71
-4
-41
-295
142
302
184
-194
116
-23
118
147
-12
1
126
-197
115
233
-168
-324
-47
198
-171
16
-218
22
61
292
-81
-318
-270
-88
-99
-48
35
-238
554
-105
-22
-30
-351
-20
-192
-257
-18
83
29
-210
-71
90
-200
-7
-186
-11
144
193
105
158
184
122
62
7
148
-58
-227
189
-54
-87
161
10
-100
-127
-108
185
-189
-129
-120
84
-131
219
-295
-111
198
90
113
-253
-249
-72
-26
-218
82
-107
113
172
-32
132
-304
250
65
-74
-13
-41
56
-258
32
-34
-160
-58
175
-34
83
-98
47
-7
16
-16
3
85
-65
-88
-36
41
-109
-105
138
26
186
53
-208
140
124
-48
112
-92
-59
19
29
-58
-118
79
17
-17
-255
-195
-222
-49
-71
-93
-268
-215
-41
112
-236
-3
-42
-41
82
28
-314
-35
-326
-45
83
-313
-203
260
-157
-115
-54
-85
-95
-17
57
-15
-144
-295
-220
70
78
79
77
222
-302
43
-64
5
-85
-18
-175
-88
-70
87
198
83
275
145
13
-98
-185
-88
-57
-94
98
-241
10
251
-146
190
429
223
-52
205
60
240
56
-202
-144
56
-115
-15
-151
220
241
244
-143
153
165
156
-60
-63
18
55
-121
209
-192
255
-221
-249
212
170
59
234
-152
251
100
-180
61
-11
-324
146
-118
32
252
467
53
-27
-245
-203
182
-91
-202
-69
-76
-226
-113
310
10
-50
348
236
-79
-276
-42
38
-116
114
-48
170
41
32
-61
36
-94
13
-167
-298
-131
10
198
86
-141
-40
156
96
-286
55
87
48
-152
305
104
130
-381
-233
-231
117
40
248
-44
-92
-142
106
-169
127
-187
254
-203
-38
-133
174
43
-4
-187
-1
59
60
-47
224
-25
94
201
-113
-138
-37
20
29
-25
-18
-61
-75
78
-233
-188
-167
-229
114
-178
-133
-409
222
-123
-247
18
182
-362
88
-53
137
167
-406
397
85
33
261
296
376
164
8
191
73
-84
-188
24
40
122
-112
110
6
111
-159
-96
176
185
88
86
22
7
228
-127
-203
-134
116
-254
-263
-290
141
71
-198
70
-77
-185
-174
-165
237
44
11
-145
-191
-131
-240
133
56
-18
56
206
-70
34
-244
-77
-25
-157
-47
-132
-82
-135
205
-258
35
174
25
-159
18
-315
129
24
-282
-61
140
94
45
239
152
215
296
131
-138
7
-217
-6
62
383
-178
47
45
-38
175
-140
-53
134
196
-99
-249
-194
32
-198
-83
76
106
-109
14
-281
-66
-79
206
-74
178
169
-33
-282
-391
423
159
-348
85
-25
-298
106
-104
109
83
-17
120
-29
88
-271
-75
19
367
-178
75
183
-140
85
-276
22
-125
-87
65
-89
-170
100
-171
136
234
213
-45
76
-59
-112
144
-90
-255
-350
-37
-26
-94
126
104
37
88
-144
127
196
-163
14
65
-169
133
61
31
-77
165
183
-107
-79
137
121
-34
28
-45
-143
44
161
-3
35
-77
-77
150
125
-163
347
-179
-149
7
-198
-39
-235
191
-140
-99
-35
133
226
-98
74
7
50
243
-27
-242
-49
148
-33
109
-45
180
-28
123
196
203
172
207
207
142
-186
-54
-189
-22
-190
123
-53
-157
-150
0
-179
65
-19
26
-160
133
-155
-43
-101
-3
164
-395
-223
221
71
275
-277
-14
-161
-42
94
42
111
-186
-427
26
-76
-250
-21
-317
71
-176
38
33
-102
-258
-389
196
-172
108
-105
51
-84
170
-240
368
-53
128
-144
114
-138
-189
-63
88
195
-225
201
-227
-3
-218
-136
98
-142
64
396
-102
37
-270
71
-76
-81
24
19
167
220
-31
-225
-104
-318
-17
295
207
-23
-194
145
287
149
209
69
-40
9
-89
23
-89
-266
195
60
-106
-78
48
-138
-74
-95
222
-276
-191
94
238
-9
207
21
-15
-88
-300
-184
-116
7
161
173
133
-416
47
-255
-50
131
-231
-85
297
-52
-7
-185
-62
-38
49
105
-334
280
-28
104
-144
-279
-144
61
229
201
-83
6
71
273
28
103
-306
-180
372
-167
-264
11
182
80
-116
187
-145
-211
89
-104
25
193
-46
-16
182
12
58
186
24
-77
110
14
37
62
-50
-141
22
12
324
120
-166
-19
14
-27
61
-210
101
7
-3
-142
-101
40
-8
-146
-80
110
-29
60
9
-187
308
-38
29
327
403
-60
206
29
138
12
-155
-65
-32
-266
-150
-189
204
-48
-154
-122
69
122
-212
-189
-127
-73
-195
34
-57
-136
-109
386
178
-16
-115
-346
197
37
-256
143
-270
-94
-20
50
149
176
57
-211
-58
-74
48
272
85
205
340
476
1
93
-3
-280
-138
109
-37
120
234
222
131
-43
58
-230
114
140
81
5
248
-132
350
218
-55
-16
179
-135
157
33
-124
-238
-104
-139
137
-40
-49
292
-69
155
-18
-351
115
-22
-44
-58
-168
162
149
-102
-215
-181
65
-86
-70
172
-21
-43
215
52
136
-208
-175
-260
-218
61
41
-141
-68
247
-302
156
-215
61
-43
138
145
207
-61
141
146
-139
-95
13
-191
122
220
-253
-91
-87
31
271
74
-355
-7
-75
299
55
-372
280
-277
107
136
340
-26
-262
258
3
-102
212
-94
-63
97
232
211
79
-211
-197
-373
-163
-53
146
-183
219
276
-10
62
-243
-111
132
-36
27
402
-59
-35
-198
67
72
-115
-104
-130
-39
-97
-146
-181
-90
52
-408
-92
-86
-150
268
104
120
37
-104
-290
-252
-86
-38
