50 100 196
0 0
0 7
0 19
0 45
1 30
1 39
2 9
2 15
2 30
3 0
5 14
5 17
6 15
7 3
7 21
7 25
8 9
8 10
8 17
9 0
10 49
11 35
11 37
12 8
12 27
12 43
13 28
13 48
15 1
15 15
15 22
15 31
15 34
16 7
16 18
16 29
16 42
17 1
17 43
18 11
19 12
19 46
20 25
21 7
22 1
22 12
22 23
22 43
22 48
24 1
25 34
25 44
26 7
26 29
27 28
27 36
28 20
28 49
29 25
29 27
29 44
30 35
31 15
31 27
31 35
32 29
33 1
33 9
33 16
33 39
34 3
34 21
35 24
35 42
36 13
36 46
37 3
37 8
37 40
38 5
38 33
39 17
39 35
40 20
40 29
41 20
41 36
42 15
42 16
42 20
42 34
43 19
44 13
45 22
45 29
45 36
46 21
48 35
49 1
49 29
43
0
37
51
96
86
6
67
88
9
97
2
20
16
19
50
14
74
84
38
46
61
30
87
42
78
23
45
68
29
5
92
62
89
48
44
47
1
13
82
21
76
40
79
26
85
18
31
56
94
98
70
77
39
36
41
64
71
7
28
58
3
57
22
52
55
32
10
4
27
49
66
8
90
93
81
69
80
34
25
83
35
59
72
33
65
15
91
95
54
73
11
12
75
24
53
60
17
99
63
133
-26
-550
-116
-165
94
222
-204
138
257
-39
-185
-26
196
-359
186
11
-237
8
301
-112
29
-170
-245
131
187
-290
-94
126
-198
417
32
14
100
-118
225
41
195
179
145
259
-227
-105
226
58
117
37
-114
-270
-330
303
157
280
-105
-63
124
-130
-220
-163
-28
209
-277
-47
254
69
-33
116
113
-30
107
53
308
70
6
-14
148
-139
92
78
33
325
378
288
97
190
40
-190
251
159
119
-261
186
-96
-147
33
-77
-279
293
30
-110
-236
-227
8
162
58
-41
267
-57
-209
-14
-154
-148
144
-46
388
-152
-365
28
-144
0
105
-166
-108
110
380
29
192
306
206
12
-100
230
109
-271
169
-184
138
-70
-265
-179
124
-99
257
-49
115
63
-51
189
-61
189
-5
235
-14
100
119
82
259
-210
-169
198
86
-10
521
90
201
-45
-95
194
-138
-385
140
121
28
-55
209
-152
366
-21
161
52
20
265
-163
47
-18
11
-219
76
246
-121
42
106
-49
-236
-47
200
129
156
-91
40
94
206
141
-55
52
-173
-158
54
-161
97
17
-21
-171
-137
-290
-62
-134
-8
20
-196
127
120
-324
45
21
-6
63
4
-461
-101
-212
248
479
-85
-282
-187
-442
-45
-2
-98
-464
-75
-451
-257
-101
-97
37
87
-210
-274
138
258
285
-62
302
-256
114
-56
-251
-84
-137
-325
-24
-133
-204
50
-49
121
-191
-82
-7
-78
-186
-212
33
-48
98
109
-52
-207
11
328
110
-13
-81
178
289
72
214
-60
259
-252
-91
-106
45
-183
-74
-217
-259
-290
-113
272
-220
-236
249
216
-8
200
346
-56
-370
-78
-265
-53
-26
39
447
145
-52
-45
39
450
397
209
-40
-161
-136
159
-25
237
-116
-363
-160
47
326
-8
-89
0
-106
-338
134
15
412
73
-87
-111
227
-209
23
-162
153
140
57
-226
285
-47
168
85
-194
-129
178
-40
81
229
88
-169
82
-81
-188
-53
-310
97
5
232
-370
83
98
70
2
1
145
-168
-18
-146
215
-145
315
143
-218
23
36
-143
317
-134
223
492
115
-3
232
73
131
-130
117
-237
34
-54
-270
-326
20
-183
21
4
-72
266
26
-58
-303
-82
-111
-150
17
27
24
-145
-216
138
-6
-270
-315
-154
-228
-234
98
-55
-220
-58
8
97
258
322
-287
232
139
-209
-1
78
277
-150
4
-58
-105
-21
128
-62
-335
-1
-102
-75
352
-348
-327
64
166
21
65
-288
-249
7
205
-347
107
137
172
-116
30
-93
-72
-31
-4
93
198
79
-131
-43
41
25
-321
-70
-36
238
-167
50
71
64
27
151
-112
-66
16
170
-13
-129
182
-72
-237
215
74
83
-19
41
155
-201
-125
-38
23
-131
84
-216
-168
-124
287
113
25
234
-129
-118
-86
-135
-116
354
86
19
1
-86
20
108
234
-23
89
342
300
-208
-25
-42
-113
139
-63
254
269
-184
-51
55
593
16
-376
382
266
-98
216
-34
275
-117
35
-24
81
173
-285
-18
-60
138
156
37
104
-7
-186
29
-189
209
-279
-7
83
103
54
290
68
26
53
-113
165
-17
6
-111
14
95
239
-78
-40
120
14
-16
220
-348
-179
59
-84
-529
-180
-101
-123
303
-254
-202
44
-194
-99
-330
226
-173
129
-278
205
9
38
-26
456
-56
-246
-314
546
45
108
328
-23
262
-372
8
-373
-81
1
-80
193
606
-114
-452
-82
199
-55
-183
192
89
-1
-178
-200
-128
83
349
177
-19
378
185
-171
-18
188
-205
-267
-50
68
-2
144
-169
31
-120
166
-115
386
87
-95
-95
56
149
298
-51
17
-122
151
14
236
-336
287
149
561
34
168
279
193
-235
-393
83
102
-101
322
52
67
356
4
-65
217
224
-139
161
-159
-172
137
-105
1
-84
-18
-324
25
-134
318
-167
154
18
286
-92
200
41
204
382
150
17
-279
243
-149
-12
30
249
-25
-102
58
389
-20
-148
-445
-161
224
-33
-585
420
232
122
4
190
-548
70
-304
183
-7
-72
-210
-4
-54
14
5
162
166
271
222
54
-425
57
21
139
-246
-433
-34
57
-299
-7
439
-114
106
-208
142
34
-306
-130
77
-106
41
50
40
-214
226
127
80
141
-385
97
-54
-1
-316
177
37
-198
419
319
291
125
-156
162
-57
-226
149
201
-117
138
46
-224
-28
-227
9
80
239
252
27
-64
51
-200
214
-137
-159
-166
-5
89
-158
117
234
-190
-148
48
-8
300
-160
10
-120
358
240
-99
65
-44
290
-80
33
-108
-93
-93
-23
-6
-152
274
133
-290
128
440
18
-259
-103
-541
165
-54
27
-10
445
-207
74
67
74
-29
-45
66
-210
-86
-234
-135
177
-299
-280
-24
118
78
224
-11
84
19
-23
117
-287
160
129
-130
50
-127
-32
-90
-324
-134
-114
392
46
-63
154
147
281
-30
-160
113
-168
360
263
121
56
159
401
119
205
-167
-143
431
-243
332
2
-194
-179
-286
-61
15
117
259
-203
-249
169
-44
-97
-7
-265
201
-95
-346
-29
-20
-41
-164
-18
-232
72
240
-51
-101
-101
-104
112
72
-9
447
-122
-36
-136
-63
114
87
452
-171
202
31
-3
7
170
-382
-90
-143
409
-343
-231
117
333
-47
6
74
59
-9
-124
140
68
-257
138
-320
282
136
116
20
-22
-292
313
408
56
-244
-42
437
122
-227
116
40
-116
181
427
179
-232
167
85
-31
-40
58
-135
108
-38
0
39
-185
161
47
-1
-75
-186
-102
-343
-377
-302
-250
-1
246
397
-284
317
159
-54
-212
-107
183
-11
-166
-166
262
-226
55
-195
156
-178
-18
88
15
213
516
548
90
244
35
156
40
232
-98
56
194
262
-125
161
-124
1
70
-195
-419
334
319
-232
181
57
-397
-96
47
-418
-378
244
207
8
-167
-158
-147
-93
-106
-306
-34
267
493
28
230
-233
-197
-206
-244
192
418
-66
105
-562
308
-430
-71
294
-73
-103
-123
-246
153
-102
-31
-117
204
-201
84
113
-187
328
-75
46
42
-213
80
389
26
-190
425
-34
-164
-388
256
110
42
-110
-19
194
-41
155
-210
2
-238
-102
88
-406
24
-185
-37
-116
196
412
172
176
283
-114
179
64
-160
34
-135
16
154
-71
-53
-43
-11
-2
48
-32
11
-211
-187
137
234
-79
-212
6
-186
190
-55
-242
60
-8
-191
72
60
-78
-64
156
-244
-335
-40
343
12
-161
-166
45
72
-309
-239
12
210
-113
-172
-54
-408
-153
162
329
-171
-93
-103
128
506
-203
3
-193
-274
-350
-48
164
100
48
103
-316
160
231
195
170
163
0
-164
138
-259
110
59
48
-120
219
120
-93
-353
-207
426
-52
215
48
-65
-160
169
68
143
22
-135
338
285
-141
-334
-198
-81
138
-230
492
59
-76
3
182
-113
32
-111
297
-99
-20
-319
-180
25
264
192
308
194
-177
364
-176
45
-160
-90
169
226
13
17
-87
-219
114
224
173
63
105
75
384
11
-507
155
-229
-161
78
20
-55
51
-160
151
478
39
156
17
-392
-175
-271
-155
31
34
-119
-84
-70
-33
16
-296
128
-139
133
4
93
15
-407
12
-319
83
67
133
-130
-101
113
-62
288
-271
-46
-193
110
-162
470
255
-72
93
429
-218
-43
149
503
-46
46
29
-187
4
419
-52
74
225
211
-144
-107
-172
-475
-153
-67
90
-10
10
-64
-102
-104
-196
312
172
-227
-7
-14
421
-6
350
-583
-75
-236
34
-406
134
-390
56
220
-90
-264
25
-123
-327
227
-30
124
428
-102
16
-435
233
-332
141
362
2
-70
105
246
143
530
-439
-240
-46
-44
45
-44
16
-283
59
-64
-450
144
-65
-71
17
-32
90
154
50
-391
3
-51
-38
-402
84
73
-278
146
-64
-295
-7
-163
-305
-47
116
421
97
-50
-40
-110
-236
-278
-212
31
-288
2
-190
-154
79
342
227
58
-50
178
-374
198
199
174
152
-99
67
-321
-223
136
85
87
-460
88
56
-218
-100
-518
-151
167
-159
-42
-62
147
-235
122
-55
-269
48
-193
-42
-50
94
135
-123
-107
-165
-51
214
127
175
198
137
-289
125
-160
-217
-39
18
464
307
165
57
27
-313
90
-209
132
159
304
210
84
-414
38
244
266
181
-311
-9
45
-213
-528
-10
-258
-161
423
-70
-140
41
157
-38
-44
-163
29
213
-377
-93
-284
51
-239
16
283
16
-82
-12
173
22
6
-173
-288
-111
10
84
273
110
72
174
-232
187
-164
-238
-20
187
-237
-10
25
86
53
-277
107
-6
180
-61
-32
-116
-236
148
119
160
-362
321
126
-51
418
144
-84
37
142
-121
-265
356
25
-197
117
-77
126
10
-63
22
-38
91
-60
133
-579
203
-95
61
79
100
212
64
204
501
25
-61
-115
-5
-170
-309
91
-75
124
96
-21
-176
76
34
-305
-148
44
352
-217
4
-41
396
69
-47
-326
34
539
243
-68
155
-18
84
57
-90
-133
-402
-144
-85
56
-36
-39
-50
111
346
106
37
93
129
284
-91
-76
120
-114
-165
-286
-21
-534
190
-244
75
-59
-30
-550
-59
-182
-543
96
166
-228
271
123
222
-250
-207
-145
-130
48
-7
258
-42
-190
90
180
331
-268
-212
5
354
-499
210
-358
-197
116
-31
144
-251
127
151
-54
-121
-486
54
-103
-144
8
-123
-246
479
-157
3
-28
52
95
-24
-21
-112
-78
102
39
99
117
-275
377
-386
-170
-81
7
-74
154
-3
15
-367
211
97
169
-135
-66
308
-17
290
371
-175
45
-151
163
532
193
55
2
33
208
201
-83
-157
-197
-190
-440
-283
-272
-193
95
-232
-230
-62
-121
-320
120
49
-555
37
-227
-10
-294
-212
254
-131
205
187
217
-140
17
-197
118
-46
266
-54
-370
8
-92
-103
366
-157
-323
-157
-328
-161
-111
-294
-215
-284
-137
24
-70
-32
-132
110
-136
-24
331
-112
205
-61
94
26
12
-7
220
-147
-105
18
-81
-127
-132
-159
-23
116
-192
-33
-53
142
381
-139
287
106
275
-286
-94
116
-130
-248
-95
235
-287
-72
-165
140
41
-185
99
243
210
285
-367
168
281
-68
221
147
109
-35
-467
49
-261
409
162
-132
372
54
117
-328
51
72
-65
-294
148
-138
134
301
95
-296
31
343
-78
-46
-130
219
276
-323
-308
169
-92
129
36
140
1
-197
-111
-372
129
-209
-114
-166
-232
288
16
-313
-28
-177
-87
48
-38
-146
54
-224
83
-237
-210
47
11
-131
-46
122
-87
-439
20
-6
205
7
-98
124
-168
-80
149
429
-121
-28
-427
-176
-115
7
-64
-500
-122
59
139
36
-109
-746
-48
-32
-255
-343
-134
60
-32
-104
546
163
446
99
-56
45
95
161
-264
-83
-238
-198
-28
-93
-200
40
-299
-164
98
79
-137
140
-160
-236
366
-349
-49
39
-194
213
-58
250
-177
-253
158
20
-123
-175
214
-95
73
52
-52
82
-196
141
4
-147
156
-176
94
-104
97
55
65
-154
389
-251
225
-37
198
188
175
-227
11
-40
116
-312
37
119
410
110
-57
-174
-149
158
-203
181
-163
257
292
4
-389
-74
302
36
-327
254
-45
161
338
68
255
-1
-106
-205
-62
13
-193
-56
-23
99
86
-123
16
-146
330
140
42
253
-1
145
100
-133
-75
-119
-17
-133
287
-63
140
-177
-77
-229
34
-188
-74
-98
134
-197
-139
-135
518
6
-138
-294
-168
-330
-219
143
-12
-180
-56
81
-300
-256
-108
79
-134
-208
71
9
320
167
-146
90
-108
305
-97
277
-193
59
-426
186
-359
31
186
149
-200
-351
160
-293
-45
143
-51
-455
-123
173
261
-57
161
-228
46
-102
43
-79
84
134
-384
25
-121
139
-134
46
224
112
-50
315
140
382
-224
-201
59
238
131
143
111
350
71
-185
21
87
-195
-22
-155
-328
116
204
173
244
10
116
38
89
-225
238
-93
-54
164
45
66
186
-51
291
-130
-96
94
110
-263
416
199
30
153
58
18
257
47
-149
-208
-232
-315
87
-140
-67
90
-146
-71
444
-285
385
152
-234
68
-156
-316
-1
-81
-100
-225
-343
49
-337
-98
109
-144
-25
212
-110
203
-12
22
33
-68
74
-10
-80
209
4
254
101
101
214
51
122
-219
126
312
-177
-76
-68
95
-177
30
-195
242
-184
466
-109
148
144
35
85
170
56
-40
98
-53
46
-55
-137
-81
28
-176
42
149
-266
54
281
252
-55
-340
-9
262
-364
-126
480
-59
-130
-413
231
-28
-158
-59
-357
139
65
-45
149
35
76
56
347
319
135
-375
162
27
2
-210
387
-19
47
98
36
221
293
-372
-102
158
-33
208
-7
21
-139
234
-368
204
173
127
-208
-152
2
4
284
457
307
-107
-164
-46
112
-143
-238
-65
-77
-1
70
-128
329
50
-253
-106
3
225
-240
125
-71
218
207
-42
83
102
98
478
269
-496
60
-251
-155
-17
-54
-246
162
-39
-174
370
-124
-181
157
-152
197
113
78
216
-58
-366
-87
-157
209
-181
-138
-62
-25
53
85
-159
-102
-163
-100
-20
135
-111
72
173
178
36
-272
51
251
21
49
-57
-173
199
5
501
-88
-74
14
75
193
-85
-72
-74
-82
-209
-378
135
-104
-104
-91
-63
-188
160
64
160
246
-84
-435
276
89
261
-174
-343
79
86
287
-121
414
109
36
26
-71
249
-68
103
-20
-83
89
446
83
40
141
-276
241
83
-79
49
40
71
-357
-353
-150
-526
-143
160
-246
-48
-48
338
185
328
-152
130
-298
144
275
207
-107
-222
156
-221
71
206
-187
-77
-40
105
-271
-106
72
-19
118
-309
153
-27
75
-101
251
44
-21
105
46
7
-126
211
203
-150
97
175
-135
289
125
70
13
-40
-145
-117
306
-352
818
133
-14
-53
188
154
-50
24
168
-250
-20
-297
-186
373
153
-10
41
104
10
225
-195
72
228
47
109
191
-57
14
172
-168
38
256
-179
-62
171
-39
68
-168
-257
95
214
-40
-35
-21
-268
280
-264
131
-38
77
66
-109
-57
-35
253
-118
194
225
-198
36
55
121
-70
264
41
17
-145
13
164
211
-198
-11
474
-101
0
-75
-205
0
405
200
-238
109
290
5
-167
25
97
-152
170
99
51
229
-118
163
331
-162
-17
-383
13
-1
168
84
-1
-206
151
-81
-107
-127
-406
-1
603
131
250
-289
-269
153
-136
97
199
-148
-198
-7
-125
33
202
-267
-86
217
172
-19
206
171
262
-204
102
31
268
-170
127
17
-100
13
380
83
84
-33
109
-334
-157
262
9
234
119
-248
-94
300
357
138
80
12
366
141
-160
-173
-80
57
387
81
-22
243
464
180
122
23
-122
-78
-49
-228
-39
158
-184
-111
-162
56
-132
-334
-283
11
-56
-44
-110
89
10
132
116
11
-10
129
-146
-141
234
-84
-306
125
-144
16
92
-98
-74
71
109
-164
-91
195
28
-247
180
71
-53
121
-123
-133
0
209
141
-121
179
28
-376
70
-293
41
-13
-72
99
-368
193
8
120
-23
99
-51
389
-60
-62
122
-88
1
-321
108
-97
-413
16
-101
-325
65
150
-51
44
39
-35
-109
298
-334
-210
-467
223
113
-102
103
12
21
126
-243
-77
-172
221
69
48
-32
54
-158
-126
67
-327
153
200
201
-103
-129
64
-298
57
-98
51
-33
-275
-82
76
-45
-159
-231
-65
-209
12
223
-173
-22
83
-8
29
-254
126
-26
-216
62
171
92
-321
-109
-151
512
-200
6
49
118
163
108
506
-138
-219
289
-347
-38
-250
46
-156
-112
-428
-125
-306
-16
238
-245
279
-35
-112
-12
50
-211
37
258
34
179
185
165
117
151
-358
-28
-57
105
92
175
-17
-201
-180
-682
46
4
-246
193
-140
257
-52
62
22
-86
164
-25
125
138
194
203
169
23
37
-363
25
-289
130
-75
-307
361
-177
-132
340
-75
-138
33
80
143
115
40
-43
258
27
-85
26
339
127
62
-61
-99
-244
-4
312
-10
315
8
-349
70
-88
17
61
-171
-115
-364
259
-14
92
66
-338
14
-128
139
208
87
-80
94
-166
-128
-25
-270
-44
107
-81
34
383
-398
224
-70
75
133
-145
113
-275
274
-229
74
87
96
108
-76
-41
-142
-49
331
145
206
81
-461
-160
91
385
-73
249
93
-174
-391
-293
234
187
-325
63
65
-66
-272
-81
114
260
-62
43
53
-63
-1
27
-70
-131
107
-226
-55
-90
395
27
-84
-87
106
-92
30
-107
172
-307
-41
36
-10
-547
145
47
151
-13
48
-51
26
8
42
28
529
-337
-144
-20
4
86
168
144
11
-160
144
66
44
314
-100
-130
164
218
-192
72
-54
-156
-161
-45
228
283
-159
-63
123
-385
-26
404
261
128
-132
-154
-175
-242
-302
196
321
-151
-55
-204
-133
-98
241
164
-188
-139
-119
234
-375
78
-19
-161
-88
153
308
-211
-273
277
-442
-178
-232
-16
309
60
-539
-47
-102
-119
-115
112
-50
312
121
-154
2
218
-175
-34
-3
-129
86
259
-122
-3
-296
57
25
-283
91
-105
311
-374
140
-112
-376
9
-80
76
-40
-60
-156
77
-247
197
26
-56
-187
-213
102
13
-67
269
221
-62
-4
-126
-317
306
-18
36
17
-150
48
-358
-70
71
-38
60
-269
377
26
-14
-115
-98
-217
-91
200
191
156
-236
396
112
62
-31
250
34
-122
-43
-175
-321
6
87
-50
218
-116
-394
-174
-482
424
1
241
137
251
-141
133
-131
-328
-60
-188
-92
87
3
150
120
509
-64
395
-53
-80
-69
24
-429
20
102
105
0
-66
283
-143
-16
-101
-293
1
-177
-13
252
-76
44
-37
24
-13
171
-154
-167
-307
-68
-260
-177
138
70
327
375
168
-199
222
89
79
182
-48
181
66
23
312
-11
62
117
-366
270
-186
12
-76
-32
-156
106
364
-126
-245
-242
-271
-16
-71
206
-84
-253
88
-31
-275
261
280
-55
46
-93
-11
-298
-81
-27
25
198
30
194
-66
-93
3
265
76
424
91
236
0
-201
-135
310
-99
-111
-169
277
-216
0
484
-54
94
163
320
-724
517
-58
33
-2
63
-170
-239
-58
30
-210
173
321
-344
-266
377
203
327
272
274
186
316
-266
73
166
303
-45
577
28
-80
475
384
265
89
-314
137
239
106
-36
-431
-211
-270
-200
-290
-112
421
40
-242
286
-282
166
-93
364
614
-348
148
47
-20
40
341
81
271
148
-81
-179
273
649
205
254
-54
217
-51
213
17
6
-12
187
-37
-6
-1
-12
293
262
-56
-163
-178
106
-117
-448
-14
-77
-29
141
40
-259
-112
-272
204
-244
40
133
-12
170
-174
66
35
183
-4
-159
-206
246
-10
-34
-65
424
80
-259
79
374
-202
45
-72
48
179
187
53
149
6
400
-157
-27
355
286
-233
-97
291
65
29
219
333
9
118
66
331
109
174
-232
-298
136
26
-52
-221
-86
78
139
-15
123
176
181
-167
237
134
-471
66
96
-184
-68
43
32
-30
-252
-44
374
-262
-115
22
76
-134
-31
33
-59
285
-231
71
75
-76
225
-340
-20
93
-491
25
-156
54
360
-94
311
28
-289
75
-217
-198
147
153
289
158
-159
105
505
190
-40
104
112
496
86
196
189
12
46
196
245
33
-25
157
224
163
124
80
-75
-22
-152
203
-51
-223
224
248
-269
-10
-207
-197
319
-253
139
208
246
28
83
-154
129
208
-2
26
210
-209
147
-106
8
-79
98
-1
-70
47
101
-176
-45
-85
284
-183
373
164
291
-204
-156
209
260
-423
269
-7
-138
-265
-40
301
44
-21
-415
-350
90
-44
156
-52
-215
201
-194
-221
-266
310
-1
-101
73
-89
-125
-108
-142
-101
21
-439
231
154
-233
-432
-4
125
-156
-93
-102
-80
93
-128
207
88
-38
-243
396
-281
-65
108
-11
-170
-1
-220
-99
-213
-140
60
-179
-365
261
62
-231
7
91
333
-110
-111
190
-40
-156
22
-486
485
-158
-299
147
197
246
-215
-82
-145
-151
-31
138
-217
254
218
-59
-31
-67
28
-30
-45
68
173
-184
-90
56
255
276
-50
-200
-349
62
-134
237
283
-145
-98
-260
119
64
23
-147
155
46
-41
-140
-103
31
77
-45
-212
-424
-28
-46
297
-255
56
57
255
42
-136
-125
230
-487
133
-75
-97
174
26
-166
-41
-177
-74
114
-111
76
-58
356
-107
511
-188
180
-139
-19
-278
47
-107
-24
-89
-228
-14
-285
-18
61
137
-47
102
-206
527
-72
-102
-137
96
-162
309
8
223
-32
345
-239
96
-52
-128
286
324
24
206
22
-47
142
-4
74
-22
295
54
-194
-271
517
39
258
-61
218
-371
243
40
56
-263
-189
105
103
-306
-36
-188
149
-164
63
171
-146
18
3
-49
-96
-328
232
-67
-168
-62
-616
66
-156
-205
367
-6
-275
-118
515
-133
-166
-398
17
-226
84
219
148
-18
211
273
-33
147
143
271
163
459
-102
88
-169
-77
256
107
-43
56
-28
33
223
49
-41
18
44
-95
203
-150
-192
179
72
56
-329
238
239
29
258
-294
-135
-140
262
-351
108
-59
-205
86
-288
402
-83
-48
157
284
84
331
-73
-164
124
558
-93
-231
-354
-301
-139
-160
99
-561
64
159
106
279
71
17
134
183
-47
-16
-70
11
29
75
116
-29
-346
102
75
554
41
-51
-200
-290
263
27
25
20
120
28
2
-242
484
34
-252
43
-124
-239
176
164
-733
-224
62
225
276
128
-229
101
162
-37
70
67
10
37
-166
-204
-281
63
-83
399
-143
141
278
-205
257
-159
23
-314
282
-384
116
-202
242
-226
343
-55
-244
134
85
54
184
-244
186
-69
-76
-102
-8
-218
-322
-350
-137
-132
-121
-261
147
286
174
7
213
112
-94
-163
-117
175
-199
400
-4
87
-103
-77
28
-52
-139
-100
258
-264
-245
-75
-216
144
189
308
-302
47
-10
49
136
281
-109
7
405
95
-22
-186
59
-165
27
-45
17
270
126
108
-41
-12
123
-51
135
156
-161
4
91
232
-285
-74
-2
-118
44
90
-256
167
64
175
-73
100
-78
32
-129
-34
325
24
-121
-431
-107
-77
-532
108
318
-232
102
-159
46
-240
121
8
89
-183
-215
10
269
-58
-20
556
44
-255
-90
-146
-20
-173
13
62
147
-135
89
16
-175
-191
244
174
290
343
114
-73
-25
-107
195
52
134
-269
-68
-177
-359
-39
-225
-71
22
57
183
-249
-242
179
276
117
-67
96
-96
-82
-19
23
-458
324
23
-41
-226
-81
-236
17
-280
80
4
-395
-145
93
78
-39
57
467
-192
-373
-107
136
134
-209
-85
-253
-233
4
-458
326
-289
92
-382
-100
56
125
-207
-314
-133
-62
158
-46
481
133
-154
-53
53
178
-262
-122
-409
7
-591
254
179
-89
-232
63
-402
116
278
410
33
-167
-94
-238
-175
-92
-151
103
73
163
191
-124
22
-73
313
519
-168
262
-186
-311
-246
135
438
-100
-35
236
457
-48
-163
-237
-107
-132
-109
155
46
-459
38
247
-24
-150
-197
229
-429
8
263
-233
164
-407
90
64
259
36
269
205
58
438
333
184
137
79
-297
-189
63
-427
169
17
71
144
44
-175
190
177
-332
70
49
-9
-53
-4
-122
-31
-24
156
110
352
124
-2
-201
167
300
-129
-103
-22
330
-2
70
19
142
-212
-193
43
215
489
-333
124
-22
29
82
-106
-141
-8
-45
80
100
-186
228
-81
234
75
-131
47
232
-93
53
-170
-187
-73
278
383
132
-30
-81
-394
-11
-222
185
-203
-27
172
409
159
263
270
-20
-238
-175
107
-348
57
-118
-136
-237
-286
274
-65
-382
-165
-116
-158
-227
28
-87
320
-3
109
-441
-196
-246
18
30
-186
-13
-139
19
-154
302
-104
-352
-229
106
-264
-351
-145
10
277
62
-150
295
289
-426
-33
154
64
233
-211
-111
-59
279
-253
-3
-35
-105
-34
-175
120
-10
-62
71
-226
255
-19
-104
146
-123
86
-429
-228
-36
-148
-14
-169
19
119
102
228
-73
-271
95
38
-75
14
53
199
32
86
172
272
22
-17
-85
-347
68
-73
359
38
-290
-42
421
10
-258
-89
63
212
23
33
374
-209
242
102
234
-22
-238
-66
7
-100
236
83
-221
60
262
-26
-258
-162
153
-219
-52
112
186
13
2
-145
46
322
-106
-467
10
414
115
0
-32
8
-17
63
-59
-264
33
-274
-297
-187
6
306
127
-65
-210
-60
103
71
-127
57
2
-65
321
63
96
221
80
253
-49
140
57
85
-227
108
350
175
-165
-155
11
62
-10
231
-89
147
-13
-20
-40
-74
-190
193
32
71
-88
-99
2
223
52
322
113
44
104
256
148
-154
239
-12
199
-278
288
-149
56
366
258
6
-224
-352
-41
-22
-23
-1
220
102
-11
-264
-243
548
-139
118
-347
-207
196
76
-133
-20
212
91
-54
182
74
-236
-51
-304
-149
-210
226
153
-126
-200
-119
32
40
-202
-193
58
210
-25
311
-98
392
-89
-124
-312
-82
-144
-262
-18
-75
86
-317
27
110
-75
-65
-279
491
-384
-30
81
-308
-121
-95
292
-153
-274
220
-218
-93
-149
247
-409
25
188
-357
-217
-325
238
-92
-10
-3
62
-147
226
228
16
-119
-220
-239
-48
261
99
130
18
323
210
196
119
5
-2
-13
-43
294
171
288
-113
72
118
-19
-325
85
58
179
360
228
-144
-132
128
41
-298
-131
231
335
168
4
193
209
162
-199
72
372
-113
-182
-42
-203
273
-298
158
-225
-191
-25
-82
-43
-117
-79
-331
-72
-295
106
-142
14
141
19
11
144
324
-551
-306
313
-19
-263
225
-71
-110
-40
285
32
528
232
-227
-149
-97
-343
1
294
-42
21
-36
-187
94
-177
-398
125
-21
-54
-493
-48
118
-71
-58
-215
-241
-222
-128
1
-6
-183
90
112
208
154
-265
117
253
-182
292
-340
307
-168
38
277
2
-195
-43
-16
-267
117
214
-45
403
-139
-10
64
-32
28
32
-121
55
61
-13
-37
161
267
0
-122
-207
-245
54
-51
-131
310
-254
-7
-151
294
-287
207
76
106
-196
41
409
-142
-55
-105
38
11
-166
189
70
23
-95
99
-264
-76
-116
269
120
-98
161
210
249
-412
-231
-63
-465
-14
-7
217
112
-253
403
206
579
-383
357
266
412
-37
-361
143
198
118
-100
178
-439
140
-27
142
446
-137
-68
-115
-106
205
-169
-88
-482
-244
-17
92
-26
-20
82
79
-103
-203
-315
-135
195
-124
42
-401
155
-155
-69
-132
-105
189
110
116
-232
-88
-172
-184
210
462
-17
94
-155
28
314
72
-32
-521
1
-47
-15
138
-294
-206
65
299
254
144
-669
-80
-234
97
-111
-90
-90
223
89
-114
373
178
-48
129
231
-5
-69
200
-18
-24
189
-195
150
-92
-328
38
-120
119
-57
67
283
-343
-91
80
202
-72
-104
161
-92
-110
15
-439
-58
551
59
157
39
187
-17
35
-10
174
-153
433
94
148
-132
84
204
24
-5
30
227
69
-21
535
-65
87
76
120
208
-25
27
27
-19
-126
178
-287
405
-74
-117
-287
236
86
49
415
-23
-150
222
-245
153
264
292
-243
152
-52
626
149
75
-173
170
-27
-2
-197
-214
132
199
13
-22
60
122
87
-197
-132
-164
-101
199
-199
35
184
83
-210
50
65
175
267
-168
-31
163
118
-101
124
254
233
104
154
369
143
298
195
294
239
11
-67
-357
328
-295
57
-42
-25
-69
336
191
113
-7
16
53
172
-225
-121
144
42
-186
-37
-86
-79
74
263
290
-1
-129
161
222
-131
-114
73
-178
20
32
323
-45
-88
-226
185
185
-127
164
-221
-49
-62
-139
-39
182
-290
239
65
175
120
432
-98
60
123
-106
-219
-369
-49
340
260
108
-381
146
-2
-193
-116
84
-169
20
150
-71
55
-272
-69
34
28
-70
335
9
-133
86
-132
189
-47
-283
9
227
80
83
66
155
49
254
-111
-45
104
-56
-408
-382
216
-353
-295
141
-126
80
-82
458
-226
-143
-62
6
-187
10
306
194
-279
69
275
325
149
-237
427
8
125
134
-158
-127
-106
-105
-210
-181
-42
442
57
-217
-46
-36
-143
-39
-185
25
6
255
-211
36
-25
20
-116
1
361
-184
-249
640
-276
-163
397
-78
212
-33
132
88
-93
-35
-356
-70
-6
97
-283
185
-67
187
39
145
-167
218
51
-52
-179
232
146
120
-258
357
47
-463
-64
-226
-199
152
267
-122
-24
-29
244
79
407
-233
54
-75
156
-103
129
255
220
-177
12
-3
130
172
-185
-198
128
264
-142
59
-379
-63
-82
114
-86
-152
-75
69
-241
-110
184
-24
96
-126
12
80
16
-10
-296
98
-61
-173
-144
192
-155
-150
169
263
-74
-276
234
-171
-28
-57
245
71
255
209
82
53
-69
-119
6
-57
31
151
-131
-139
-191
180
207
60
135
-59
98
-220
133
-143
-118
44
-199
18
192
-30
294
-205
23
154
-90
-85
60
171
-104
-134
3
-155
-136
37
156
-288
-250
188
451
198
-114
-75
-105
9
111
18
347
174
-136
-120
114
204
60
-38
232
317
-43
125
97
-68
-309
-81
-210
445
286
258
457
-321
-94
-306
-38
357
230
30
14
-99
285
-9
-50
321
-276
45
142
225
-69
-26
17
-66
273
-147
271
161
106
219
-290
-402
-85
-239
-96
-117
49
-120
-75
-1
210
-113
-187
-71
-82
-97
-4
80
133
-20
-12
77
-7
-43
202
127
259
-2
179
-100
207
-18
-140
-113
229
-139
-167
-281
-125
-184
371
160
-35
-54
-330
3
42
-32
173
346
13
-230
-327
-171
103
180
292
-477
76
56
-553
-46
234
223
-222
-567
-28
15
77
75
-198
-227
219
-50
-86
36
218
181
-130
-66
-33
22
95
113
-235
-68
-73
-22
-326
-226
299
78
-249
200
-321
45
137
129
310
-23
-133
246
117
-96
10
-5
-139
172
255
-91
-187
93
49
-79
-109
167
377
79
192
-45
105
9
273
-93
-424
-72
-232
25
-81
-5
91
392
-256
-259
-58
-79
182
-439
59
-274
15
-152
0
-433
227
-57
28
-19
109
166
17
338
-283
-126
292
-402
65
166
34
-22
322
264
107
-177
-153
-146
-14
123
34
220
-188
-40
-114
132
46
-28
-239
-9
47
105
128
443
-228
39
-33
41
208
27
-139
-184
83
-238
-249
-99
159
-96
100
-148
70
-53
138
-148
-156
210
-301
25
-215
-116
81
167
-193
-84
-111
-2
34
-426
90
127
87
-450
90
-13
-34
-365
61
-12
-205
-141
82
86
119
270
-210
0
-607
-62
-170
230
-406
130
99
38
-148
-19
136
-38
6
25
-112
-202
-283
499
-392
34
-45
-337
28
3
-13
-234
-57
37
12
212
-6
252
-176
-63
124
419
16
-303
-262
-435
-68
185
135
34
-231
401
305
-372
78
-315
98
88
62
150
69
112
14
449
-170
-189
-10
-97
27
-137
183
-209
0
207
445
-52
-181
-118
-344
-320
184
303
-101
64
28
-61
-130
-17
-31
115
195
102
389
-159
222
207
-55
312
127
162
-103
212
355
-63
288
-52
3
-15
25
218
335
425
84
69
-254
-182
-186
218
364
-141
28
-105
-17
-119
181
260
408
232
-284
146
231
271
20
91
-140
80
11
127
-213
500
-126
321
144
319
91
0
-34
127
-374
-205
22
-3
729
96
18
-145
235
221
-313
130
-134
-73
79
349
-334
-172
13
-211
108
29
148
115
-145
276
9
33
113
92
-94
165
-180
181
105
61
233
352
-158
-60
156
-24
37
-183
-195
202
-362
-129
358
36
-521
184
247
-414
239
-116
-504
-64
-83
-257
98
-32
326
130
-156
453
43
-182
263
-222
-61
-282
43
289
-17
5
-194
-183
-215
124
-60
2
-111
-261
98
-94
-235
349
87
297
-264
247
113
122
-77
190
209
-178
68
-588
98
-209
-217
-344
-30
-20
-128
-158
32
-241
-109
-320
-212
-203
-3
-130
-153
-53
-54
-198
133
-59
300
-104
124
-259
97
-224
-171
-117
54
201
141
-148
12
15
220
-18
-87
112
304
-25
-115
44
164
-67
-221
155
-21
-448
48
-29
-396
29
-196
323
17
155
-37
23
-105
93
-137
206
73
-154
-262
-67
39
613
-672
-242
18
127
-244
-6
247
390
322
-168
-182
-281
103
-336
-160
38
115
227
-50
-106
-87
53
-178
199
59
-39
-139
294
283
209
-155
237
-15
-175
339
-190
470
95
76
-14
-154
-262
-63
89
-45
-173
149
-50
355
145
-290
-38
-176
-132
26
-73
51
196
-159
10
491
-165
-73
335
152
-289
45
-147
16
-5
22
83
-84
271
70
-126
-476
-39
37
-259
-34
-321
-518
-42
44
92
-10
-279
-42
43
269
-143
63
-67
-1
148
-213
1
152
264
131
30
-6
-139
167
111
336
-1
-190
-35
-12
197
-195
215
31
-96
-71
502
195
-354
-126
-20
279
123
-70
-253
34
-303
273
306
-278
-64
37
-10
-33
21
127
73
232
219
165
-147
-159
-7
135
60
9
-320
61
-202
-41
259
253
117
206
53
57
-320
-197
-319
-105
-152
-51
125
-508
137
-45
-209
187
-44
-358
290
-267
36
-231
-177
-147
-213
206
-1
294
-19
-237
-95
-304
-98
-137
262
44
-94
20
-101
-186
-82
114
-323
210
-3
-81
-330
-217
-52
-178
248
-118
-34
-1
-4
235
-83
3
269
-94
-276
120
-211
225
287
-259
-500
-14
-278
-166
239
296
-135
237
185
22
179
331
-206
64
445
25
34
-163
116
198
-107
-339
152
92
166
278
0
-127
70
-97
91
206
164
5
-400
-400
-329
123
-239
52
-100
18
10
56
115
307
-192
-78
183
-5
-254
-158
-293
81
-97
106
100
-228
-288
-141
48
-122
-477
-42
-63
-293
297
453
28
-73
64
-112
389
-76
71
-67
-23
92
-205
42
87
94
-146
47
-146
-154
89
65
-127
327
-104
5
37
-38
-128
-474
-103
-10
235
11
-78
192
-142
149
-122
63
332
315
436
-113
-233
330
124
95
-95
71
224
-124
92
94
-206
-15
182
-101
-23
-319
278
-137
271
94
84
-532
-144
307
-37
83
55
-193
252
-38
54
-48
-228
418
-127
344
-149
324
13
207
179
113
-199
125
136
-165
134
-60
-21
52
75
163
-64
-134
-258
-216
364
-126
-264
30
182
-184
52
210
24
-109
210
213
-79
-130
-7
242
-37
-75
-122
172
-132
242
16
295
186
99
-208
-129
-65
58
-27
135
-160
24
-108
259
-193
46
127
17
226
-126
8
135
45
-178
94
-315
242
220
-96
170
-311
-12
189
-172
-6
-140
73
15
128
-3
161
174
89
243
21
-405
384
118
-49
-1
-79
56
203
243
253
-108
-201
-163
-334
-76
122
-252
275
-8
-144
332
362
-182
-203
121
205
8
259
39
-59
-162
-59
-95
160
-82
196
-78
-211
105
-134
-101
-357
39
40
131
-181
178
182
439
26
-28
-15
-152
-101
267
-89
0
122
242
224
174
-61
-353
105
-65
-32
87
26
-69
292
135
-5
-53
549
73
-1
-58
192
333
120
-251
184
75
344
-31
270
-122
176
575
-272
218
606
-210
16
-46
148
-75
-23
284
220
-156
22
108
276
117
272
53
318
-130
145
176
-137
389
12
-114
-265
73
456
-108
-106
-51
-298
40
109
90
-64
97
210
222
297
66
77
10
48
155
144
248
-132
63
-96
-462
-101
-60
94
-10
-14
60
-384
-258
271
-277
148
-319
-107
-387
280
141
-79
-156
-61
-484
118
37
142
92
96
-133
145
-68
11
145
120
119
-119
100
-6
-151
340
14
-68
-78
5
-147
310
410
-200
190
-96
-107
-242
-26
87
-213
-209
-20
226
251
170
-267
114
-214
-227
-247
-144
83
-148
-131
142
145
-25
206
11
-113
-208
309
23
-62
94
-297
236
273
-143
134
-287
162
200
-123
-290
-217
-116
89
-127
-195
57
38
102
227
408
-5
126
-4
-123
-1
57
278
138
37
28
-290
-218
-245
193
-38
-37
140
65
162
95
236
121
-260
-272
200
-279
156
56
149
-155
-180
-96
-12
127
-71
9
-53
-144
-249
-177
302
156
66
100
144
-352
64
84
-180
-101
-169
188
-301
-204
-240
13
-49
46
306
252
28
-187
461
12
117
-218
288
-41
-61
-45
-94
-348
-155
139
118
63
209
-382
-171
26
188
-249
128
-158
567
48
-283
-76
-59
-219
-77
-14
13
-103
-41
-162
-13
144
414
182
51
63
-90
196
-312
293
-2
185
254
-48
-204
124
-304
117
-152
-70
-22
28
-112
-143
241
98
123
-102
9
-299
183
51
-202
184
-37
339
87
-21
434
182
79
99
-75
-261
-217
-21
230
-126
271
-149
272
160
-208
114
219
-80
304
-497
66
42
-27
-291
-121
54
-367
-192
156
248
97
36
128
-83
156
161
-449
-68
69
-257
-540
-258
0
-73
-63
6
-20
-97
129
-29
-121
-7
326
161
-187
59
316
-46
-11
40
90
-96
160
-51
441
316
-463
-178
90
-199
15
124
46
139
171
-204
-192
-69
9
-153
-111
178
46
-213
-87
-88
-251
-139
-76
352
112
152
137
273
-41
-131
-412
-227
-218
55
494
141
-118
-31
92
69
0
-148
-11
96
-86
-53
-40
139
-80
101
450
115
-130
41
160
-346
145
57
-191
-27
67
282
311
21
21
74
-51
78
-450
588
84
-171
119
44
-111
198
244
-177
63
-134
-94
310
500
-145
166
-161
-78
-141
-5
-44
-374
-159
-254
1
-256
-293
-37
157
21
-212
-271
116
269
-18
116
47
-38
42
-109
9
-55
-145
-421
136
-453
218
-201
-113
19
189
-112
314
95
-71
-103
407
-6
-59
-301
-39
-49
-500
-81
-28
-492
-66
-63
-412
-230
14
-242
105
300
-22
-24
-75
10
204
209
-104
616
16
190
122
200
-96
-141
171
-220
149
8
134
51
-161
158
-29
-66
209
-84
-176
-274
268
273
62
-136
12
260
-95
-207
407
-100
93
258
-123
7
-147
-125
92
44
-20
-23
157
-362
-286
225
-78
101
152
242
-13
126
56
222
-4
-238
-356
-145
-94
-236
175
8
303
31
41
-479
-154
-46
128
-68
-129
267
8
106
-698
-193
80
18
-239
-125
-49
-79
235
-76
144
-166
-441
-81
392
39
-209
-217
46
-131
23
120
-196
77
-392
121
8
-353
-296
-92
-333
57
-218
150
-173
-1
-125
236
-11
-238
68
-84
-101
193
211
-148
-136
-5
354
-53
71
-147
-208
-57
-199
3
11
-164
-71
-44
102
-271
126
104
337
167
113
-108
133
-269
-62
-109
-256
305
345
-94
172
114
-53
131
-9
508
-18
126
-308
-71
54
-53
-173
22
-11
-47
2
106
309
65
140
69
19
127
192
-144
-45
-193
-67
-43
353
228
119
-166
50
274
188
-417
93
-105
-315
147
147
146
25
187
300
-160
-178
80
-241
-105
87
-303
-186
303
50
-345
143
-160
7
-8
223
269
-330
-248
51
-166
146
-36
-182
133
-30
-278
40
31
-230
103
-110
-23
-45
-190
414
-45
-281
208
-129
-140
102
344
33
234
124
-38
-315
172
-75
-37
-163
-82
-119
196
85
192
73
-244
-158
250
73
114
-13
92
-161
-294
286
-435
167
242
-23
-555
238
-28
203
203
-124
332
-121
307
-82
322
-117
-98
154
-246
-142
-311
-75
-255
554
-81
-385
17
213
291
-47
-35
-58
-207
-133
113
-134
222
69
17
-317
-97
-85
57
-234
72
181
204
-132
-128
215
39
376
221
56
-207
-293
81
66
285
-157
33
-273
-69
-234
354
-44
364
145
-56
66
-13
-57
-76
-52
-288
129
8
-62
66
167
225
-36
7
100
108
-216
-59
151
-28
304
-68
-189
118
-112
-75
226
58
-83
54
-165
-125
-439
94
-304
-86
167
-75
-274
-258
-23
193
333
-453
-82
-16
72
192
-13
86
-150
-177
-263
107
66
-210
-39
-70
-442
-1
-511
58
144
-69
-68
78
-297
194
-40
14
177
-124
261
87
-3
24
-104
261
144
26
-143
-136
-277
219
124
-37
291
-614
-280
-105
43
-100
-468
1
192
220
-303
-195
-183
195
78
-75
-93
-116
-131
-432
-494
111
-185
84
401
-23
175
50
301
-94
-225
-60
401
-113
-131
-194
18
142
126
-29
-76
6
-12
-179
161
-34
-206
182
-238
-240
146
-448
-479
139
-64
-49
187
-417
297
106
451
-71
15
51
-242
-312
-427
-260
-64
299
202
96
148
-547
-4
-284
19
626
-160
178
2
91
3
94
293
241
72
410
-93
83
-103
86
123
-94
-306
-60
59
213
289
-58
-55
-186
129
132
-195
259
217
76
-12
-227
167
48
195
119
186
-195
-398
-416
-173
-140
-269
513
44
246
150
-55
-36
-35
120
-103
-315
-311
242
278
-124
-269
-262
-217
408
358
321
-2
-3
227
-49
36
-106
-86
18
274
-65
-109
1
250
-146
-219
-101
76
151
-37
63
-147
29
121
-103
-281
-240
-3
-3
-167
149
14
-298
50
88
-30
-256
80
47
-138
-323
23
342
243
-201
123
71
78
28
-114
213
-33
-72
22
14
188
28
518
-235
159
-47
8
-221
-91
-66
-212
-182
-122
111
318
183
-92
-354
133
-271
61
312
202
116
-83
-369
150
6
-233
-120
-42
121
225
38
-306
39
-268
66
-2
-95
-109
-35
224
67
523
108
101
225
-8
81
114
18
34
-219
171
9
-182
-118
-25
127
-62
352
19
-192
-33
19
-34
346
-57
-90
-132
29
-144
-398
-393
33
-28
-127
-97
-93
-207
86
4
2
309
-71
-262
13
-180
-73
210
-48
217
180
-395
447
149
252
543
125
152
114
330
-93
45
127
-74
77
-220
-102
-344
-151
-173
35
110
515
9
243
173
-51
-12
-17
-367
90
-227
54
-109
154
25
-97
-104
-49
-213
429
-432
469
-181
14
28
80
225
-294
23
26
158
-2
-189
-384
14
-157
-129
5
-42
-88
83
120
283
290
-58
99
-40
193
178
-357
-173
31
-7
133
-18
125
30
287
-73
-189
-427
-525
254
-197
-93
-87
-94
376
37
-372
608
270
56
176
273
-47
-53
-100
434
96
438
-207
-269
-214
-14
-85
-176
48
-214
103
-58
-130
-170
-78
-200
-170
94
-17
4
193
85
69
56
260
-116
-152
75
293
361
-159
-227
277
164
169
-80
-140
-263
86
33
178
-258
-98
-198
-82
158
-303
119
-189
103
104
327
-161
-127
-213
-38
235
-279
-105
-24
22
-179
23
486
42
88
10
225
-2
-240
-71
-288
67
40
-54
-130
192
142
136
-100
-143
78
-218
-223
-142
-140
87
268
-55
-213
-66
-81
237
49
-56
5
-301
174
-112
49
242
27
62
-116
54
134
403
-60
-241
186
218
483
84
123
-416
-266
-283
107
423
143
-36
-127
98
-250
-243
-130
-233
-215
149
49
-519
476
-387
-34
505
-281
-76
9
95
-163
-210
89
223
-33
-38
-24
-136
105
53
81
-74
183
-381
200
-23
309
-276
-7
10
-34
-182
-362
-28
-18
-92
306
60
-99
37
110
184
49
198
-78
240
-194
165
-49
113
-162
377
164
113
9
-356
150
11
-160
382
-8
-143
-192
-97
84
13
13
18
157
61
346
-68
-264
-95
-62
-72
-48
195
280
-58
-235
-189
-270
-48
107
63
17
207
274
-110
-141
100
177
123
420
145
-216
-164
-345
89
53
173
-441
220
144
178
204
231
-31
-109
163
-81
20
-258
85
-101
49
-57
-400
-113
255
88
-178
-228
27
29
223
300
-130
76
51
18
99
-200
12
-46
138
50
-180
-16
-247
-406
163
266
147
141
-35
-153
695
-127
272
-42
-224
-136
-75
-432
81
151
-23
-108
8
234
91
-180
-12
83
117
-67
-208
8
-97
144
-103
54
-152
-44
10
43
-325
-88
262
162
-167
-418
53
-197
133
323
-188
77
151
137
331
350
-211
152
23
264
140
-170
239
147
-2
-244
-53
-311
60
319
-49
168
69
-88
335
182
194
-151
98
45
178
-28
-132
-141
-81
256
317
-260
-221
-23
149
-233
-598
-39
-134
332
261
-249
305
-314
171
-220
300
88
-6
469
325
-36
149
216
99
-290
77
-347
-163
-334
212
-54
-182
-48
261
-97
-154
187
-90
-80
193
-91
28
303
49
50
-295
-72
101
-158
194
206
115
268
-275
113
100
-96
3
-102
-289
97
-180
-204
150
278
114
81
-131
101
414
469
77
87
40
-22
300
-349
26
85
198
-51
77
9
-200
9
-293
431
181
-468
-218
18
-59
-9
160
217
202
-72
-594
-157
-389
-157
-25
115
-247
-156
-247
-1
-63
268
-143
-381
-394
-194
248
-91
342
-65
-46
-117
-251
304
58
107
158
61
-74
-129
8
-199
452
-249
-15
97
-60
-114
-143
300
175
-227
58
-45
392
-239
168
-367
-158
-3
-156
32
35
177
-245
158
-69
293
87
189
-1
-20
-326
11
309
-248
35
11
-207
-68
0
-174
52
-516
-339
-12
-191
316
-102
476
-7
-63
-371
237
-124
281
171
-264
-13
1
-130
121
65
-18
-41
12
-85
-307
131
-349
84
-17
88
120
53
-125
81
-20
114
-64
160
386
-273
-172
147
-302
311
329
-108
-77
-41
41
219
-4
-162
-97
-408
315
-123
180
42
-177
-174
320
-389
341
-46
111
-405
57
80
263
437
71
-207
-60
184
209
128
172
-164
-378
-246
-68
96
-369
39
49
-62
-175
-14
144
257
34
79
-103
141
-193
222
-3
84
-130
13
247
157
59
94
-27
-35
378
-201
311
-171
267
-151
-221
-105
-361
-98
-245
172
40
357
228
292
-23
182
-128
151
234
104
-22
-96
72
-46
35
29
-491
-50
-78
-88
-164
180
151
-120
-281
47
-62
52
-129
-150
-135
-126
-130
232
196
-7
-211
75
-63
190
-131
-48
359
19
275
-256
-75
203
248
14
-116
-323
-147
464
323
130
-219
-444
182
-83
23
100
-74
-66
35
163
-157
41
-151
333
-138
133
258
183
-402
-34
191
-12
52
181
81
-97
28
64
69
-325
154
-92
-103
-295
-304
254
-227
-22
-368
280
107
-235
-470
166
418
-400
29
109
209
79
-137
227
203
115
-365
-21
-101
43
224
-192
169
161
197
-433
-99
32
-206
-110
-47
153
434
-74
-74
9
46
-137
31
155
-165
-243
-315
6
67
223
53
193
260
34
-108
-6
222
-198
-644
-71
334
-178
62
387
33
99
58
-313
-27
-357
-46
398
-175
-169
-343
33
-184
-277
433
-132
185
12
-179
152
57
45
-108
126
153
-137
205
-44
94
250
9
175
-97
214
-99
-547
-199
-348
-195
251
-158
201
-171
-192
57
-70
29
302
-97
245
-69
88
-149
347
143
-23
316
76
-409
230
-209
266
113
128
54
-71
99
10
144
-326
20
-137
-5
-195
-428
-187
-459
-226
-338
65
-136
35
132
122
-40
329
158
-226
-101
218
-17
258
84
-163
-66
-91
273
-214
212
117
129
261
-168
-149
-71
-19
10
148
-38
-277
-158
-382
50
169
-131
193
-157
109
-130
155
216
252
-182
-172
-66
-202
137
-300
-106
166
89
142
106
-31
131
-88
-243
127
-154
118
136
216
149
-100
-155
254
104
-131
123
-59
-196
155
-214
-76
-187
71
45
-112
-82
-108
223
-161
25
-94
-126
177
-251
49
-232
266
237
21
-102
293
-121
-240
347
134
105
-295
195
24
-275
190
369
75
87
71
-262
25
376
326
-206
-238
98
400
194
446
53
289
-64
110
-182
-218
164
-11
192
44
65
231
23
223
29
96
-287
35
-158
297
22
-256
-45
-346
-508
-293
-114
-164
-26
165
-122
-130
-138
46
312
-108
316
-265
86
-169
4
176
107
-178
144
37
-272
-75
-118
-101
25
234
96
-33
-55
277
232
46
-48
154
-75
216
-322
-272
183
-64
132
-59
155
-146
122
69
58
-81
162
77
342
240
68
-30
-301
82
-4
-47
-343
165
350
213
-224
134
-26
137
170
-14
1
146
-229
133
270
-195
-376
-54
229
-199
19
-253
25
70
339
-93
-369
-313
-102
-115
-56
40
-276
642
-121
-26
-34
-407
-23
-223
-298
-21
96
33
-244
-83
104
-232
-8
-215
-13
167
224
122
183
213
141
72
8
172
-68
-263
219
-62
-101
186
11
-115
-147
-125
215
-219
-150
-139
98
-152
253
-342
-129
230
105
131
-294
-288
-83
-30
-252
95
-124
131
200
-37
153
-353
291
75
-86
-15
-48
65
-299
37
-39
-186
-68
203
-39
96
-114
54
-8
19
-18
3
98
-75
-103
-41
48
-127
-121
160
30
215
61
-241
163
144
-56
130
-107
-68
22
34
-67
-137
92
20
-19
-295
-227
-257
-57
-82
-108
-310
-249
-47
130
-273
-4
-48
-47
95
32
-365
-41
-379
-52
96
-363
-235
302
-183
-134
-63
-99
-110
-20
66
-17
-167
-342
-255
81
91
92
89
257
-350
50
-74
6
-98
-21
-203
-102
-82
101
230
97
319
169
15
-113
-215
-103
-66
-109
114
-279
12
291
-169
220
498
259
-60
237
70
279
64
-235
-167
65
-133
-18
-175
255
279
283
-165
177
191
181
-70
-73
21
64
-140
243
-223
295
-256
-288
246
197
69
272
-176
291
116
-208
71
-13
-375
169
-137
37
292
542
61
-31
-284
-236
211
-106
-235
-80
-88
-262
-131
360
11
-58
404
273
-92
-320
-48
44
-135
132
-56
197
47
37
-71
42
-109
15
-193
-345
-152
11
230
100
-164
-46
181
112
-331
64
101
55
-177
354
120
150
-441
-270
-268
135
46
287
-51
-107
-165
123
-196
147
-217
295
-236
-44
-154
202
50
-5
-217
-1
69
70
-54
260
-29
109
233
-131
-161
-42
24
34
-29
-21
-71
-88
90
-270
-218
-193
-266
132
-206
-154
-474
257
-143
-286
20
211
-420
103
-61
158
194
-471
460
98
39
303
343
436
190
10
222
85
-97
-218
28
46
142
-130
127
7
129
-185
-111
205
214
102
99
26
8
265
-148
-235
-155
134
-295
-305
-336
163
82
-229
81
-89
-214
-202
-191
275
51
13
-168
-222
-151
-279
155
65
-21
65
239
-81
39
-283
-89
-29
-182
-54
-153
-95
-157
238
-299
40
202
29
-185
20
-366
150
28
-327
-70
162
109
52
277
176
250
344
152
-161
8
-252
-7
72
444
-206
54
52
-44
203
-162
-61
155
227
-114
-289
-225
37
-230
-97
88
123
-126
16
-326
-76
-92
239
-85
207
196
-39
-327
-454
491
185
-404
99
-30
-346
123
-120
127
96
-19
139
-34
102
-314
-87
22
426
-206
87
212
-163
99
-321
26
-145
-101
76
-103
-197
116
-198
157
272
247
-52
88
-69
-130
167
-104
-296
-405
-43
-30
-109
146
120
43
102
-168
147
227
-189
16
75
-196
155
70
36
-89
191
212
-124
-91
159
140
-39
33
-52
-165
51
187
-3
41
-89
-90
174
145
-189
403
-208
-172
8
-230
-45
-273
222
-163
-115
-41
154
262
-114
86
8
58
282
-31
-281
-57
171
-38
127
-52
209
-33
142
228
235
199
240
241
164
-216
-62
-219
-25
-220
142
-61
-183
-173
1
-208
75
-22
30
-186
155
-179
-50
-117
-4
191
-459
-258
257
82
319
-321
-16
-186
-48
109
49
128
-215
-495
30
-88
-290
-24
-368
83
-204
44
38
-118
-299
-451
228
-199
126
-121
60
-98
197
-279
426
-61
148
-167
132
-160
-219
-73
102
226
-261
233
-263
-4
-253
-157
113
-164
74
460
-118
43
-313
83
-88
-94
28
22
194
255
-36
-261
-121
-369
-20
343
240
-27
-225
168
333
173
242
80
-46
10
-103
26
-103
-308
226
69
-123
-90
55
-160
-86
-110
257
-320
-222
109
276
-11
240
24
-18
-102
-347
-213
-134
8
187
200
154
-483
55
-296
-58
152
-268
-99
344
-61
-9
-215
-72
-44
57
122
-387
324
-33
120
-167
-324
-167
71
265
233
-96
7
83
316
33
119
-355
-209
432
-194
-306
12
211
93
-135
217
-169
-245
103
-121
29
224
-53
-18
211
14
67
215
28
-89
128
17
43
71
-58
-163
26
14
376
139
-193
-22
16
-32
71
-244
117
8
-4
-165
-118
46
-9
-170
-93
128
-34
69
10
-217
357
-45
33
379
467
-69
239
33
160
14
-180
-75
-37
-309
-174
-220
237
-55
-179
-142
80
142
-246
-219
-148
-85
-226
40
-66
-158
-127
448
207
-19
-133
-401
229
42
-297
166
-314
-109
-23
58
173
204
66
-244
-67
-86
55
315
99
237
395
552
1
108
-4
-324
-160
127
-43
139
272
257
152
-50
67
-267
132
162
94
6
288
-153
405
253
-63
-19
207
-157
182
39
-143
-276
-120
-162
159
-46
-57
339
-80
180
-21
-407
134
-25
-51
-68
-195
188
173
-118
-250
-210
76
-100
-82
199
-24
-50
249
61
158
-242
-203
-301
-253
70
48
-163
-78
287
-351
181
-250
71
-49
160
169
240
-71
163
170
-161
-110
15
-222
141
256
-293
-106
-101
36
315
86
-412
-8
-86
347
64
-431
324
-321
125
157
394
-30
-303
299
3
-119
246
-109
-74
113
269
245
92
-244
-229
-432
-189
-61
169
-212
254
320
-11
72
-282
-129
153
-41
31
467
-68
-40
-229
77
84
-133
-121
-151
-45
-112
-170
-210
-105
60
-473
-106
-100
-174
311
120
140
43
-120
-336
-292
-100
-44
