50 100 225
0 0
0 7
0 19
0 45
1 30
1 39
2 9
2 15
2 30
3 0
5 14
5 17
6 15
7 3
7 21
7 25
8 9
8 10
8 17
9 0
10 49
11 35
11 37
12 8
12 27
12 43
13 28
13 48
15 1
15 15
15 22
15 31
15 34
16 7
16 18
16 29
16 42
17 1
17 43
18 11
19 12
19 46
20 25
21 7
22 1
22 12
22 23
22 43
22 48
24 1
25 34
25 44
26 7
26 29
27 28
27 36
28 20
28 49
29 25
29 27
29 44
30 35
31 15
31 27
31 35
32 29
33 1
33 9
33 16
33 39
34 3
34 21
35 24
35 42
36 13
36 46
37 3
37 8
37 40
38 5
38 33
39 17
39 35
40 20
40 29
41 20
41 36
42 15
42 16
42 20
42 34
43 19
44 13
45 22
45 29
45 36
46 21
48 35
49 1
49 29
43
0
37
51
96
86
6
67
88
9
97
2
20
16
19
50
14
74
84
38
46
61
30
87
42
78
23
45
68
29
5
92
62
89
48
44
47
1
13
82
21
76
40
79
26
85
18
31
56
94
98
70
77
39
36
41
64
71
7
28
58
3
57
22
52
55
32
10
4
27
49
66
8
90
93
81
69
80
34
25
83
35
59
72
33
65
15
91
95
54
73
11
12
75
24
53
60
17
99
63
153
-30
-631
-133
-189
107
254
-234
159
295
-45
-212
-30
225
-412
213
12
-273
9
346
-128
33
-196
-282
151
215
-333
-107
145
-228
479
37
16
115
-136
258
47
224
205
166
297
-261
-120
259
67
134
43
-131
-310
-379
348
180
321
-120
-73
142
-150
-253
-187
-32
240
-318
-54
292
79
-37
134
130
-34
123
61
353
80
7
-17
170
-159
106
89
38
373
434
330
111
219
46
-219
288
183
137
-300
213
-110
-169
38
-88
-320
336
34
-126
-271
-261
10
186
66
-48
306
-65
-239
-16
-177
-170
165
-52
446
-174
-419
32
-165
-1
120
-190
-124
127
436
34
220
351
236
14
-115
264
125
-311
194
-211
159
-81
-304
-205
143
-113
295
-56
132
72
-59
216
-70
217
-6
269
-17
114
137
94
298
-242
-195
228
99
-12
598
103
230
-52
-109
222
-158
-442
161
139
32
-64
240
-175
420
-24
185
59
22
304
-187
54
-21
13
-251
87
283
-138
48
121
-56
-271
-54
230
148
179
-105
46
108
236
162
-63
60
-199
-181
62
-184
111
19
-24
-197
-157
-333
-71
-154
-9
23
-225
146
138
-372
52
24
-6
72
4
-529
-116
-243
284
549
-97
-324
-214
-507
-52
-2
-113
-532
-87
-518
-296
-116
-112
43
99
-241
-314
159
296
327
-72
347
-294
131
-64
-288
-96
-157
-374
-27
-153
-235
57
-56
139
-220
-94
-8
-90
-213
-243
38
-55
112
126
-60
-237
13
377
127
-15
-93
204
332
83
246
-69
297
-289
-104
-122
51
-210
-85
-249
-297
-333
-130
312
-253
-271
286
248
-9
230
397
-64
-425
-90
-304
-61
-30
44
513
167
-60
-52
45
517
456
240
-46
-185
-156
183
-29
272
-134
-417
-184
54
374
-10
-103
0
-122
-388
153
17
473
83
-100
-127
261
-240
26
-186
176
161
66
-259
327
-54
193
97
-223
-148
204
-46
92
263
101
-193
94
-93
-216
-60
-355
112
5
266
-425
95
113
80
3
1
166
-192
-21
-168
247
-166
362
165
-251
26
41
-164
364
-154
256
565
132
-4
267
84
151
-149
134
-272
40
-62
-310
-375
23
-211
24
5
-82
305
30
-67
-348
-95
-128
-173
20
31
28
-167
-248
159
-7
-310
-361
-177
-262
-268
113
-63
-253
-66
9
111
296
370
-330
266
160
-240
-1
90
318
-172
4
-66
-121
-24
147
-71
-384
-1
-117
-86
405
-400
-376
73
191
24
75
-331
-285
8
235
-398
122
157
197
-134
35
-107
-83
-36
-4
106
227
90
-150
-49
47
29
-369
-81
-42
273
-191
58
81
73
31
174
-128
-76
19
196
-15
-148
209
-82
-272
246
85
96
-21
47
178
-230
-144
-43
26
-150
97
-247
-193
-142
329
130
28
268
-149
-135
-99
-155
-133
406
99
22
1
-99
23
123
269
-26
102
393
344
-238
-29
-48
-130
159
-72
291
309
-211
-58
63
681
18
-431
439
305
-113
248
-39
315
-135
41
-28
93
199
-327
-21
-68
159
179
43
119
-8
-214
33
-217
239
-320
-8
95
118
62
333
78
30
61
-130
189
-19
7
-127
16
109
274
-89
-46
138
16
-18
252
-399
-206
67
-97
-608
-207
-116
-141
347
-291
-232
51
-223
-113
-378
260
-198
148
-319
235
11
43
-30
524
-64
-282
-360
626
52
124
376
-26
301
-427
9
-428
-93
1
-92
221
695
-130
-519
-94
229
-63
-210
221
103
-1
-205
-229
-147
95
401
203
-22
434
213
-196
-20
216
-235
-306
-57
79
-3
165
-194
35
-137
190
-133
443
99
-109
-109
64
171
342
-59
20
-140
174
16
271
-385
329
171
644
39
193
320
222
-270
-452
96
117
-116
370
60
77
408
4
-75
250
258
-159
185
-183
-197
158
-120
1
-97
-20
-372
29
-154
365
-192
177
20
329
-106
230
47
234
438
172
19
-320
279
-172
-14
34
286
-29
-118
67
447
-23
-170
-511
-185
258
-38
-672
482
267
140
5
219
-630
81
-349
211
-8
-83
-242
-5
-61
16
6
186
190
311
255
62
-488
65
24
159
-282
-497
-39
66
-343
-8
504
-131
122
-239
162
39
-351
-149
89
-122
47
58
46
-246
260
146
92
162
-442
112
-63
-2
-363
203
43
-228
481
366
334
144
-179
186
-65
-259
171
231
-134
158
53
-257
-32
-260
10
92
274
289
31
-74
58
-230
246
-157
-182
-191
-5
102
-182
134
268
-218
-169
56
-10
344
-184
12
-138
411
275
-114
74
-50
333
-92
38
-124
-107
-107
-27
-7
-175
314
152
-333
147
505
20
-297
-118
-622
189
-62
32
-12
510
-238
85
77
85
-34
-52
75
-241
-99
-269
-155
204
-343
-321
-28
135
89
257
-12
97
22
-26
134
-329
184
149
-149
58
-145
-37
-103
-371
-154
-130
450
53
-72
177
169
323
-35
-184
130
-193
413
302
139
64
183
461
137
235
-191
-164
495
-279
381
3
-223
-205
-328
-71
18
135
297
-233
-286
194
-51
-111
-8
-305
231
-109
-397
-33
-23
-47
-188
-21
-267
83
276
-58
-116
-116
-120
128
83
-10
513
-140
-42
-156
-72
131
100
518
-196
231
36
-4
8
195
-439
-103
-164
469
-394
-265
135
382
-54
7
84
67
-10
-142
161
78
-295
159
-367
324
156
133
23
-25
-335
359
468
64
-280
-48
502
141
-261
134
46
-133
207
491
206
-266
192
97
-35
-46
67
-155
124
-44
0
45
-213
185
54
-1
-86
-213
-117
-393
-433
-347
-287
-1
282
456
-326
364
183
-62
-244
-123
210
-13
-191
-190
301
-260
63
-224
179
-204
-21
101
17
244
593
629
104
281
41
179
46
266
-112
65
223
300
-144
185
-143
2
81
-224
-480
384
366
-266
207
66
-456
-111
54
-480
-434
280
237
9
-192
-182
-169
-107
-121
-352
-39
306
566
32
264
-268
-227
-236
-280
221
479
-76
121
-645
354
-494
-81
338
-84
-119
-141
-283
175
-117
-35
-135
234
-231
96
130
-214
376
-86
53
48
-244
92
446
30
-218
488
-39
-188
-446
294
127
48
-127
-22
223
-47
178
-241
2
-274
-117
101
-466
27
-212
-42
-134
225
473
197
202
325
-131
205
74
-184
39
-155
18
177
-81
-60
-49
-13
-2
56
-37
13
-243
-215
157
269
-91
-243
7
-213
218
-63
-277
69
-9
-219
83
68
-89
-73
179
-280
-385
-46
394
13
-185
-191
51
82
-355
-275
14
241
-130
-198
-62
-469
-176
186
378
-196
-107
-119
147
581
-233
4
-222
-314
-402
-55
188
114
55
118
-363
183
265
224
195
187
0
-189
158
-297
126
68
56
-138
251
138
-107
-405
-238
489
-60
247
55
-75
-183
193
78
164
25
-155
387
327
-162
-384
-228
-93
158
-264
565
68
-87
4
209
-129
36
-127
341
-114
-23
-366
-207
28
303
221
353
222
-204
418
-202
51
-183
-103
194
260
15
20
-100
-251
131
257
199
72
120
86
441
12
-582
178
-263
-184
90
23
-63
58
-184
173
549
44
179
20
-450
-201
-311
-178
36
39
-136
-97
-81
-37
18
-340
147
-160
152
5
107
18
-468
13
-367
95
77
153
-149
-116
130
-72
330
-311
-52
-222
126
-186
540
293
-83
107
493
-250
-49
171
578
-53
53
33
-215
4
481
-59
85
259
242
-165
-123
-198
-545
-175
-77
103
-11
12
-73
-118
-119
-225
359
198
-261
-8
-16
483
-7
402
-670
-86
-271
39
-466
153
-448
65
252
-104
-303
29
-142
-375
260
-34
143
491
-117
18
-499
267
-381
162
416
2
-80
120
283
164
609
-504
-276
-53
-50
52
-50
18
-325
68
-74
-517
165
-75
-82
20
-37
104
177
58
-449
3
-58
-44
-462
97
84
-319
167
-73
-338
-8
-187
-350
-53
133
483
111
-57
-45
-126
-271
-319
-243
35
-330
3
-218
-177
90
393
261
67
-58
204
-430
228
229
200
175
-114
77
-369
-257
156
97
100
-529
101
64
-250
-115
-595
-173
192
-183
-48
-71
168
-270
140
-63
-308
55
-222
-48
-58
108
155
-142
-123
-189
-59
245
146
201
227
157
-332
143
-183
-249
-44
20
533
352
189
65
31
-359
103
-240
152
183
349
242
96
-476
44
280
305
207
-357
-11
52
-244
-606
-12
-296
-184
486
-81
-160
47
180
-43
-50
-187
34
245
-432
-107
-326
58
-274
19
325
19
-94
-14
199
25
7
-199
-331
-127
11
97
313
127
83
199
-267
214
-188
-273
-23
214
-272
-12
28
99
61
-317
123
-7
207
-70
-37
-134
-271
170
136
184
-416
369
145
-58
479
166
-96
42
163
-139
-305
409
29
-226
135
-88
144
12
-72
25
-44
104
-69
153
-664
233
-109
70
91
114
244
74
234
575
29
-70
-133
-6
-195
-355
105
-86
142
111
-24
-202
87
39
-350
-170
51
404
-249
5
-47
454
79
-54
-374
39
618
279
-78
177
-21
97
66
-103
-152
-462
-166
-98
64
-41
-45
-57
128
397
121
42
107
149
326
-104
-87
138
-130
-189
-329
-25
-613
218
-281
86
-68
-34
-631
-68
-209
-623
110
190
-262
311
142
254
-287
-237
-167
-150
55
-8
296
-48
-218
103
206
380
-308
-243
5
406
-573
241
-411
-226
133
-36
166
-288
146
173
-62
-139
-558
62
-118
-166
9
-141
-282
550
-181
4
-32
59
109
-28
-24
-128
-90
117
45
113
134
-316
433
-443
-195
-93
8
-85
177
-3
17
-421
242
111
194
-155
-76
354
-20
333
426
-201
51
-174
188
611
222
63
2
38
238
230
-95
-181
-226
-218
-505
-324
-313
-222
109
-267
-264
-71
-139
-367
137
56
-637
42
-261
-12
-337
-243
292
-151
236
215
249
-161
19
-226
136
-52
306
-62
-425
10
-106
-119
421
-180
-371
-180
-377
-184
-127
-337
-247
-327
-158
28
-80
-37
-152
127
-156
-28
380
-129
235
-70
108
30
13
-8
252
-169
-120
20
-93
-146
-151
-183
-27
133
-220
-38
-61
163
437
-159
330
122
315
-328
-107
133
-149
-285
-109
269
-330
-82
-189
160
47
-212
113
279
241
327
-421
193
322
-78
253
169
125
-40
-536
56
-300
470
186
-151
427
62
134
-377
59
83
-74
-337
170
-158
154
346
109
-340
35
394
-90
-53
-150
251
317
-370
-353
194
-106
148
42
160
1
-226
-127
-427
148
-240
-131
-190
-267
330
18
-359
-32
-203
-100
55
-44
-168
62
-257
96
-272
-241
54
13
-150
-53
140
-100
-504
23
-7
236
9
-112
142
-193
-92
171
493
-139
-32
-490
-202
-133
8
-74
-573
-141
67
159
41
-125
-857
-55
-37
-293
-393
-154
69
-37
-119
627
187
512
113
-64
52
109
184
-303
-95
-273
-227
-32
-107
-229
45
-343
-188
112
90
-158
161
-184
-271
420
-400
-56
45
-223
244
-67
287
-204
-290
181
23
-141
-201
245
-109
83
59
-59
94
-224
162
5
-168
179
-202
108
-120
112
63
74
-177
447
-288
258
-42
227
216
201
-261
13
-46
134
-358
42
136
471
126
-65
-199
-171
182
-233
208
-187
294
335
4
-447
-85
347
41
-375
292
-52
185
388
78
293
-2
-122
-235
-71
15
-222
-64
-26
113
99
-142
19
-167
379
161
49
290
-1
166
114
-153
-86
-136
-19
-153
329
-72
161
-203
-88
-262
39
-216
-85
-112
154
-226
-159
-156
594
7
-158
-337
-193
-378
-252
164
-14
-206
-64
93
-344
-294
-124
91
-154
-239
81
10
367
192
-168
104
-124
351
-112
318
-221
68
-489
213
-413
35
214
171
-229
-403
184
-336
-52
164
-59
-522
-142
199
300
-66
184
-261
53
-117
50
-90
96
153
-441
28
-139
160
-154
53
257
129
-58
362
161
439
-258
-231
67
274
150
164
127
401
81
-212
24
100
-224
-26
-178
-377
134
235
199
280
12
133
44
102
-259
273
-107
-62
189
52
75
214
-58
334
-149
-111
108
126
-302
477
228
34
176
67
21
295
54
-171
-239
-266
-362
100
-161
-77
103
-167
-82
509
-327
442
174
-269
78
-179
-363
-1
-93
-115
-258
-394
56
-387
-113
125
-165
-28
243
-126
233
-13
26
38
-78
85
-12
-92
240
5
291
115
116
246
59
140
-252
145
358
-203
-87
-78
109
-204
34
-224
278
-211
535
-125
170
166
40
98
195
64
-46
112
-61
52
-63
-157
-93
32
-202
48
171
-306
62
323
289
-63
-390
-10
301
-418
-145
551
-68
-149
-474
265
-32
-182
-68
-409
159
75
-52
171
41
87
64
398
366
155
-431
186
30
3
-241
444
-22
54
113
41
253
337
-427
-117
181
-37
239
-8
24
-160
268
-423
235
199
145
-239
-175
3
5
326
524
352
-123
-189
-53
128
-164
-273
-74
-88
-2
80
-147
378
57
-290
-122
4
259
-275
143
-81
250
237
-48
95
117
113
549
309
-570
69
-288
-178
-19
-62
-282
186
-45
-199
424
-143
-207
180
-174
226
129
89
248
-66
-420
-99
-180
240
-208
-158
-71
-29
60
98
-182
-117
-188
-115
-23
155
-128
82
199
204
41
-312
59
288
24
56
-65
-198
228
5
575
-101
-84
16
86
222
-97
-82
-85
-94
-239
-434
155
-119
-119
-104
-72
-216
184
74
184
282
-97
-499
317
102
300
-200
-394
91
99
330
-138
476
126
41
30
-81
286
-78
118
-23
-95
102
513
95
46
162
-317
276
96
-91
57
45
81
-410
-405
-172
-604
-164
183
-283
-55
-55
387
213
377
-175
150
-343
165
316
238
-123
-255
179
-254
81
236
-215
-89
-46
121
-311
-122
83
-22
135
-354
176
-31
86
-116
288
51
-24
121
53
8
-144
243
233
-172
111
200
-155
332
144
80
15
-46
-167
-134
352
-404
939
153
-16
-61
215
177
-58
28
193
-287
-23
-341
-214
428
175
-11
47
119
11
258
-223
82
261
54
125
220
-65
17
198
-193
44
294
-205
-72
196
-45
78
-192
-295
109
246
-46
-40
-24
-307
321
-303
150
-43
89
76
-126
-66
-40
290
-135
223
258
-228
41
63
138
-80
304
47
20
-166
15
189
243
-227
-13
544
-116
0
-86
-235
0
465
230
-273
125
332
5
-192
28
111
-175
195
114
58
263
-136
187
380
-186
-20
-439
15
-1
193
97
-1
-237
173
-93
-123
-146
-466
-1
692
150
287
-332
-309
175
-156
111
228
-170
-227
-8
-144
38
232
-306
-99
249
197
-22
236
196
300
-234
117
35
308
-195
146
20
-114
15
437
95
96
-38
126
-383
-180
301
10
269
137
-284
-108
344
410
158
91
13
420
162
-184
-198
-92
66
445
93
-25
279
533
207
140
26
-140
-89
-57
-262
-44
181
-212
-128
-186
64
-152
-383
-325
13
-64
-51
-126
102
11
152
133
12
-12
149
-168
-162
269
-97
-351
144
-165
19
105
-113
-84
81
125
-189
-105
224
32
-283
207
82
-61
139
-141
-153
0
240
162
-139
205
32
-432
81
-336
47
-15
-82
114
-422
222
10
138
-26
114
-59
447
-69
-71
140
-101
1
-368
124
-111
-474
18
-116
-373
74
172
-58
50
45
-41
-125
342
-383
-242
-536
257
130
-117
119
13
24
145
-279
-88
-197
254
79
55
-36
62
-181
-145
77
-376
176
230
231
-118
-148
74
-342
66
-113
58
-38
-315
-94
87
-52
-182
-265
-74
-240
13
256
-199
-26
95
-9
33
-292
144
-30
-248
71
196
106
-368
-126
-173
588
-229
7
57
135
187
124
581
-158
-251
332
-398
-43
-287
53
-179
-129
-491
-144
-351
-18
273
-282
320
-41
-128
-14
58
-242
43
296
39
205
213
190
134
173
-411
-32
-65
121
105
201
-19
-231
-206
-783
53
4
-282
222
-161
295
-60
71
25
-99
188
-29
144
158
223
233
194
27
43
-417
29
-331
149
-86
-352
415
-204
-152
391
-86
-158
38
91
165
132
46
-50
296
31
-98
30
389
146
71
-70
-114
-280
-5
358
-12
362
9
-400
80
-101
20
70
-197
-132
-418
298
-16
105
75
-387
16
-147
159
238
100
-92
108
-190
-147
-29
-310
-50
123
-92
39
440
-457
257
-81
87
153
-167
130
-316
314
-263
85
99
110
124
-87
-47
-164
-56
380
167
237
93
-529
-184
105
442
-83
286
106
-200
-449
-336
269
214
-373
73
74
-75
-312
-93
130
298
-71
49
61
-72
-1
31
-81
-150
123
-260
-63
-104
454
31
-96
-100
122
-106
34
-123
198
-352
-48
42
-12
-627
166
54
173
-15
55
-59
30
9
49
33
607
-387
-165
-23
4
98
193
165
12
-184
165
76
51
361
-115
-149
188
251
-221
82
-62
-179
-184
-52
262
325
-183
-73
141
-441
-30
464
299
147
-151
-177
-201
-278
-347
225
368
-174
-63
-234
-153
-112
277
188
-215
-159
-137
269
-430
89
-22
-185
-101
176
353
-242
-314
319
-508
-205
-267
-18
354
69
-619
-54
-117
-136
-132
128
-58
358
139
-176
2
250
-201
-39
-3
-148
99
297
-141
-4
-340
65
29
-324
104
-121
357
-430
160
-129
-432
11
-92
87
-46
-69
-179
89
-283
226
30
-65
-214
-244
117
15
-77
309
253
-72
-4
-144
-364
352
-21
41
19
-172
55
-411
-81
81
-44
69
-309
433
30
-16
-132
-112
-249
-104
230
219
179
-270
455
129
72
-35
288
39
-140
-49
-201
-368
7
100
-58
250
-133
-452
-200
-553
487
1
277
157
288
-162
152
-150
-377
-69
-216
-106
100
4
172
138
584
-74
453
-61
-92
-79
28
-493
23
117
120
0
-76
325
-164
-18
-116
-337
1
-204
-15
289
-87
50
-42
27
-15
196
-177
-192
-353
-78
-299
-203
158
80
376
431
193
-229
255
103
90
209
-55
208
75
26
358
-13
71
135
-420
310
-214
14
-88
-37
-179
122
418
-144
-282
-278
-311
-18
-82
237
-97
-290
101
-36
-316
300
321
-63
53
-106
-12
-343
-92
-31
29
228
34
223
-75
-107
3
304
88
487
104
271
-1
-231
-154
356
-113
-128
-194
318
-248
0
556
-63
108
187
368
-831
594
-67
38
-2
72
-195
-274
-67
35
-241
198
368
-395
-305
433
233
376
313
314
214
363
-305
84
190
347
-52
662
32
-92
545
440
304
102
-361
157
274
122
-41
-495
-243
-310
-229
-333
-129
483
46
-278
329
-324
191
-107
418
705
-399
170
54
-23
45
391
93
312
170
-93
-205
313
745
235
292
-62
250
-58
244
19
7
-13
215
-42
-6
-1
-14
336
301
-65
-187
-205
122
-135
-514
-16
-88
-33
162
46
-298
-129
-312
234
-281
46
153
-14
195
-200
76
40
210
-4
-182
-236
282
-11
-39
-75
487
92
-297
91
429
-232
52
-82
55
206
215
61
172
7
460
-181
-31
407
329
-268
-111
334
74
33
251
382
11
136
75
380
125
200
-266
-342
156
29
-60
-253
-98
89
159
-18
142
202
207
-192
272
154
-541
76
110
-211
-78
50
37
-34
-289
-50
429
-301
-132
26
87
-153
-36
38
-68
328
-266
82
86
-88
259
-391
-23
106
-563
29
-179
62
413
-108
358
32
-331
87
-249
-227
169
176
332
181
-182
120
580
218
-46
120
128
569
99
225
217
14
52
226
282
38
-28
180
257
187
142
92
-87
-26
-174
233
-59
-256
258
285
-309
-11
-237
-227
366
-291
159
239
282
32
95
-177
148
238
-2
30
241
-240
168
-122
9
-91
112
-1
-80
54
116
-202
-52
-98
326
-210
428
188
334
-234
-179
240
299
-485
309
-9
-159
-304
-45
345
50
-24
-477
-402
103
-51
179
-60
-247
231
-223
-254
-305
356
-2
-116
83
-102
-143
-124
-162
-115
24
-503
265
177
-268
-496
-5
143
-179
-107
-117
-91
106
-147
237
102
-44
-279
454
-323
-74
124
-13
-195
-2
-253
-113
-244
-161
69
-206
-419
300
71
-266
9
105
383
-126
-127
218
-46
-179
26
-558
557
-181
-344
168
226
282
-246
-94
-167
-174
-36
159
-249
291
250
-68
-35
-77
32
-35
-52
78
199
-211
-103
65
293
317
-57
-230
-400
71
-154
273
325
-166
-113
-298
137
74
26
-168
178
52
-47
-161
-118
36
88
-52
-243
-486
-32
-53
340
-293
64
66
293
48
-156
-143
264
-559
152
-86
-111
200
30
-191
-47
-203
-85
131
-127
87
-67
409
-123
587
-216
207
-160
-22
-320
54
-123
-28
-102
-261
-16
-328
-20
70
157
-54
117
-236
605
-82
-117
-158
111
-186
355
9
256
-37
396
-274
110
-60
-147
329
372
27
236
25
-54
164
-5
85
-25
339
62
-223
-311
594
45
296
-70
251
-426
279
46
64
-302
-217
120
118
-351
-42
-216
171
-188
72
196
-168
20
3
-57
-111
-376
266
-77
-193
-72
-707
76
-179
-235
422
-7
-316
-135
592
-153
-190
-457
19
-260
96
251
169
-21
242
313
-38
169
164
311
187
527
-117
101
-194
-88
294
123
-49
64
-32
38
256
56
-47
21
51
-109
233
-172
-221
206
83
64
-378
274
275
33
296
-338
-154
-160
301
-403
124
-68
-235
98
-330
461
-95
-55
180
326
96
380
-84
-188
142
640
-107
-266
-406
-345
-159
-183
113
-644
74
183
121
320
82
19
153
210
-54
-18
-81
12
33
86
133
-33
-397
117
86
635
47
-58
-230
-333
302
32
29
23
138
33
2
-277
555
39
-289
49
-143
-275
202
188
-841
-257
71
258
317
147
-263
116
186
-42
81
77
12
43
-190
-234
-323
72
-95
458
-164
162
319
-235
295
-182
27
-360
324
-440
133
-232
278
-260
393
-63
-280
154
97
62
211
-281
213
-79
-87
-117
-9
-250
-370
-402
-157
-151
-139
-299
169
328
199
8
244
129
-107
-187
-135
201
-229
459
-5
99
-118
-88
32
-60
-159
-115
297
-303
-282
-86
-248
166
217
353
-347
54
-12
56
156
322
-125
8
465
109
-26
-213
67
-189
31
-51
20
310
144
124
-47
-14
141
-59
156
180
-184
4
105
267
-327
-85
-2
-135
50
103
-293
192
74
201
-84
115
-89
37
-149
-39
373
28
-139
-495
-122
-89
-610
124
365
-266
117
-183
53
-276
138
9
102
-210
-246
12
309
-67
-23
638
51
-293
-104
-168
-23
-198
15
72
168
-155
102
18
-201
-219
281
200
333
393
130
-84
-29
-123
224
59
153
-309
-78
-203
-412
-45
-258
-82
25
65
210
-286
-278
206
317
134
-77
110
-110
-94
-21
27
-526
372
27
-47
-259
-93
-271
19
-321
92
4
-454
-167
107
89
-45
65
536
-220
-428
-123
156
154
-240
-98
-291
-267
5
-526
375
-331
106
-439
-114
64
143
-237
-360
-153
-71
181
-53
552
152
-177
-61
61
204
-300
-140
-469
8
-678
291
206
-102
-266
72
-462
133
319
471
37
-192
-108
-273
-201
-106
-173
118
84
187
219
-142
25
-84
359
595
-193
300
-214
-357
-282
155
502
-114
-40
271
525
-55
-188
-272
-123
-151
-125
178
53
-527
43
284
-28
-172
-226
263
-492
9
302
-267
189
-467
104
73
298
41
309
235
66
503
382
211
157
91
-341
-217
73
-490
195
19
81
165
51
-201
218
204
-382
80
56
-11
-61
-4
-140
-35
-28
179
126
404
142
-3
-230
192
344
-148
-118
-25
379
-3
81
22
163
-243
-222
49
246
561
-382
143
-25
33
95
-121
-162
-9
-52
92
115
-213
262
-93
268
86
-151
55
266
-107
61
-195
-214
-83
319
439
151
-34
-93
-452
-13
-255
212
-233
-31
198
469
182
302
310
-23
-273
-200
122
-399
65
-136
-156
-272
-328
315
-75
-439
-189
-133
-182
-260
32
-100
367
-3
125
-506
-225
-283
21
34
-214
-15
-159
22
-177
347
-120
-404
-263
122
-303
-403
-166
11
318
71
-173
338
332
-489
-38
176
73
268
-242
-127
-67
320
-290
-4
-40
-121
-39
-201
138
-12
-72
81
-259
292
-22
-119
167
-141
98
-493
-262
-41
-170
-16
-194
22
136
117
262
-84
-311
109
44
-86
16
61
228
37
98
198
312
25
-19
-98
-399
78
-83
412
43
-333
-48
483
12
-297
-102
72
243
27
38
430
-240
278
117
269
-25
-274
-76
8
-114
271
95
-253
69
301
-30
-296
-186
175
-251
-60
129
214
14
2
-167
53
370
-121
-536
11
476
132
0
-36
9
-20
72
-67
-303
38
-314
-341
-214
7
352
146
-75
-242
-69
118
81
-146
66
3
-74
369
73
110
254
92
290
-56
161
66
98
-261
124
401
201
-189
-178
13
71
-12
266
-102
169
-14
-23
-46
-85
-218
221
37
81
-101
-113
2
256
60
369
129
51
119
294
169
-176
274
-14
229
-319
331
-171
64
420
296
7
-257
-404
-47
-25
-26
-2
252
117
-13
-303
-279
629
-160
136
-399
-238
225
87
-153
-23
243
105
-62
209
85
-271
-59
-349
-172
-241
259
176
-145
-230
-136
37
46
-232
-222
67
241
-29
356
-113
450
-102
-142
-358
-94
-165
-301
-21
-87
99
-364
31
126
-86
-74
-321
563
-440
-35
93
-354
-139
-109
335
-175
-315
252
-250
-107
-171
284
-470
29
216
-409
-250
-373
273
-106
-12
-4
71
-169
259
262
19
-136
-252
-275
-55
299
113
150
21
371
241
225
136
6
-2
-15
-49
337
197
331
-130
83
135
-22
-373
98
67
206
414
261
-165
-151
147
48
-342
-150
265
385
192
5
222
240
186
-228
83
427
-130
-209
-48
-233
314
-342
181
-258
-219
-28
-94
-50
-135
-91
-379
-83
-339
122
-163
16
162
22
12
165
372
-633
-351
360
-21
-302
258
-82
-126
-45
327
37
606
266
-260
-171
-111
-394
2
337
-48
25
-41
-215
108
-203
-457
143
-24
-62
-565
-55
135
-82
-66
-247
-276
-255
-147
1
-6
-210
103
128
239
176
-304
134
290
-209
335
-390
352
-193
44
318
2
-223
-50
-18
-306
134
245
-51
462
-159
-11
73
-37
32
37
-139
63
70
-15
-42
185
306
0
-140
-238
-282
62
-59
-151
355
-291
-8
-174
337
-330
238
88
122
-225
48
470
-163
-63
-120
43
12
-190
217
80
26
-109
113
-303
-88
-133
308
138
-112
185
241
286
-474
-265
-72
-534
-17
-8
249
129
-291
463
237
665
-440
410
306
472
-42
-415
164
227
135
-115
204
-504
161
-31
163
512
-158
-78
-132
-122
236
-194
-102
-553
-280
-19
106
-30
-23
95
90
-118
-233
-362
-155
223
-143
48
-460
178
-178
-79
-152
-120
217
127
133
-267
-101
-198
-211
241
531
-20
108
-177
32
360
83
-37
-598
1
-53
-17
159
-337
-237
75
343
292
165
-768
-92
-268
112
-127
-103
-103
256
103
-130
429
204
-55
148
266
-6
-80
230
-21
-27
217
-224
172
-105
-377
44
-138
137
-65
77
324
-394
-104
91
232
-83
-120
185
-106
-126
17
-504
-66
632
67
180
44
214
-19
40
-12
200
-176
497
108
170
-152
97
235
28
-6
34
261
79
-24
614
-75
100
87
138
239
-29
31
31
-22
-144
204
-329
465
-85
-134
-330
271
99
57
477
-26
-172
255
-282
175
303
336
-279
175
-59
719
171
87
-199
195
-31
-2
-226
-246
152
228
15
-25
69
140
100
-226
-151
-189
-115
228
-228
40
211
95
-241
57
75
201
307
-193
-35
187
136
-116
142
292
268
119
177
424
164
342
224
338
275
13
-77
-410
376
-338
65
-48
-29
-79
386
219
129
-9
18
60
197
-258
-139
166
48
-214
-43
-99
-91
85
301
333
-1
-148
185
254
-150
-131
84
-204
23
36
370
-51
-101
-260
212
212
-146
189
-254
-56
-71
-159
-45
209
-333
274
75
200
138
496
-112
69
141
-122
-251
-423
-57
391
299
124
-437
168
-2
-222
-133
97
-194
23
173
-82
64
-312
-79
39
32
-80
385
10
-153
99
-151
216
-54
-325
11
261
91
95
76
178
56
291
-127
-52
119
-64
-469
-439
248
-406
-339
162
-145
92
-94
526
-260
-164
-71
7
-214
12
351
223
-321
79
315
373
171
-272
490
9
143
154
-181
-146
-122
-120
-241
-208
-48
508
66
-249
-52
-42
-164
-45
-212
28
6
293
-242
41
-28
23
-133
2
415
-211
-286
735
-317
-187
456
-90
243
-38
151
101
-107
-40
-408
-80
-7
111
-325
212
-77
214
45
166
-191
250
58
-60
-206
266
167
137
-296
409
54
-531
-73
-259
-229
175
306
-140
-27
-33
280
90
467
-267
62
-86
179
-118
148
293
252
-203
13
-4
149
198
-212
-227
147
303
-163
68
-435
-72
-94
131
-99
-175
-86
79
-276
-126
211
-27
111
-144
14
92
19
-11
-340
112
-71
-199
-165
221
-178
-172
194
301
-84
-317
269
-197
-32
-65
281
82
293
240
95
61
-79
-137
7
-66
35
174
-150
-160
-219
207
238
69
155
-68
113
-253
152
-165
-136
50
-228
20
220
-35
338
-236
26
177
-104
-97
69
196
-119
-154
3
-178
-156
42
179
-331
-287
216
518
228
-131
-86
-120
10
128
21
398
199
-157
-138
131
235
69
-43
266
363
-49
144
111
-78
-355
-93
-241
510
328
296
525
-368
-107
-351
-44
410
265
34
17
-114
327
-10
-57
369
-317
52
163
258
-79
-30
20
-75
314
-168
311
185
122
251
-333
-462
-98
-274
-110
-134
57
-138
-86
-2
241
-129
-215
-81
-95
-112
-5
92
152
-24
-14
89
-8
-49
232
146
297
-2
205
-115
237
-21
-161
-130
262
-160
-192
-323
-144
-211
426
184
-40
-61
-379
4
49
-37
199
397
15
-264
-375
-196
118
207
335
-548
87
64
-634
-53
269
256
-255
-651
-32
17
88
86
-227
-260
252
-58
-98
41
251
208
-149
-76
-38
25
109
130
-269
-78
-84
-26
-374
-260
344
90
-286
230
-369
51
158
148
356
-27
-152
282
134
-110
11
-6
-159
197
292
-104
-215
106
56
-90
-126
192
432
90
220
-52
121
11
313
-106
-486
-82
-266
29
-93
-6
105
450
-293
-297
-66
-91
208
-504
67
-314
18
-174
0
-497
260
-66
32
-22
125
191
19
388
-324
-145
335
-462
75
191
39
-25
369
303
123
-204
-175
-168
-17
141
39
252
-215
-46
-130
152
53
-32
-274
-10
54
120
147
509
-262
45
-38
48
238
31
-160
-212
96
-273
-286
-113
182
-110
114
-170
80
-60
158
-170
-179
241
-345
28
-247
-133
93
191
-222
-96
-128
-2
39
-489
103
146
100
-517
103
-15
-39
-419
70
-13
-236
-162
94
98
137
310
-241
0
-697
-71
-195
265
-466
150
114
43
-170
-22
156
-44
7
28
-129
-232
-325
573
-450
40
-51
-387
32
4
-15
-268
-65
42
14
243
-7
289
-202
-73
142
481
19
-348
-301
-500
-78
212
154
39
-265
460
350
-427
90
-362
113
101
71
172
80
129
16
515
-195
-217
-11
-112
31
-157
211
-240
0
238
511
-59
-208
-136
-395
-367
212
348
-116
73
32
-70
-149
-20
-36
132
223
117
446
-182
255
237
-63
358
145
186
-118
244
408
-73
330
-59
3
-17
29
250
384
488
96
79
-292
-208
-214
250
418
-162
33
-120
-20
-137
208
299
469
267
-326
167
265
312
22
105
-161
91
12
146
-244
573
-145
369
165
366
105
0
-39
145
-429
-235
26
-3
837
110
21
-166
270
253
-359
150
-154
-83
91
401
-383
-197
15
-242
124
33
170
132
-166
317
10
38
130
105
-108
189
-207
208
120
70
268
404
-181
-69
179
-28
43
-210
-223
231
-415
-148
411
41
-598
211
283
-475
275
-133
-578
-74
-95
-295
113
-37
374
149
-180
520
50
-209
302
-255
-70
-324
49
332
-20
6
-222
-210
-247
142
-69
2
-128
-300
112
-108
-270
401
100
341
-303
284
129
140
-88
218
240
-204
78
-675
112
-240
-249
-395
-35
-23
-147
-181
37
-277
-125
-368
-244
-233
-4
-149
-175
-61
-62
-227
153
-68
344
-120
143
-297
111
-257
-196
-135
62
230
162
-170
14
18
253
-21
-99
128
349
-29
-132
50
188
-77
-254
178
-24
-514
55
-33
-455
33
-225
371
20
178
-43
27
-120
107
-157
236
84
-177
-300
-76
45
703
-771
-277
20
146
-280
-7
284
447
369
-192
-208
-323
119
-386
-184
44
132
260
-58
-121
-100
61
-205
228
68
-45
-160
338
325
240
-178
272
-18
-201
389
-218
539
108
88
-16
-177
-300
-72
102
-52
-199
171
-57
408
166
-333
-44
-202
-151
30
-84
59
225
-182
12
564
-189
-84
385
174
-332
52
-169
18
-6
26
96
-96
312
80
-145
-546
-45
43
-297
-39
-368
-595
-49
51
106
-11
-320
-48
49
309
-164
72
-77
-1
170
-244
2
174
303
151
34
-7
-159
192
127
385
-1
-218
-40
-14
226
-224
247
36
-110
-82
577
224
-407
-144
-23
320
141
-81
-290
39
-347
313
351
-320
-73
43
-12
-38
25
146
84
266
251
190
-168
-182
-8
155
69
11
-367
70
-231
-47
297
291
134
237
60
65
-367
-226
-366
-121
-175
-58
144
-583
158
-51
-240
215
-51
-412
333
-306
42
-265
-203
-169
-245
237
-1
338
-22
-272
-109
-349
-112
-158
301
50
-108
23
-116
-214
-94
130
-370
241
-4
-93
-379
-249
-60
-204
285
-136
-39
-1
-4
270
-95
3
309
-108
-316
137
-242
258
329
-297
-574
-16
-319
-190
274
339
-155
272
213
25
206
380
-237
73
511
29
39
-187
134
228
-122
-390
174
106
190
319
0
-146
81
-111
105
237
188
6
-459
-459
-377
141
-274
59
-115
21
11
64
133
352
-220
-89
210
-6
-292
-181
-337
93
-112
122
115
-262
-331
-162
56
-140
-548
-49
-72
-336
341
520
32
-84
73
-129
447
-87
82
-77
-27
105
-236
48
100
108
-167
54
-167
-177
103
75
-145
375
-119
5
42
-44
-146
-544
-118
-12
269
12
-89
220
-163
171
-140
73
381
362
501
-130
-267
379
142
110
-109
82
258
-142
105
107
-237
-17
209
-116
-26
-366
319
-157
311
108
96
-611
-165
353
-42
95
63
-222
290
-44
62
-55
-262
480
-146
395
-171
372
14
238
206
130
-228
143
156
-189
154
-69
-24
60
86
187
-74
-153
-296
-247
418
-145
-303
34
209
-211
60
241
27
-125
241
244
-91
-149
-9
277
-43
-86
-140
198
-151
277
18
339
214
114
-239
-149
-75
67
-30
155
-184
28
-123
297
-221
53
145
19
260
-145
9
155
52
-204
108
-362
278
252
-110
195
-357
-13
217
-197
-7
-160
83
17
147
-4
185
200
102
279
24
-465
441
135
-57
-1
-91
64
233
279
290
-124
-231
-187
-383
-88
140
-290
316
-9
-165
381
415
-209
-233
139
235
9
297
45
-67
-186
-67
-109
183
-94
224
-90
-242
121
-154
-116
-410
45
46
150
-208
204
209
504
29
-32
-18
-174
-116
307
-103
0
140
278
257
200
-70
-405
120
-75
-36
100
30
-79
335
155
-6
-60
630
84
-1
-67
221
382
138
-288
211
86
395
-36
310
-140
202
660
-312
250
696
-241
19
-53
170
-86
-27
326
253
-179
26
124
317
134
312
61
365
-150
166
202
-157
446
14
-131
-304
84
523
-123
-121
-59
-342
46
126
104
-73
111
241
254
340
76
88
11
55
178
165
285
-151
72
-110
-530
-116
-68
108
-11
-17
69
-440
-296
311
-318
170
-366
-123
-444
322
161
-91
-179
-70
-556
135
42
163
105
110
-152
166
-78
13
166
138
137
-136
114
-7
-173
391
16
-78
-90
6
-169
355
470
-230
218
-110
-123
-277
-30
100
-244
-240
-23
259
288
195
-306
131
-246
-261
-284
-165
96
-170
-150
163
166
-29
236
13
-129
-239
354
27
-72
107
-341
270
313
-164
154
-329
186
229
-141
-333
-250
-133
103
-146
-224
66
44
117
261
468
-5
144
-5
-141
-2
65
320
158
42
32
-333
-250
-281
221
-44
-43
161
75
186
109
271
138
-299
-312
230
-320
179
64
171
-178
-207
-110
-14
146
-81
10
-61
-166
-286
-203
346
179
76
114
166
-404
74
96
-206
-116
-194
216
-346
-234
-276
14
-56
52
352
289
32
-215
529
13
134
-250
330
-47
-70
-52
-108
-399
-178
160
135
72
240
-439
-196
29
216
-286
147
-181
651
56
-325
-87
-68
-251
-89
-16
15
-118
-48
-186
-15
166
476
209
58
72
-103
225
-358
337
-3
212
291
-55
-235
142
-349
135
-175
-80
-25
33
-129
-164
277
113
141
-117
10
-344
210
59
-232
211
-43
389
100
-24
498
209
91
114
-86
-300
-249
-24
264
-145
311
-171
312
184
-239
131
251
-92
349
-570
76
48
-31
-335
-139
62
-421
-221
179
285
111
41
147
-95
179
185
-515
-79
79
-296
-620
-296
0
-84
-72
7
-23
-112
149
-33
-139
-8
375
185
-214
68
363
-53
-13
46
104
-111
184
-59
507
363
-531
-204
103
-228
17
143
53
159
196
-235
-221
-79
11
-176
-128
205
53
-244
-100
-100
-288
-159
-87
404
129
174
158
313
-47
-150
-473
-260
-250
64
567
162
-135
-36
105
80
0
-170
-12
110
-99
-61
-46
159
-91
116
516
132
-149
47
183
-397
167
66
-219
-31
77
324
357
24
24
85
-58
89
-516
675
97
-196
137
51
-127
228
280
-203
72
-154
-108
356
573
-167
191
-185
-90
-162
-5
-51
-430
-183
-292
1
-294
-336
-43
180
24
-243
-311
134
309
-21
133
54
-43
48
-125
11
-63
-167
-483
156
-520
250
-231
-130
21
217
-129
360
109
-81
-118
467
-7
-68
-345
-45
-56
-574
-93
-33
-565
-75
-73
-473
-264
15
-278
120
345
-25
-28
-86
11
234
240
-119
707
18
218
140
230
-110
-162
196
-253
171
10
154
59
-185
181
-33
-76
240
-96
-202
-315
308
314
71
-156
13
298
-109
-237
467
-115
106
297
-141
8
-169
-144
106
51
-23
-27
181
-415
-328
258
-89
116
174
278
-15
144
64
255
-4
-274
-409
-167
-108
-271
201
10
348
36
47
-550
-177
-53
147
-78
-148
307
9
121
-802
-222
92
20
-274
-143
-56
-91
270
-87
165
-190
-506
-93
449
45
-240
-249
53
-150
27
138
-225
89
-450
139
9
-405
-340
-106
-383
66
-250
172
-198
-2
-143
271
-13
-273
78
-97
-115
222
242
-170
-156
-5
406
-61
81
-168
-239
-66
-228
4
13
-189
-82
-51
117
-311
145
119
387
192
130
-124
153
-309
-71
-125
-294
350
396
-108
197
131
-61
150
-10
584
-21
145
-353
-82
62
-61
-199
25
-13
-54
3
121
355
74
161
80
22
145
220
-166
-51
-221
-77
-49
405
262
137
-190
58
315
216
-478
107
-121
-361
169
169
167
28
215
345
-184
-205
92
-277
-121
100
-348
-213
348
57
-396
165
-184
9
-9
256
309
-379
-285
58
-191
168
-42
-209
153
-35
-319
46
36
-264
118
-126
-26
-51
-218
475
-51
-322
239
-148
-161
117
395
38
268
143
-43
-362
197
-86
-42
-187
-94
-137
225
98
220
84
-281
-181
288
84
131
-15
106
-185
-337
328
-500
192
277
-27
-638
274
-32
233
233
-142
381
-138
353
-94
370
-134
-112
176
-283
-163
-357
-86
-293
636
-93
-442
19
244
334
-54
-40
-67
-238
-153
129
-154
255
79
20
-364
-111
-97
66
-269
83
208
234
-151
-147
247
45
432
254
65
-238
-336
93
76
327
-180
38
-314
-80
-268
407
-50
418
166
-64
75
-15
-65
-87
-60
-330
148
9
-72
75
192
259
-42
8
115
124
-248
-68
173
-32
349
-79
-217
135
-129
-86
260
67
-95
62
-190
-143
-504
108
-349
-98
192
-87
-314
-296
-27
222
383
-520
-94
-19
83
220
-15
99
-172
-203
-302
122
76
-242
-45
-81
-508
-1
-586
67
165
-79
-78
89
-341
223
-46
16
203
-143
300
100
-3
28
-120
299
165
29
-164
-156
-318
252
143
-42
334
-704
-322
-120
49
-115
-537
1
220
252
-348
-223
-210
224
89
-86
-107
-133
-150
-496
-567
127
-212
96
461
-27
200
57
346
-108
-259
-69
460
-129
-151
-223
21
163
145
-33
-87
7
-14
-205
185
-39
-236
209
-273
-276
168
-514
-550
160
-73
-56
215
-479
341
122
518
-82
17
58
-278
-359
-490
-299
-74
343
231
110
170
-628
-5
-326
21
719
-183
205
2
105
4
108
336
277
82
471
-106
96
-118
99
141
-107
-352
-68
67
244
331
-66
-64
-213
148
151
-224
297
249
88
-14
-261
192
56
223
137
214
-224
-457
-478
-198
-161
-309
588
50
282
173
-64
-42
-40
138
-118
-362
-357
278
319
-143
-308
-301
-249
468
411
369
-2
-3
260
-56
42
-121
-99
21
315
-74
-126
1
287
-167
-252
-116
87
174
-42
72
-168
33
139
-118
-322
-275
-3
-3
-192
171
16
-342
58
101
-34
-294
92
54
-158
-371
26
393
280
-230
141
82
89
32
-131
244
-38
-83
25
16
216
32
595
-270
182
-54
10
-254
-105
-75
-244
-209
-140
127
365
211
-105
-407
152
-311
70
358
231
134
-95
-424
172
7
-267
-138
-49
139
258
43
-351
45
-307
76
-2
-110
-126
-40
257
77
600
124
116
258
-9
94
131
20
39
-252
196
10
-209
-136
-29
146
-71
404
22
-220
-38
22
-39
397
-65
-104
-151
34
-165
-457
-451
38
-32
-146
-112
-107
-237
99
5
2
354
-82
-301
14
-207
-84
241
-55
249
207
-454
513
171
289
624
143
175
131
379
-107
51
145
-85
89
-253
-117
-394
-173
-199
40
126
591
11
279
199
-59
-13
-20
-421
104
-261
62
-126
177
29
-111
-120
-57
-245
492
-496
538
-208
16
33
91
258
-338
27
30
181
-3
-217
-441
16
-180
-149
6
-49
-101
95
138
325
333
-67
114
-46
222
204
-410
-198
36
-8
152
-21
144
34
329
-83
-217
-490
-603
292
-226
-106
-100
-108
432
43
-427
698
310
65
202
313
-54
-61
-115
498
110
503
-238
-309
-246
-16
-97
-202
55
-245
118
-67
-149
-195
-90
-230
-195
108
-20
5
222
97
79
64
298
-133
-174
86
337
414
-183
-261
318
188
194
-92
-160
-302
98
38
205
-296
-113
-227
-94
182
-348
137
-217
118
119
375
-185
-146
-244
-43
269
-320
-120
-27
25
-206
27
558
49
101
11
259
-3
-276
-82
-331
77
46
-62
-150
221
163
156
-115
-164
90
-250
-255
-163
-161
100
308
-63
-244
-75
-93
272
57
-64
6
-345
200
-128
56
278
32
72
-133
63
154
463
-69
-277
214
250
554
97
141
-478
-306
-325
122
485
164
-42
-146
112
-286
-279
-149
-268
-247
171
56
-595
546
-445
-39
580
-322
-87
10
109
-187
-241
102
256
-38
-43
-27
-156
121
61
93
-85
210
-438
230
-27
355
-317
-8
11
-39
-208
-415
-32
-21
-106
352
69
-114
42
127
211
56
228
-90
275
-222
189
-57
129
-186
432
188
129
11
-409
172
13
-183
438
-9
-165
-221
-111
97
15
14
21
181
70
398
-78
-303
-109
-71
-83
-55
224
322
-67
-270
-217
-310
-55
123
73
19
238
315
-126
-162
115
203
141
482
167
-248
-188
-396
103
61
198
-506
252
166
205
235
266
-35
-125
187
-93
23
-297
97
-115
57
-65
-459
-130
293
102
-205
-262
32
34
256
344
-149
87
58
21
113
-229
14
-53
158
58
-206
-19
-283
-466
188
305
168
162
-40
-176
798
-146
312
-49
-258
-156
-86
-496
93
174
-26
-124
9
269
105
-206
-14
95
134
-77
-239
9
-111
165
-118
63
-175
-51
12
50
-373
-101
301
186
-192
-480
61
-226
153
371
-216
89
174
157
380
402
-242
174
27
303
161
-195
275
169
-2
-280
-61
-357
68
366
-56
193
80
-101
385
209
223
-173
112
52
204
-32
-151
-162
-93
294
364
-298
-253
-26
171
-268
-686
-45
-154
381
300
-286
350
-360
196
-252
345
101
-7
538
373
-41
171
248
113
-332
89
-399
-187
-384
243
-62
-209
-55
299
-111
-177
214
-104
-92
221
-104
32
348
56
57
-338
-83
116
-182
223
236
131
307
-316
129
115
-111
4
-117
-332
111
-207
-234
172
319
131
93
-151
116
475
539
88
100
46
-25
344
-401
30
97
228
-58
89
10
-229
10
-337
495
208
-537
-250
20
-67
-11
184
249
232
-83
-681
-181
-447
-180
-29
132
-283
-179
-283
-1
-72
307
-164
-437
-452
-222
284
-105
393
-75
-53
-134
-289
349
67
123
181
70
-84
-148
9
-228
519
-286
-17
111
-69
-131
-164
345
200
-261
66
-51
449
-275
193
-421
-182
-4
-179
37
40
203
-282
181
-80
337
100
217
-2
-23
-374
13
354
-285
40
13
-238
-78
0
-200
60
-592
-389
-13
-219
362
-117
546
-9
-72
-426
272
-143
323
197
-303
-14
1
-150
139
75
-21
-47
14
-97
-352
151
-401
96
-20
101
138
61
-143
93
-22
131
-73
184
443
-314
-197
169
-347
357
378
-123
-89
-47
47
252
-5
-186
-111
-468
362
-141
207
48
-203
-199
368
-447
391
-53
128
-464
65
92
302
502
81
-238
-69
211
240
147
198
-188
-434
-283
-78
110
-424
44
56
-71
-201
-16
165
295
39
91
-118
162
-222
255
-3
97
-149
15
283
181
68
108
-31
-40
434
-231
357
-197
307
-174
-254
-121
-415
-113
-281
197
46
409
262
336
-26
208
-147
174
268
119
-25
-110
82
-53
40
34
-564
-57
-89
-101
-189
207
174
-138
-323
54
-71
60
-148
-172
-155
-145
-149
266
225
-9
-243
86
-73
218
-150
-55
412
22
316
-294
-86
233
284
16
-133
-371
-168
533
371
149
-251
-510
209
-96
26
114
-85
-76
41
187
-180
47
-173
382
-158
152
296
210
-461
-39
220
-13
59
208
93
-111
32
73
80
-373
177
-105
-118
-339
-349
291
-260
-25
-423
321
123
-269
-540
191
480
-459
33
125
240
91
-157
260
233
132
-419
-24
-116
50
258
-220
194
185
226
-497
-114
36
-236
-126
-54
176
498
-84
-84
10
53
-157
36
177
-189
-279
-362
7
76
257
61
221
298
39
-124
-7
255
-227
-739
-82
384
-205
71
444
38
113
67
-359
-31
-410
-53
457
-201
-194
-393
38
-211
-318
497
-152
213
14
-205
175
66
51
-124
144
176
-158
235
-51
108
288
10
200
-111
246
-113
-628
-228
-399
-224
288
-181
231
-197
-221
65
-80
33
347
-111
281
-79
101
-171
398
164
-27
363
88
-469
264
-240
305
130
147
62
-82
114
11
165
-374
23
-157
-6
-224
-491
-214
-527
-259
-388
75
-156
41
152
141
-46
378
182
-260
-116
251
-19
297
97
-187
-76
-105
313
-246
243
134
148
299
-193
-172
-82
-22
12
170
-44
-318
-181
-439
57
194
-151
222
-180
125
-149
178
248
289
-209
-198
-75
-231
157
-344
-122
191
102
163
122
-36
150
-101
-279
145
-176
136
157
248
171
-115
-178
292
120
-151
142
-68
-225
178
-246
-88
-215
81
51
-129
-94
-124
256
-185
29
-108
-144
204
-288
56
-266
305
272
24
-117
336
-139
-276
399
154
120
-338
224
28
-316
218
423
86
100
82
-301
28
431
375
-236
-273
112
460
223
513
61
332
-73
127
-209
-251
189
-13
220
50
75
265
26
256
34
111
-330
40
-182
341
25
-293
-52
-397
-583
-337
-131
-188
-30
189
-140
-149
-158
53
358
-124
363
-304
98
-194
4
202
123
-205
165
42
-313
-86
-136
-115
29
269
110
-38
-63
318
267
52
-55
176
-87
248
-370
-312
211
-73
152
-68
178
-168
140
79
67
-93
185
88
393
276
79
-34
-345
95
-5
-54
-393
189
402
244
-258
154
-30
157
196
-17
1
168
-263
153
310
-224
-431
-62
263
-228
22
-290
29
81
389
-107
-423
-359
-117
-132
-64
46
-317
737
-139
-30
-39
-467
-26
-256
-342
-24
111
38
-280
-95
120
-267
-9
-247
-15
192
257
140
210
244
162
82
9
197
-78
-302
251
-72
-116
214
13
-132
-169
-143
246
-252
-172
-159
112
-175
291
-392
-148
264
120
150
-337
-331
-96
-34
-290
109
-143
151
229
-43
176
-405
334
86
-98
-17
-55
75
-343
42
-45
-213
-78
233
-45
110
-130
62
-9
21
-21
4
113
-86
-118
-47
55
-146
-139
184
34
247
70
-277
187
165
-64
149
-123
-78
25
39
-77
-157
106
23
-22
-339
-260
-295
-65
-94
-124
-356
-286
-54
149
-314
-4
-56
-54
110
37
-419
-47
-435
-60
111
-417
-270
346
-210
-153
-72
-114
-126
-23
76
-20
-191
-393
-293
93
104
105
103
295
-402
57
-85
7
-113
-24
-233
-117
-94
116
264
111
367
193
18
-130
-246
-118
-75
-125
131
-320
14
334
-194
253
571
297
-69
272
80
320
74
-269
-192
75
-153
-20
-201
293
320
325
-190
204
219
208
-80
-84
24
73
-161
279
-255
339
-294
-331
282
227
79
312
-202
334
133
-239
81
-15
-431
194
-157
43
335
622
70
-36
-326
-271
242
-121
-270
-92
-101
-301
-150
413
13
-67
463
314
-106
-367
-55
51
-155
152
-64
227
54
43
-81
48
-126
18
-222
-397
-174
13
264
114
-188
-53
208
128
-380
73
116
64
-203
406
138
173
-507
-310
-308
155
53
330
-59
-123
-189
141
-226
169
-249
338
-270
-50
-177
232
57
-5
-249
-1
79
80
-62
298
-33
126
267
-150
-184
-49
27
39
-33
-24
-81
-101
104
-310
-250
-222
-305
152
-237
-177
-545
295
-164
-329
23
242
-482
118
-71
182
222
-541
528
113
44
348
394
501
219
11
254
97
-112
-250
32
53
163
-149
146
8
148
-212
-128
235
246
117
114
30
9
304
-169
-270
-178
154
-339
-351
-386
188
94
-263
93
-102
-246
-232
-219
315
58
15
-193
-255
-174
-320
177
75
-24
74
274
-93
45
-324
-102
-34
-209
-62
-176
-109
-180
273
-343
46
232
34
-212
23
-420
172
33
-375
-81
186
126
60
318
202
287
394
174
-184
9
-289
-8
82
510
-237
62
59
-50
233
-186
-70
178
261
-131
-332
-258
43
-264
-111
101
141
-145
19
-374
-88
-106
274
-98
237
225
-45
-376
-521
564
212
-463
114
-34
-397
141
-138
145
110
-22
160
-39
117
-360
-100
25
489
-237
100
243
-187
113
-368
30
-167
-116
87
-118
-226
133
-227
181
312
284
-60
101
-79
-149
192
-119
-340
-465
-49
-35
-125
168
138
49
117
-192
169
261
-217
19
86
-225
178
81
42
-102
219
243
-142
-105
183
161
-45
38
-60
-190
58
215
-4
47
-102
-103
200
166
-217
462
-238
-198
9
-264
-51
-313
255
-187
-132
-47
177
300
-131
99
9
66
323
-35
-322
-65
196
-44
145
-60
240
-37
163
262
270
229
276
276
189
-248
-72
-251
-29
-253
163
-70
-210
-199
1
-239
86
-26
34
-213
178
-206
-57
-134
-4
219
-526
-296
295
94
366
-369
-18
-214
-55
125
56
147
-247
-568
35
-101
-333
-27
-422
95
-234
51
44
-135
-343
-518
261
-229
144
-139
68
-112
226
-320
490
-70
170
-192
152
-184
-252
-84
117
259
-300
267
-302
-4
-291
-181
130
-189
85
528
-136
49
-360
95
-101
-108
32
25
223
293
-41
-300
-138
-423
-23
393
276
-31
-259
193
382
199
278
91
-53
12
-118
30
-118
-354
260
80
-141
-104
63
-184
-98
-126
295
-368
-255
125
316
-13
275
27
-21
-118
-399
-245
-154
10
215
230
177
-554
63
-340
-67
174
-307
-114
395
-70
-10
-247
-82
-51
65
140
-445
372
-38
138
-192
-372
-192
81
304
267
-110
8
95
363
38
137
-407
-240
496
-223
-352
14
242
107
-154
249
-194
-281
118
-139
34
257
-61
-21
242
16
77
247
32
-102
147
19
49
82
-66
-188
30
17
432
160
-221
-25
19
-37
82
-280
134
9
-4
-189
-135
53
-11
-195
-107
147
-39
79
12
-249
410
-51
38
435
536
-79
275
38
183
16
-207
-86
-42
-354
-200
-252
272
-64
-206
-163
92
163
-282
-251
-169
-98
-259
46
-76
-181
-146
514
237
-22
-152
-460
262
49
-341
191
-360
-125
-27
67
198
234
76
-281
-77
-99
63
362
114
272
453
634
1
124
-4
-372
-183
146
-50
160
312
295
175
-58
77
-307
151
186
108
7
330
-175
465
291
-73
-22
238
-180
209
44
-164
-317
-138
-186
183
-53
-65
389
-91
206
-24
-467
153
-29
-59
-78
-224
216
199
-136
-287
-242
87
-114
-94
229
-28
-57
286
69
181
-277
-234
-346
-290
81
55
-187
-90
329
-403
208
-287
82
-57
183
194
276
-81
187
195
-185
-126
17
-254
162
293
-336
-121
-116
41
361
98
-473
-9
-99
398
73
-495
372
-369
143
181
453
-34
-348
344
4
-136
283
-125
-85
130
309
281
106
-280
-263
-496
-217
-70
194
-244
291
367
-13
82
-323
-148
176
-48
35
536
-78
-46
-263
89
96
-153
-138
-173
-51
-129
-195
-241
-120
69
-543
-122
-115
-200
357
138
160
50
-138
-386
-336
-115
-50
