50 100 256
0 0
0 7
0 19
0 45
1 30
1 39
2 9
2 15
2 30
3 0
5 14
5 17
6 15
7 3
7 21
7 25
8 9
8 10
8 17
9 0
10 49
11 35
11 37
12 8
12 27
12 43
13 28
13 48
15 1
15 15
15 22
15 31
15 34
16 7
16 18
16 29
16 42
17 1
17 43
18 11
19 12
19 46
20 25
21 7
22 1
22 12
22 23
22 43
22 48
24 1
25 34
25 44
26 7
26 29
27 28
27 36
28 20
28 49
29 25
29 27
29 44
30 35
31 15
31 27
31 35
32 29
33 1
33 9
33 16
33 39
34 3
34 21
35 24
35 42
36 13
36 46
37 3
37 8
37 40
38 5
38 33
39 17
39 35
40 20
40 29
41 20
41 36
42 15
42 16
42 20
42 34
43 19
44 13
45 22
45 29
45 36
46 21
48 35
49 1
49 29
43
0
37
51
96
86
6
67
88
9
97
2
20
16
19
50
14
74
84
38
46
61
30
87
42
78
23
45
68
29
5
92
62
89
48
44
47
1
13
82
21
76
40
79
26
85
18
31
56
94
98
70
77
39
36
41
64
71
7
28
58
3
57
22
52
55
32
10
4
27
49
66
8
90
93
81
69
80
34
25
83
35
59
72
33
65
15
91
95
54
73
11
12
75
24
53
60
17
99
63
174
-34
-718
-151
-215
122
289
-266
180
336
-51
-242
-34
255
-469
242
14
-310
10
393
-146
37
-223
-320
171
244
-379
-122
165
-259
545
42
18
131
-155
294
54
255
233
189
338
-296
-137
295
76
153
49
-149
-353
-431
396
205
366
-137
-83
162
-170
-287
-212
-36
273
-362
-61
332
90
-42
152
148
-39
140
69
402
91
8
-19
194
-181
120
101
44
424
494
376
127
249
53
-249
328
208
155
-341
243
-125
-192
43
-101
-364
383
39
-144
-309
-297
11
211
75
-54
349
-74
-272
-18
-202
-194
187
-60
507
-198
-476
36
-188
-1
137
-216
-141
144
496
38
250
400
269
16
-130
301
142
-354
221
-241
180
-92
-346
-234
162
-129
335
-64
150
82
-67
246
-80
247
-7
307
-19
130
156
107
339
-275
-221
259
112
-13
680
117
262
-59
-124
253
-180
-503
183
159
36
-72
273
-199
478
-28
211
67
25
346
-213
62
-24
15
-286
99
322
-157
55
138
-63
-308
-61
261
168
203
-119
52
123
269
184
-71
68
-226
-206
71
-210
126
22
-27
-224
-179
-379
-81
-175
-11
26
-256
166
157
-423
59
27
-7
82
5
-602
-132
-277
324
625
-111
-369
-244
-577
-59
-3
-128
-606
-99
-589
-336
-132
-127
49
113
-275
-357
181
336
372
-81
395
-335
149
-73
-328
-110
-179
-425
-31
-174
-267
65
-64
158
-250
-107
-9
-102
-242
-277
43
-63
128
143
-69
-270
14
429
144
-17
-106
232
378
94
280
-78
338
-329
-119
-139
59
-239
-97
-283
-338
-379
-147
356
-288
-309
325
282
-10
262
451
-73
-483
-102
-346
-69
-34
50
583
190
-68
-59
51
588
519
273
-53
-211
-177
208
-33
310
-152
-475
-209
62
426
-11
-117
0
-138
-441
175
19
538
95
-114
-145
297
-274
30
-212
200
183
75
-295
373
-61
220
111
-254
-169
232
-52
105
299
115
-220
108
-106
-246
-69
-404
127
6
303
-483
108
128
91
3
1
189
-219
-24
-191
281
-189
412
187
-285
30
47
-187
415
-176
292
643
150
-4
304
96
172
-170
153
-310
45
-71
-353
-426
26
-240
27
6
-94
347
34
-76
-396
-108
-145
-197
22
35
32
-190
-282
181
-8
-353
-411
-202
-298
-305
128
-72
-287
-76
10
126
337
421
-375
303
182
-273
-1
102
362
-195
5
-76
-137
-27
167
-81
-437
-1
-133
-98
460
-455
-427
84
217
27
85
-376
-325
9
268
-453
139
178
224
-152
40
-122
-95
-41
-5
121
259
103
-171
-56
54
33
-420
-92
-47
310
-218
66
92
83
36
198
-146
-87
21
223
-17
-169
238
-94
-310
280
97
109
-24
54
203
-262
-164
-49
29
-171
110
-281
-219
-162
375
148
32
305
-169
-154
-113
-176
-151
462
113
25
1
-112
26
140
306
-30
116
447
392
-271
-33
-55
-148
181
-82
331
351
-240
-66
72
775
21
-491
499
347
-128
282
-44
359
-153
46
-32
106
227
-372
-23
-78
180
203
48
136
-9
-243
38
-247
272
-364
-9
108
135
71
379
89
34
70
-148
216
-22
8
-145
18
125
312
-102
-53
157
18
-21
287
-454
-234
77
-110
-692
-235
-132
-161
395
-331
-264
58
-253
-129
-430
296
-226
168
-363
268
12
49
-34
596
-73
-321
-410
713
59
141
428
-30
342
-486
10
-487
-105
1
-105
252
791
-148
-590
-107
260
-71
-239
251
117
-1
-233
-261
-167
109
456
231
-25
494
242
-223
-23
246
-268
-348
-65
89
-3
188
-221
40
-156
216
-151
504
113
-124
-124
73
194
389
-67
22
-159
197
19
308
-438
375
195
733
44
220
364
253
-307
-514
109
133
-132
420
68
88
464
5
-85
284
293
-181
210
-208
-224
179
-137
1
-110
-23
-423
33
-175
415
-219
202
23
374
-121
262
53
266
498
196
22
-365
317
-195
-16
39
325
-33
-134
76
508
-27
-193
-581
-211
293
-43
-765
549
303
160
5
249
-716
92
-397
240
-9
-94
-275
-5
-70
18
7
212
217
354
290
71
-555
74
28
181
-321
-566
-45
75
-390
-9
574
-149
138
-272
185
44
-400
-169
101
-139
53
66
52
-280
296
166
105
185
-503
127
-71
-2
-413
231
49
-259
548
417
380
164
-204
212
-74
-295
194
263
-153
180
60
-293
-37
-296
12
105
312
329
35
-84
66
-262
279
-179
-207
-217
-6
116
-207
153
305
-248
-193
63
-11
391
-209
13
-157
468
313
-129
84
-57
379
-104
43
-141
-121
-122
-30
-8
-199
358
173
-379
167
575
23
-338
-135
-707
215
-71
36
-14
581
-270
97
88
97
-38
-59
86
-274
-112
-306
-176
232
-390
-365
-32
154
102
292
-14
110
25
-30
153
-375
209
169
-169
66
-165
-42
-118
-423
-175
-148
512
61
-82
201
192
367
-40
-209
147
-219
470
344
158
73
208
524
156
267
-218
-187
563
-317
434
3
-253
-233
-374
-80
20
153
338
-265
-325
220
-58
-126
-9
-347
263
-124
-452
-38
-26
-54
-214
-24
-304
94
314
-66
-132
-132
-136
146
95
-11
584
-160
-47
-177
-82
150
114
590
-223
263
41
-4
9
222
-499
-118
-187
534
-448
-302
153
435
-62
8
96
77
-12
-162
183
89
-335
181
-417
368
178
152
27
-28
-381
409
533
73
-319
-54
571
160
-296
152
52
-151
236
558
234
-303
219
111
-40
-53
76
-177
141
-50
0
51
-242
211
61
-1
-98
-243
-133
-448
-492
-395
-327
-1
321
519
-371
414
208
-71
-277
-140
239
-15
-217
-216
342
-295
71
-255
204
-232
-24
115
19
278
674
715
118
319
46
204
52
303
-127
74
253
342
-164
211
-162
2
92
-255
-547
437
417
-303
236
75
-518
-126
61
-546
-494
319
270
11
-218
-207
-192
-122
-138
-400
-44
348
644
37
301
-305
-258
-269
-318
251
545
-87
138
-734
402
-562
-92
385
-95
-135
-160
-322
200
-133
-40
-153
266
-262
110
148
-244
428
-98
61
55
-278
104
508
34
-248
556
-44
-214
-507
334
144
55
-144
-25
254
-53
202
-274
2
-311
-133
115
-530
31
-242
-48
-152
256
538
224
230
370
-149
234
84
-209
45
-176
21
202
-93
-69
-56
-14
-2
63
-42
15
-276
-244
179
306
-103
-277
8
-243
248
-71
-315
79
-10
-250
94
78
-102
-83
204
-319
-438
-53
448
15
-211
-217
58
93
-404
-313
15
274
-148
-225
-71
-533
-200
211
430
-224
-122
-135
167
661
-265
4
-252
-358
-457
-63
214
130
63
135
-413
208
302
255
221
212
0
-215
180
-338
143
77
63
-157
286
157
-121
-460
-271
556
-68
281
63
-85
-209
220
89
187
28
-176
441
373
-184
-437
-259
-106
180
-301
643
77
-99
4
238
-147
41
-145
388
-130
-26
-416
-235
32
345
251
402
253
-232
476
-230
58
-209
-117
220
295
17
23
-113
-286
149
292
226
82
137
98
502
14
-663
202
-300
-210
102
27
-72
66
-209
197
625
50
203
23
-512
-229
-353
-202
41
44
-155
-110
-92
-43
21
-387
168
-182
173
6
122
20
-532
15
-417
108
88
174
-170
-133
148
-81
376
-354
-60
-252
143
-211
614
333
-94
122
561
-285
-56
195
657
-60
60
37
-245
5
547
-68
97
294
276
-187
-140
-225
-620
-199
-87
117
-12
13
-83
-134
-136
-256
408
225
-297
-9
-18
550
-8
457
-762
-97
-309
44
-530
175
-510
74
287
-118
-345
33
-161
-427
296
-39
163
559
-133
21
-568
304
-433
185
473
2
-91
137
322
187
693
-574
-314
-60
-57
59
-57
21
-369
77
-84
-588
188
-86
-93
22
-42
118
201
66
-511
4
-66
-50
-525
110
96
-363
191
-83
-385
-9
-213
-398
-61
151
550
126
-65
-52
-144
-309
-363
-277
40
-376
3
-248
-202
103
447
296
76
-66
232
-489
259
260
228
199
-130
87
-420
-292
177
111
114
-601
115
73
-285
-130
-677
-197
218
-208
-55
-80
192
-308
159
-72
-351
62
-252
-54
-66
123
177
-161
-140
-215
-67
279
166
228
258
179
-377
163
-209
-283
-50
23
607
401
215
74
35
-409
117
-273
173
208
397
275
109
-541
50
319
347
236
-406
-12
59
-278
-689
-13
-336
-210
553
-92
-182
54
205
-49
-57
-212
38
278
-492
-122
-370
66
-312
21
370
21
-107
-16
226
28
8
-226
-376
-145
13
110
356
144
95
227
-304
244
-214
-310
-27
244
-310
-14
32
113
70
-361
140
-8
235
-80
-42
-152
-308
193
155
209
-473
419
165
-66
545
189
-109
48
186
-158
-347
465
33
-257
153
-101
164
13
-82
28
-50
118
-78
174
-756
265
-124
80
104
130
277
84
266
654
33
-79
-151
-7
-222
-404
119
-98
162
126
-28
-230
99
45
-398
-193
58
459
-283
6
-53
517
89
-61
-426
45
703
317
-89
202
-24
110
75
-117
-173
-526
-189
-111
73
-47
-51
-65
146
451
138
48
122
169
371
-119
-99
157
-148
-215
-374
-28
-697
248
-319
98
-78
-39
-718
-78
-238
-709
126
216
-298
354
161
290
-327
-270
-190
-170
63
-9
337
-54
-248
117
235
432
-350
-277
6
462
-652
274
-467
-257
151
-41
189
-328
166
197
-71
-158
-634
71
-135
-189
11
-161
-321
625
-206
4
-37
67
124
-32
-28
-146
-102
134
51
129
152
-360
493
-505
-222
-105
9
-97
201
-4
20
-479
275
127
221
-177
-87
403
-22
378
485
-229
58
-198
214
695
252
72
2
43
271
262
-108
-206
-257
-248
-574
-369
-356
-252
124
-304
-301
-81
-158
-417
156
63
-725
48
-297
-13
-384
-277
332
-172
268
245
284
-183
22
-257
154
-60
348
-71
-483
11
-120
-135
479
-205
-422
-205
-429
-210
-145
-384
-281
-372
-179
32
-92
-42
-172
144
-177
-32
433
-146
267
-79
123
34
15
-9
287
-192
-137
23
-106
-166
-172
-208
-30
151
-251
-43
-70
186
497
-181
375
139
359
-373
-122
152
-170
-324
-124
306
-375
-94
-215
182
53
-241
129
317
274
372
-479
219
366
-88
288
192
142
-46
-610
64
-341
534
211
-172
486
71
153
-428
67
94
-84
-384
193
-180
175
393
124
-387
40
448
-102
-61
-170
286
360
-422
-402
220
-121
168
48
182
1
-257
-145
-486
168
-273
-149
-217
-304
376
21
-409
-36
-231
-113
62
-50
-191
70
-292
109
-309
-274
61
15
-171
-61
159
-114
-573
26
-8
268
10
-127
162
-220
-104
194
560
-158
-36
-558
-229
-151
9
-84
-652
-160
77
181
47
-142
-975
-62
-42
-333
-448
-176
79
-42
-136
713
213
582
129
-73
59
124
210
-345
-108
-311
-259
-36
-122
-261
52
-390
-214
128
103
-179
183
-209
-308
478
-455
-64
51
-254
278
-76
326
-232
-330
206
26
-160
-229
279
-124
95
68
-67
107
-255
184
6
-191
204
-230
123
-136
127
71
85
-202
508
-328
294
-48
258
246
229
-297
15
-53
152
-408
48
155
535
144
-74
-227
-194
207
-265
236
-212
335
381
5
-508
-97
395
47
-427
332
-59
210
441
88
334
-2
-139
-267
-81
17
-253
-73
-30
129
113
-161
22
-190
432
183
55
330
-2
189
130
-174
-97
-155
-22
-174
375
-82
183
-231
-100
-299
44
-246
-97
-128
175
-258
-181
-177
676
8
-180
-384
-220
-431
-287
187
-16
-235
-73
106
-391
-334
-141
103
-175
-272
92
12
418
218
-191
118
-141
399
-127
362
-252
77
-557
243
-469
40
244
195
-261
-458
209
-382
-59
186
-67
-594
-161
226
341
-75
210
-297
61
-133
57
-103
109
175
-502
32
-158
182
-175
60
293
147
-66
412
183
499
-293
-263
77
311
171
187
145
457
92
-241
27
113
-255
-29
-202
-429
152
267
226
319
13
152
50
116
-294
311
-121
-70
215
59
86
243
-66
380
-169
-126
122
144
-343
543
260
39
200
76
24
335
61
-194
-271
-303
-412
114
-183
-88
118
-190
-93
579
-373
503
198
-306
88
-203
-413
-1
-105
-131
-294
-448
64
-441
-128
142
-188
-32
276
-144
265
-15
29
43
-89
97
-13
-105
273
5
332
131
132
280
67
160
-286
165
408
-231
-99
-88
124
-232
39
-255
316
-240
609
-143
194
188
46
111
222
73
-53
127
-69
60
-72
-179
-105
37
-230
55
194
-348
70
367
329
-72
-444
-11
343
-476
-165
627
-77
-170
-539
302
-36
-207
-77
-466
181
85
-59
195
46
99
73
453
416
176
-490
212
35
3
-274
505
-25
61
129
47
288
383
-486
-133
206
-43
272
-9
27
-182
305
-481
267
226
165
-272
-199
3
6
371
596
400
-140
-215
-61
146
-187
-311
-84
-101
-2
91
-167
430
65
-330
-139
4
294
-313
163
-92
285
270
-55
108
133
129
624
351
-648
78
-328
-203
-22
-70
-321
211
-52
-227
483
-163
-236
205
-198
257
147
102
282
-75
-478
-113
-205
273
-236
-180
-81
-33
69
112
-207
-133
-213
-131
-27
176
-146
93
226
232
47
-355
67
328
28
64
-74
-225
259
6
655
-115
-96
18
98
252
-111
-94
-97
-107
-272
-493
176
-136
-136
-119
-82
-246
209
84
209
321
-110
-568
361
116
341
-227
-448
103
113
375
-157
541
143
47
34
-93
325
-89
134
-27
-108
116
583
108
52
184
-361
314
109
-103
65
52
92
-466
-461
-196
-687
-186
209
-322
-63
-62
441
242
428
-199
170
-390
188
359
271
-140
-290
203
-289
93
268
-244
-101
-52
137
-354
-139
95
-25
154
-403
200
-36
98
-132
328
58
-27
137
60
9
-164
276
266
-196
127
228
-177
378
163
91
17
-52
-190
-153
400
-460
1069
174
-18
-69
245
202
-66
32
219
-327
-27
-388
-243
487
200
-13
53
136
13
293
-254
94
297
61
143
250
-74
19
225
-220
50
334
-233
-82
223
-51
89
-219
-336
124
279
-53
-45
-28
-349
366
-345
171
-49
101
86
-143
-75
-45
330
-154
254
294
-259
47
72
158
-91
345
54
22
-189
17
215
276
-258
-15
619
-132
0
-98
-267
0
529
262
-310
142
378
6
-218
32
126
-199
222
130
66
299
-154
213
433
-211
-22
-500
17
-1
220
110
-1
-269
197
-105
-140
-166
-530
-1
788
171
326
-378
-351
199
-178
127
260
-193
-258
-9
-163
44
264
-348
-113
284
224
-25
269
223
342
-266
134
40
350
-222
166
22
-130
17
497
108
109
-43
143
-436
-205
343
12
306
156
-324
-123
392
467
180
104
15
477
184
-209
-226
-105
75
506
106
-28
317
606
235
160
30
-159
-102
-65
-298
-51
206
-241
-145
-211
73
-173
-436
-370
15
-73
-58
-144
116
13
173
152
14
-14
169
-191
-184
306
-110
-400
163
-188
21
120
-128
-96
93
142
-215
-119
255
37
-322
235
93
-69
158
-161
-174
0
273
184
-158
234
36
-491
92
-382
54
-17
-94
129
-480
252
11
157
-30
130
-67
509
-79
-81
159
-115
1
-419
141
-126
-539
20
-132
-424
85
195
-66
57
51
-46
-142
390
-436
-275
-609
292
148
-133
135
15
28
165
-317
-100
-224
288
90
63
-41
70
-206
-165
88
-428
200
262
262
-135
-169
84
-389
75
-128
66
-43
-359
-108
99
-59
-207
-302
-85
-273
15
291
-226
-29
108
-10
37
-332
164
-34
-282
81
224
121
-419
-143
-197
669
-261
8
64
154
213
141
661
-180
-286
378
-453
-49
-326
60
-203
-146
-559
-164
-399
-21
310
-320
364
-46
-146
-16
66
-275
49
337
45
233
242
216
153
197
-468
-36
-74
138
120
228
-22
-262
-235
-891
60
5
-321
252
-183
335
-68
81
29
-112
214
-33
163
180
253
265
221
30
48
-474
33
-377
170
-98
-400
472
-232
-172
444
-97
-180
44
104
187
150
53
-56
336
35
-111
34
443
166
81
-80
-130
-318
-5
407
-13
412
10
-455
91
-115
23
80
-224
-151
-475
339
-18
120
86
-441
19
-167
181
271
113
-104
122
-217
-167
-33
-353
-57
140
-105
44
501
-520
292
-92
99
174
-190
147
-360
358
-299
97
113
125
141
-99
-54
-186
-64
432
190
269
106
-602
-209
119
503
-95
326
121
-227
-511
-382
306
244
-424
83
85
-86
-355
-106
148
339
-81
56
69
-82
-1
35
-92
-171
139
-296
-72
-118
516
35
-110
-114
139
-121
39
-140
225
-400
-54
47
-13
-714
189
61
197
-17
63
-67
35
10
55
37
691
-441
-188
-27
5
112
220
188
14
-209
188
86
58
410
-131
-169
214
285
-251
94
-71
-203
-210
-59
298
370
-208
-83
160
-502
-34
528
341
168
-172
-201
-229
-317
-395
256
419
-198
-72
-266
-174
-128
315
214
-245
-181
-156
306
-489
101
-25
-210
-115
200
402
-275
-357
362
-578
-233
-303
-21
403
79
-704
-61
-134
-155
-151
146
-66
408
158
-201
2
284
-228
-44
-4
-169
112
338
-160
-4
-387
74
33
-369
119
-138
406
-489
183
-147
-491
12
-105
99
-52
-79
-203
101
-322
257
34
-74
-244
-278
133
17
-88
351
288
-81
-5
-164
-414
400
-24
47
22
-196
62
-467
-92
92
-50
78
-351
492
34
-18
-150
-128
-283
-119
262
249
204
-308
517
146
82
-40
327
45
-159
-56
-229
-419
8
113
-66
285
-151
-514
-228
-629
554
2
315
179
328
-184
173
-171
-428
-78
-245
-120
114
4
195
157
664
-84
516
-69
-105
-90
32
-561
26
133
137
-1
-87
370
-187
-21
-133
-383
1
-232
-18
329
-99
57
-48
31
-17
223
-201
-219
-402
-89
-340
-231
180
91
427
490
219
-260
290
117
103
238
-63
236
86
30
408
-15
80
153
-478
352
-243
16
-100
-42
-203
139
476
-164
-321
-317
-354
-21
-93
269
-110
-330
115
-40
-359
341
366
-71
60
-121
-14
-390
-105
-35
33
259
39
253
-86
-122
3
346
100
554
119
308
-1
-262
-176
405
-129
-145
-220
362
-282
0
632
-71
123
213
419
-945
675
-76
43
-2
82
-221
-312
-76
40
-274
226
419
-449
-347
493
265
428
356
357
243
413
-347
96
217
395
-59
754
36
-104
620
501
346
116
-410
179
312
139
-46
-563
-276
-352
-261
-378
-146
550
52
-316
374
-369
217
-122
476
802
-454
194
62
-26
52
445
105
354
193
-106
-233
356
848
268
332
-70
284
-66
278
22
8
-15
244
-48
-7
-1
-16
382
343
-74
-213
-233
138
-153
-585
-18
-101
-38
185
52
-339
-146
-355
266
-319
52
174
-16
222
-227
86
46
238
-5
-208
-269
321
-13
-44
-85
554
105
-338
103
488
-264
59
-94
62
234
244
69
195
8
523
-206
-35
463
374
-304
-127
380
84
37
286
435
12
154
86
432
142
227
-303
-389
178
34
-68
-288
-112
102
181
-20
161
230
236
-218
309
175
-616
86
125
-240
-89
56
42
-39
-329
-57
488
-342
-150
29
99
-175
-41
43
-77
373
-302
93
98
-100
294
-444
-27
121
-641
33
-203
70
470
-123
407
36
-377
99
-283
-258
192
200
378
206
-207
137
660
248
-53
136
146
648
113
256
246
16
60
257
321
43
-32
205
293
213
162
104
-99
-29
-198
265
-67
-291
293
324
-352
-13
-270
-258
417
-331
181
272
321
36
108
-201
168
271
-2
34
274
-273
191
-138
10
-104
128
-2
-91
62
133
-230
-59
-111
371
-239
487
214
380
-266
-203
273
340
-552
351
-10
-180
-346
-52
393
57
-28
-542
-457
117
-58
203
-69
-281
262
-253
-289
-347
405
-2
-132
95
-116
-163
-141
-185
-131
27
-573
302
201
-305
-564
-6
163
-204
-121
-133
-104
121
-168
270
115
-50
-318
517
-367
-84
141
-15
-222
-2
-288
-129
-278
-183
78
-234
-477
341
81
-302
10
119
435
-144
-144
248
-53
-203
29
-635
634
-206
-391
192
257
321
-280
-107
-190
-197
-41
181
-284
331
285
-77
-40
-87
36
-39
-59
89
227
-240
-118
74
333
361
-65
-261
-455
81
-175
310
370
-189
-128
-339
156
84
30
-191
203
60
-53
-183
-134
40
100
-59
-277
-553
-37
-60
387
-333
73
75
333
55
-177
-163
300
-636
173
-97
-127
228
34
-217
-54
-231
-96
149
-144
99
-76
465
-140
668
-246
236
-182
-25
-364
62
-140
-32
-116
-297
-18
-373
-23
80
179
-62
134
-269
689
-94
-133
-179
126
-212
404
10
291
-42
451
-312
125
-68
-167
374
423
31
269
28
-61
186
-6
97
-29
385
71
-253
-354
675
51
337
-80
285
-485
317
52
73
-344
-247
137
135
-400
-47
-245
195
-214
82
223
-191
23
4
-65
-126
-428
303
-87
-220
-81
-804
86
-203
-267
480
-8
-360
-154
673
-174
-216
-520
22
-296
110
285
193
-24
276
356
-43
193
186
354
213
600
-133
115
-221
-100
334
140
-56
73
-36
43
291
64
-54
24
58
-124
265
-195
-251
234
94
73
-430
311
312
38
337
-384
-176
-182
343
-458
142
-77
-268
112
-376
525
-108
-63
205
370
109
432
-96
-214
162
728
-122
-302
-462
-393
-181
-208
129
-733
84
208
138
364
93
22
174
238
-61
-21
-92
14
38
98
152
-38
-451
133
98
723
54
-66
-261
-379
343
36
33
26
157
37
3
-315
632
44
-329
56
-162
-313
230
214
-957
-293
81
294
361
167
-299
132
212
-48
92
88
13
49
-216
-266
-367
82
-109
521
-187
185
363
-267
336
-208
31
-410
369
-501
151
-264
316
-295
448
-72
-319
175
111
71
240
-319
242
-90
-99
-134
-11
-284
-421
-457
-179
-172
-158
-340
192
373
227
10
278
147
-122
-213
-153
229
-260
522
-6
113
-134
-100
36
-68
-181
-130
338
-345
-320
-98
-282
188
246
402
-395
61
-13
64
177
367
-143
9
529
124
-29
-242
77
-215
36
-59
22
353
164
141
-53
-16
160
-67
177
204
-210
5
119
303
-372
-96
-2
-154
57
118
-334
219
84
228
-95
130
-102
42
-169
-44
424
32
-158
-563
-139
-101
-694
141
415
-303
133
-208
61
-313
157
10
116
-239
-280
14
351
-76
-26
726
58
-333
-118
-191
-26
-226
17
82
191
-176
116
21
-229
-249
319
227
379
448
148
-96
-33
-140
255
67
175
-352
-88
-231
-469
-52
-294
-93
28
74
239
-325
-316
234
360
153
-87
125
-126
-107
-24
31
-598
423
30
-53
-295
-106
-308
22
-366
104
5
-516
-189
122
101
-51
74
610
-251
-487
-140
177
175
-273
-111
-331
-304
5
-599
426
-377
121
-500
-130
73
163
-270
-410
-174
-81
206
-60
628
173
-201
-69
70
232
-342
-159
-534
9
-771
331
234
-116
-303
82
-525
151
363
535
43
-219
-123
-310
-228
-120
-197
134
96
213
249
-162
28
-95
409
677
-220
342
-243
-407
-321
177
572
-130
-46
308
597
-62
-213
-309
-140
-172
-142
202
61
-599
49
323
-32
-196
-258
299
-560
11
343
-304
215
-532
118
84
339
47
352
268
76
572
435
241
179
104
-388
-247
83
-558
221
22
92
188
58
-229
248
232
-434
91
64
-12
-69
-5
-160
-40
-31
204
143
459
162
-3
-262
218
391
-169
-134
-29
431
-3
92
24
186
-277
-253
56
280
638
-435
162
-29
38
108
-138
-184
-10
-59
104
131
-242
298
-105
305
98
-172
62
303
-121
69
-222
-244
-95
363
500
172
-39
-105
-514
-15
-290
241
-265
-35
225
534
207
344
353
-26
-310
-228
139
-455
74
-154
-178
-310
-373
358
-85
-499
-216
-152
-207
-296
36
-113
418
-3
142
-576
-255
-322
24
39
-243
-17
-181
25
-201
395
-136
-460
-300
139
-344
-458
-189
13
362
81
-196
385
378
-556
-43
201
83
305
-275
-144
-77
365
-330
-5
-46
-138
-44
-229
157
-13
-81
93
-295
333
-25
-136
190
-161
112
-561
-298
-47
-193
-18
-221
25
155
133
298
-96
-354
124
50
-98
18
69
260
42
112
225
355
28
-22
-111
-454
89
-95
469
49
-379
-55
550
14
-337
-116
82
277
30
43
489
-273
316
134
306
-29
-311
-86
9
-130
308
109
-288
78
342
-35
-337
-212
199
-286
-68
146
243
16
2
-190
60
421
-138
-610
13
541
150
0
-41
10
-23
82
-76
-345
44
-357
-388
-244
8
400
166
-85
-275
-79
134
92
-166
75
3
-84
420
83
125
289
105
330
-64
183
75
112
-297
142
457
229
-215
-203
14
81
-14
302
-117
192
-16
-26
-53
-96
-248
252
42
92
-115
-129
2
291
69
420
147
58
136
335
193
-201
312
-16
261
-363
377
-195
73
478
337
8
-292
-459
-54
-29
-29
-2
287
134
-15
-345
-318
716
-182
154
-454
-270
256
99
-174
-26
276
119
-71
238
97
-309
-67
-397
-195
-274
295
200
-165
-262
-155
42
52
-264
-252
76
275
-33
406
-128
512
-117
-162
-407
-107
-188
-342
-24
-98
113
-414
35
144
-98
-84
-365
641
-501
-40
106
-402
-159
-124
381
-199
-358
287
-284
-122
-194
323
-535
33
246
-466
-284
-424
311
-120
-13
-4
81
-192
295
298
21
-155
-287
-313
-63
340
129
170
24
422
274
256
155
7
-2
-17
-56
384
224
377
-148
94
154
-25
-424
112
76
234
471
297
-188
-172
167
54
-390
-171
302
438
219
6
253
273
211
-260
94
486
-148
-238
-54
-265
357
-389
206
-293
-249
-32
-107
-57
-153
-104
-432
-94
-385
139
-186
18
184
25
14
188
424
-720
-400
409
-24
-343
294
-93
-143
-52
373
42
689
303
-296
-195
-126
-448
2
384
-55
28
-47
-245
123
-231
-519
163
-27
-71
-643
-62
154
-93
-75
-281
-314
-290
-167
1
-7
-239
117
146
272
201
-346
152
330
-237
382
-444
401
-220
50
362
2
-254
-57
-21
-349
153
279
-59
526
-181
-13
83
-42
37
42
-159
72
80
-17
-48
211
348
1
-159
-271
-320
70
-67
-171
404
-331
-9
-198
384
-375
271
100
138
-256
54
534
-185
-71
-137
49
14
-217
247
91
30
-124
129
-345
-100
-152
351
156
-128
210
274
326
-539
-302
-82
-608
-19
-9
283
146
-331
526
270
756
-500
467
348
537
-48
-472
187
259
154
-130
232
-573
183
-36
186
582
-179
-88
-151
-139
268
-221
-116
-629
-319
-22
120
-34
-26
108
103
-135
-265
-411
-177
254
-162
54
-523
202
-202
-90
-173
-137
247
144
151
-304
-115
-225
-240
274
604
-22
123
-202
37
410
94
-42
-680
1
-61
-19
181
-383
-269
85
391
332
188
-874
-104
-305
127
-145
-117
-117
292
117
-148
488
232
-63
169
302
-7
-90
262
-23
-31
247
-255
196
-120
-429
50
-157
156
-74
88
369
-449
-118
104
264
-94
-136
211
-120
-143
20
-573
-75
719
77
205
51
244
-22
46
-13
228
-200
566
123
193
-173
110
267
31
-7
39
296
90
-27
699
-85
114
99
157
272
-33
36
36
-25
-164
232
-374
529
-97
-152
-375
308
112
64
543
-30
-196
291
-321
200
345
382
-317
199
-68
818
194
98
-226
222
-36
-2
-257
-280
172
260
17
-29
78
159
114
-257
-172
-215
-131
260
-260
46
241
108
-274
65
85
229
349
-219
-40
212
155
-131
162
332
305
136
201
482
186
389
254
384
313
14
-87
-467
428
-385
74
-55
-33
-90
439
249
147
-10
21
69
224
-293
-159
189
55
-244
-49
-113
-103
96
343
379
-1
-169
210
289
-170
-150
95
-233
26
41
421
-58
-115
-295
241
241
-166
215
-289
-64
-80
-181
-51
237
-379
312
85
228
157
565
-128
79
160
-139
-286
-481
-65
445
340
141
-497
191
-2
-252
-152
110
-221
26
197
-93
72
-355
-89
44
36
-91
438
12
-174
113
-172
246
-61
-370
12
297
104
108
87
203
63
331
-144
-59
136
-73
-533
-499
282
-462
-386
184
-165
104
-107
598
-296
-186
-81
8
-244
14
400
254
-365
90
359
425
195
-310
558
10
163
175
-206
-166
-139
-137
-274
-237
-55
578
75
-283
-60
-48
-187
-51
-242
32
7
333
-275
47
-32
27
-152
2
472
-241
-325
836
-361
-213
519
-103
277
-43
172
115
-122
-46
-465
-91
-8
126
-369
241
-87
244
51
189
-218
284
66
-69
-234
303
190
156
-337
466
62
-605
-83
-295
-260
199
349
-159
-31
-38
319
103
531
-304
70
-98
203
-134
168
333
287
-231
15
-4
170
225
-241
-258
168
344
-186
77
-494
-82
-107
149
-112
-199
-98
90
-314
-144
241
-31
126
-164
16
105
21
-13
-387
127
-80
-226
-188
251
-202
-196
221
343
-96
-361
306
-224
-37
-74
320
93
333
273
108
70
-90
-156
8
-75
40
198
-171
-182
-249
236
271
79
177
-77
129
-288
173
-187
-154
57
-260
23
251
-39
384
-268
30
201
-118
-111
79
223
-136
-175
4
-203
-178
48
203
-376
-326
245
589
259
-149
-98
-137
12
146
23
453
227
-178
-157
149
267
79
-49
302
414
-56
164
127
-89
-404
-106
-274
581
373
337
597
-419
-122
-399
-50
467
301
39
19
-130
372
-11
-65
420
-361
59
185
294
-90
-34
23
-86
357
-192
354
210
139
286
-379
-525
-112
-312
-125
-152
65
-157
-98
-2
274
-147
-244
-93
-108
-127
-5
105
173
-27
-16
101
-10
-56
264
166
338
-2
234
-130
270
-23
-183
-148
299
-182
-218
-368
-164
-240
485
209
-46
-70
-431
4
55
-42
226
452
17
-300
-427
-223
135
235
381
-624
99
73
-722
-60
306
292
-290
-741
-36
19
100
98
-258
-296
287
-66
-112
47
285
236
-170
-87
-43
29
124
148
-306
-89
-95
-29
-426
-296
391
102
-325
261
-420
58
179
169
405
-30
-173
321
153
-126
13
-6
-181
225
333
-119
-245
121
63
-103
-143
218
492
103
250
-59
137
12
356
-121
-553
-94
-303
33
-106
-7
119
512
-334
-338
-75
-103
237
-573
76
-358
20
-198
1
-565
296
-75
37
-25
143
217
22
441
-369
-165
381
-525
85
217
44
-29
420
345
140
-232
-199
-191
-19
160
44
287
-245
-52
-148
173
60
-37
-312
-12
61
137
167
579
-298
51
-43
54
271
35
-182
-241
109
-311
-326
-129
207
-125
130
-194
91
-69
180
-193
-203
274
-393
32
-281
-152
106
218
-252
-110
-145
-3
44
-556
117
166
114
-588
117
-18
-45
-477
79
-15
-268
-185
107
112
156
353
-274
0
-793
-81
-222
301
-530
170
130
49
-193
-25
177
-50
8
32
-146
-264
-370
652
-512
45
-58
-441
37
4
-17
-305
-74
48
16
277
-8
329
-230
-83
162
548
21
-396
-342
-569
-89
242
176
45
-301
524
399
-486
102
-411
129
115
81
196
91
146
18
586
-222
-247
-13
-127
35
-178
240
-274
-1
271
581
-67
-236
-154
-449
-418
241
396
-132
83
36
-80
-170
-22
-41
150
254
133
508
-207
290
270
-72
407
165
211
-135
277
464
-83
376
-68
4
-19
33
284
437
555
110
90
-332
-237
-243
284
476
-184
37
-137
-23
-156
237
340
533
304
-371
190
301
355
26
119
-183
104
14
166
-278
652
-165
420
188
417
119
0
-45
165
-488
-268
29
-3
952
125
24
-189
307
288
-409
170
-175
-95
104
456
-436
-225
17
-276
141
38
193
150
-189
361
11
43
148
120
-122
215
-236
237
137
80
305
460
-206
-78
204
-31
48
-239
-254
263
-472
-168
468
47
-681
240
322
-541
312
-152
-658
-84
-108
-335
128
-42
425
170
-204
591
57
-237
343
-290
-80
-368
56
378
-22
7
-253
-239
-281
161
-78
3
-146
-341
128
-123
-308
456
114
388
-345
323
147
159
-100
248
273
-232
88
-768
128
-273
-284
-449
-39
-26
-167
-206
42
-315
-142
-418
-278
-265
-4
-170
-199
-69
-71
-259
174
-77
392
-136
162
-338
126
-293
-223
-153
71
262
184
-193
16
20
287
-24
-113
146
397
-33
-150
57
214
-88
-289
202
-27
-585
63
-38
-518
38
-256
422
22
203
-49
30
-137
122
-179
268
95
-201
-342
-87
51
800
-877
-316
23
166
-319
-8
323
509
420
-219
-237
-367
135
-439
-209
50
150
296
-66
-138
-113
69
-233
259
77
-51
-182
384
370
274
-202
309
-20
-229
443
-248
613
123
100
-18
-201
-342
-82
116
-59
-226
194
-65
464
189
-379
-50
-229
-172
34
-95
67
256
-207
13
642
-215
-95
438
198
-378
59
-192
21
-6
29
109
-109
355
91
-165
-622
-51
49
-338
-45
-419
-677
-55
58
120
-13
-364
-54
56
352
-186
82
-87
-1
193
-278
2
198
345
172
39
-7
-181
218
144
438
-2
-249
-46
-16
258
-255
281
41
-125
-93
656
254
-463
-164
-26
364
161
-92
-330
45
-395
356
399
-364
-83
49
-14
-43
28
166
95
303
286
216
-191
-207
-9
176
78
12
-417
79
-263
-53
338
331
152
270
69
74
-418
-257
-416
-137
-199
-66
164
-664
179
-58
-273
245
-58
-468
379
-349
48
-301
-231
-192
-278
270
-1
384
-25
-310
-124
-398
-128
-179
343
57
-123
26
-132
-243
-107
148
-421
274
-5
-105
-431
-283
-69
-233
324
-155
-44
-1
-5
307
-108
4
351
-123
-360
156
-275
293
374
-338
-653
-18
-363
-216
312
386
-176
309
242
29
234
432
-269
83
581
33
44
-212
152
259
-139
-443
199
121
216
363
1
-166
92
-127
119
270
214
7
-522
-522
-429
161
-312
68
-131
23
13
73
151
400
-250
-102
239
-7
-332
-206
-383
106
-127
138
131
-298
-376
-184
63
-159
-623
-55
-82
-382
388
592
36
-95
83
-147
509
-99
93
-88
-30
120
-268
54
113
123
-190
62
-190
-202
117
85
-165
427
-135
6
48
-50
-167
-619
-134
-13
306
14
-101
251
-185
195
-159
83
433
412
570
-148
-304
431
162
125
-124
93
293
-161
120
122
-269
-20
238
-132
-30
-417
363
-179
354
123
110
-695
-188
401
-48
108
71
-252
330
-50
71
-62
-298
546
-166
450
-194
423
16
270
234
148
-260
163
178
-215
175
-79
-28
68
98
213
-84
-174
-337
-282
476
-165
-345
39
238
-240
68
274
31
-142
275
278
-103
-170
-10
315
-49
-97
-159
225
-172
315
21
385
243
129
-272
-169
-85
76
-35
176
-209
32
-140
338
-251
60
165
22
295
-165
10
177
59
-232
122
-412
316
287
-125
222
-406
-15
247
-224
-8
-182
95
19
168
-4
211
228
116
317
27
-529
502
154
-64
-1
-103
73
266
318
330
-141
-263
-212
-436
-100
160
-329
359
-10
-188
434
472
-238
-265
158
267
10
338
51
-77
-212
-77
-124
209
-107
255
-102
-275
137
-176
-132
-466
51
52
171
-236
232
238
574
33
-37
-20
-198
-132
349
-117
0
159
317
292
227
-79
-461
137
-85
-41
113
34
-90
381
176
-6
-69
717
95
-1
-76
251
434
157
-328
241
97
449
-41
352
-159
229
751
-355
285
792
-275
21
-60
194
-98
-30
371
287
-203
29
141
361
153
355
70
415
-170
189
230
-179
508
16
-149
-346
96
595
-140
-138
-67
-390
53
143
118
-83
127
274
289
387
87
101
13
62
202
188
324
-172
82
-125
-603
-132
-78
123
-12
-19
79
-501
-337
354
-362
193
-417
-140
-505
366
184
-103
-204
-79
-633
154
48
185
120
125
-173
189
-89
15
189
157
156
-155
130
-7
-197
445
18
-88
-102
7
-192
404
535
-262
248
-126
-140
-315
-34
113
-278
-274
-26
295
328
222
-348
149
-280
-297
-323
-188
109
-194
-171
185
189
-33
269
15
-147
-272
403
31
-82
122
-388
308
356
-187
175
-374
212
261
-161
-379
-284
-152
117
-166
-255
75
50
134
296
533
-6
164
-5
-160
-2
74
364
180
48
36
-379
-285
-320
252
-50
-48
183
85
212
124
309
157
-340
-355
262
-364
204
73
195
-202
-235
-125
-16
166
-93
11
-70
-188
-325
-231
394
204
87
130
189
-459
84
109
-235
-132
-220
246
-394
-267
-314
16
-63
60
400
329
37
-245
602
15
153
-284
376
-53
-80
-59
-123
-454
-202
182
154
82
273
-499
-223
34
246
-326
168
-206
740
63
-369
-99
-77
-285
-101
-18
17
-134
-54
-212
-17
188
541
237
66
82
-117
256
-407
383
-3
241
331
-62
-267
162
-397
153
-199
-91
-29
37
-146
-186
315
128
161
-133
12
-391
239
67
-264
240
-49
442
114
-28
566
238
104
129
-98
-341
-283
-27
301
-165
353
-194
355
209
-272
149
286
-105
397
-649
86
55
-36
-381
-158
71
-479
-251
204
324
127
47
167
-108
204
210
-586
-89
90
-336
-705
-337
0
-96
-82
8
-26
-127
169
-38
-159
-9
426
210
-244
77
413
-60
-14
53
118
-126
209
-67
577
413
-604
-232
118
-259
20
163
60
181
224
-267
-251
-90
12
-200
-145
233
60
-278
-114
-114
-328
-181
-99
459
146
199
179
357
-53
-171
-538
-296
-285
72
645
185
-154
-41
120
91
0
-194
-14
126
-112
-69
-53
181
-104
132
587
150
-169
54
209
-452
190
75
-249
-35
88
368
406
27
27
96
-67
101
-588
768
110
-224
155
58
-145
259
319
-231
82
-175
-123
405
652
-190
217
-211
-102
-184
-6
-58
-489
-208
-332
1
-335
-383
-49
205
28
-277
-354
152
352
-24
151
62
-49
54
-142
12
-72
-190
-549
177
-592
284
-262
-148
24
246
-146
410
124
-93
-134
531
-8
-77
-393
-51
-64
-653
-106
-37
-643
-86
-83
-538
-300
18
-317
137
392
-29
-32
-98
13
266
274
-136
805
21
248
159
261
-125
-184
223
-287
194
11
175
67
-211
206
-38
-86
273
-109
-230
-358
351
357
81
-177
15
339
-124
-270
531
-130
121
338
-160
9
-193
-164
121
58
-27
-31
206
-473
-374
294
-102
133
198
316
-17
164
73
290
-5
-311
-465
-190
-123
-308
228
11
396
41
54
-626
-201
-60
167
-88
-169
349
10
138
-912
-253
105
23
-312
-163
-64
-104
307
-99
188
-217
-575
-106
511
51
-273
-283
61
-171
30
157
-256
101
-512
158
10
-461
-387
-121
-435
75
-284
196
-225
-2
-163
309
-14
-311
89
-110
-131
253
276
-193
-178
-6
462
-70
92
-192
-271
-75
-260
4
15
-215
-93
-58
133
-354
165
135
440
218
147
-141
174
-352
-80
-143
-334
398
451
-123
224
149
-70
171
-11
664
-24
165
-402
-93
70
-70
-226
29
-14
-62
3
138
404
85
183
91
25
165
251
-188
-58
-252
-88
-56
461
298
156
-216
66
358
246
-544
122
-137
-411
193
192
191
32
245
392
-209
-233
104
-315
-137
113
-396
-242
396
65
-450
187
-209
10
-10
291
352
-431
-324
66
-217
191
-47
-238
174
-40
-363
52
40
-300
135
-143
-30
-58
-248
540
-58
-367
272
-168
-183
133
449
43
305
162
-49
-412
224
-98
-48
-212
-107
-155
256
111
251
96
-319
-206
327
95
149
-17
120
-211
-384
374
-569
219
316
-30
-726
312
-37
265
265
-162
434
-157
402
-107
421
-153
-127
201
-322
-186
-406
-98
-334
724
-106
-503
22
278
380
-61
-45
-76
-271
-174
147
-175
290
89
23
-414
-127
-111
75
-306
94
236
266
-172
-167
281
51
491
289
74
-271
-382
106
86
372
-205
43
-357
-91
-305
463
-57
475
189
-73
86
-17
-74
-99
-68
-376
168
10
-81
86
218
294
-47
10
130
142
-282
-77
197
-36
397
-89
-247
154
-147
-98
296
76
-108
71
-216
-163
-574
123
-397
-112
218
-99
-357
-337
-30
252
435
-592
-107
-21
95
250
-17
112
-196
-231
-343
139
86
-275
-51
-92
-578
-1
-667
76
188
-90
-89
101
-388
253
-52
18
231
-162
341
114
-3
32
-136
341
188
33
-187
-178
-362
286
162
-48
380
-801
-366
-137
56
-131
-611
2
251
287
-396
-254
-239
255
102
-98
-122
-151
-171
-564
-646
145
-242
109
524
-30
228
65
393
-123
-294
-78
524
-147
-172
-254
24
185
165
-38
-99
8
-16
-234
211
-44
-268
237
-311
-314
191
-585
-626
182
-83
-64
245
-545
388
139
589
-93
20
67
-316
-408
-558
-340
-84
391
263
125
193
-715
-6
-371
24
818
-209
233
2
119
4
123
382
315
94
536
-121
109
-134
113
161
-122
-400
-78
77
278
377
-76
-72
-243
169
172
-255
338
283
100
-16
-297
219
63
254
155
243
-255
-520
-544
-226
-183
-351
670
57
321
197
-72
-47
-45
157
-135
-412
-406
316
363
-162
-351
-342
-283
533
468
420
-3
-4
296
-64
48
-138
-113
24
358
-84
-143
1
327
-190
-287
-133
99
198
-48
82
-192
38
158
-134
-367
-313
-3
-4
-218
194
18
-389
66
114
-39
-334
104
62
-180
-422
30
447
318
-262
160
93
102
37
-149
278
-43
-94
29
18
245
36
677
-307
207
-61
11
-289
-119
-86
-277
-238
-159
145
416
240
-120
-463
173
-354
80
407
263
152
-108
-482
196
8
-304
-157
-55
158
293
49
-400
51
-350
87
-3
-125
-143
-46
293
88
683
141
132
294
-10
106
149
23
45
-286
223
12
-238
-154
-33
166
-80
459
25
-251
-44
25
-45
452
-74
-118
-172
38
-188
-520
-513
44
-36
-166
-127
-122
-270
113
5
3
403
-93
-342
16
-235
-95
275
-62
284
236
-517
584
194
329
710
163
199
149
431
-122
59
165
-96
101
-288
-133
-449
-197
-226
46
143
672
12
318
226
-67
-15
-23
-479
118
-296
70
-143
201
33
-127
-136
-64
-278
560
-564
613
-237
19
37
104
294
-385
31
34
206
-3
-247
-502
18
-204
-169
7
-55
-114
108
157
370
379
-76
130
-52
252
232
-467
-225
40
-9
173
-24
163
39
375
-95
-247
-558
-686
332
-257
-121
-113
-123
491
49
-486
794
353
74
229
357
-62
-69
-131
567
125
572
-271
-351
-279
-18
-110
-229
63
-279
135
-76
-170
-222
-102
-262
-222
122
-22
6
253
110
90
73
339
-151
-198
98
383
471
-208
-296
361
214
221
-105
-182
-344
112
43
233
-337
-128
-259
-107
207
-395
155
-247
134
136
427
-210
-166
-278
-49
306
-365
-137
-31
28
-234
30
635
55
115
13
294
-3
-314
-93
-377
88
53
-71
-170
251
186
177
-130
-186
102
-285
-291
-185
-183
114
350
-72
-278
-86
-105
310
64
-73
7
-393
227
-146
63
316
36
81
-151
71
175
527
-79
-315
243
284
630
110
160
-543
-348
-370
139
552
187
-48
-166
128
-326
-317
-170
-305
-281
195
64
-678
622
-506
-44
660
-367
-99
11
125
-213
-275
116
291
-43
-49
-31
-177
138
69
106
-97
239
-498
261
-30
404
-361
-9
13
-45
-237
-472
-36
-23
-121
400
78
-130
48
144
240
64
259
-102
313
-253
215
-64
147
-212
492
214
147
12
-465
196
15
-208
498
-10
-187
-251
-127
110
18
16
24
205
80
452
-89
-345
-125
-81
-94
-63
255
366
-76
-307
-247
-353
-63
140
83
22
271
358
-143
-184
131
231
161
548
190
-282
-214
-450
117
70
226
-576
287
188
233
267
302
-40
-142
213
-106
27
-338
111
-131
65
-74
-523
-148
334
115
-233
-298
36
38
291
392
-169
99
66
23
129
-261
16
-60
180
66
-235
-21
-323
-530
213
347
192
184
-46
-200
908
-166
355
-55
-293
-177
-98
-564
106
198
-30
-141
10
306
119
-235
-15
108
153
-88
-271
10
-127
188
-134
71
-199
-58
13
57
-425
-115
342
212
-218
-546
69
-257
174
422
-245
101
197
179
432
458
-275
198
30
345
183
-222
312
193
-2
-318
-70
-406
78
417
-64
220
90
-115
438
238
253
-197
128
59
232
-36
-172
-185
-106
335
415
-339
-288
-30
195
-305
-781
-51
-175
434
341
-326
398
-410
223
-287
392
114
-8
613
425
-47
195
282
129
-378
101
-454
-212
-437
276
-71
-237
-62
340
-127
-202
244
-118
-105
252
-119
36
396
63
65
-385
-94
132
-207
254
269
150
349
-360
147
131
-126
4
-133
-378
127
-236
-266
196
363
149
106
-171
132
540
613
100
114
52
-28
392
-456
34
111
259
-66
101
11
-261
11
-383
563
237
-611
-285
23
-77
-12
209
283
264
-94
-775
-205
-509
-204
-33
150
-322
-203
-322
-1
-82
349
-187
-498
-514
-253
323
-119
447
-85
-60
-153
-328
397
76
140
206
79
-96
-169
11
-260
590
-325
-19
127
-78
-149
-187
392
228
-297
75
-58
511
-313
220
-479
-207
-4
-204
42
45
231
-321
206
-91
383
114
247
-2
-26
-426
15
403
-324
46
14
-271
-89
0
-228
68
-674
-443
-15
-249
412
-133
622
-10
-82
-485
310
-162
367
224
-344
-16
2
-170
159
85
-24
-53
16
-111
-401
172
-456
110
-23
115
157
70
-163
106
-25
149
-83
209
504
-357
-224
192
-395
406
430
-140
-101
-54
53
286
-6
-212
-126
-532
412
-161
235
55
-231
-227
419
-508
445
-60
145
-528
74
105
344
571
92
-271
-79
240
273
168
225
-214
-494
-322
-89
125
-482
50
64
-81
-228
-18
188
336
44
103
-134
185
-252
291
-4
110
-170
17
323
205
78
123
-35
-45
494
-263
406
-224
349
-197
-289
-137
-472
-128
-320
224
52
466
298
382
-30
237
-168
197
305
135
-28
-125
94
-60
45
38
-641
-65
-101
-115
-215
236
197
-157
-367
61
-81
68
-169
-195
-176
-165
-169
303
256
-10
-276
98
-83
248
-171
-63
469
24
359
-334
-98
265
323
18
-152
-422
-192
606
422
169
-286
-580
238
-109
30
130
-97
-87
46
213
-205
54
-197
435
-180
173
337
239
-524
-45
250
-15
67
237
106
-126
36
83
91
-424
201
-120
-134
-386
-397
332
-296
-29
-481
365
140
-307
-614
217
546
-523
38
143
273
104
-179
296
266
151
-477
-27
-132
56
293
-250
221
210
257
-566
-129
41
-268
-143
-61
200
566
-96
-96
12
61
-179
40
202
-215
-318
-412
8
87
292
69
252
339
45
-141
-8
290
-258
-841
-93
437
-233
80
505
43
129
76
-408
-35
-466
-61
519
-229
-220
-448
43
-240
-362
565
-173
242
16
-233
199
75
58
-142
164
200
-179
268
-58
123
327
12
228
-127
280
-129
-714
-259
-455
-255
328
-206
262
-224
-251
74
-92
38
395
-126
320
-90
115
-195
453
187
-30
413
100
-534
301
-273
347
148
167
70
-93
130
13
188
-426
27
-179
-7
-255
-558
-244
-599
-295
-442
85
-178
46
172
160
-52
430
207
-296
-132
285
-22
338
110
-213
-87
-119
356
-280
277
153
168
341
-220
-195
-93
-25
13
194
-50
-361
-206
-500
65
221
-172
252
-205
142
-170
203
282
329
-238
-225
-86
-263
179
-392
-138
217
116
185
138
-41
171
-115
-318
165
-201
154
178
282
195
-130
-203
332
136
-171
161
-77
-256
203
-280
-100
-244
92
58
-147
-107
-141
291
-210
33
-123
-164
232
-328
63
-303
347
309
28
-133
382
-158
-314
454
175
137
-385
255
32
-360
248
482
98
113
93
-342
32
491
426
-269
-311
128
523
254
583
70
378
-83
144
-238
-285
215
-14
250
57
85
301
29
291
38
126
-375
46
-207
388
29
-334
-59
-452
-663
-383
-149
-214
-34
215
-160
-170
-180
60
407
-141
413
-345
112
-221
5
230
139
-233
188
48
-356
-98
-154
-131
33
306
125
-43
-71
362
303
60
-62
201
-99
283
-421
-355
240
-84
173
-77
202
-191
159
90
76
-106
211
100
447
314
89
-39
-393
108
-6
-61
-448
216
457
278
-293
176
-34
179
223
-19
1
191
-299
174
353
-255
-491
-71
299
-260
25
-330
33
92
443
-122
-481
-408
-133
-150
-73
53
-361
839
-158
-34
-45
-531
-30
-291
-389
-27
126
43
-318
-108
136
-303
-10
-281
-17
218
293
159
239
278
184
94
11
224
-88
-343
286
-81
-132
243
15
-151
-192
-163
280
-286
-196
-181
128
-199
331
-446
-168
300
137
171
-384
-377
-109
-39
-330
124
-162
171
261
-49
200
-461
379
98
-112
-19
-63
85
-390
48
-51
-242
-88
265
-51
126
-148
71
-10
24
-24
4
129
-98
-134
-54
63
-166
-159
209
39
281
80
-315
213
187
-73
170
-140
-89
29
44
-88
-179
120
26
-25
-386
-296
-336
-74
-107
-142
-405
-325
-62
170
-357
-5
-63
-62
125
42
-476
-54
-495
-68
126
-475
-307
394
-238
-174
-82
-129
-144
-26
86
-23
-218
-447
-333
105
119
120
117
336
-458
65
-97
8
-128
-28
-265
-133
-107
132
301
126
417
220
20
-148
-280
-134
-86
-142
149
-364
16
380
-221
288
650
338
-78
310
91
364
84
-306
-218
85
-174
-23
-229
334
365
370
-216
232
250
237
-91
-95
27
83
-183
317
-291
386
-334
-377
321
258
90
355
-230
380
151
-272
92
-17
-490
221
-179
49
381
708
80
-41
-371
-308
276
-138
-307
-104
-114
-343
-171
470
14
-76
527
357
-120
-418
-63
58
-176
173
-73
258
62
49
-92
54
-143
20
-252
-451
-198
14
300
130
-214
-60
236
146
-433
83
133
72
-231
462
157
196
-577
-352
-350
177
60
375
-67
-140
-215
161
-257
192
-283
385
-308
-57
-201
263
65
-6
-284
-1
90
91
-71
339
-38
143
304
-171
-210
-55
31
44
-37
-27
-93
-114
118
-353
-285
-252
-347
172
-270
-201
-620
336
-186
-374
27
275
-549
134
-80
207
253
-616
601
129
50
396
448
570
249
12
290
111
-127
-285
36
61
185
-169
166
10
168
-241
-146
267
280
133
130
34
10
346
-193
-307
-202
175
-385
-399
-439
213
107
-300
106
-117
-280
-264
-250
359
66
17
-220
-290
-198
-364
202
85
-28
85
312
-106
51
-369
-116
-38
-238
-71
-200
-124
-205
310
-391
52
264
38
-241
27
-478
196
37
-427
-92
212
143
69
362
230
326
449
198
-210
11
-329
-9
94
580
-270
71
67
-57
265
-212
-80
203
297
-149
-377
-293
49
-300
-126
115
161
-164
22
-426
-100
-120
312
-112
270
255
-51
-428
-592
641
241
-527
129
-39
-452
160
-157
165
126
-25
181
-44
133
-410
-114
28
557
-269
114
277
-212
129
-419
34
-190
-132
99
-134
-257
151
-259
206
355
323
-68
115
-90
-169
218
-136
-387
-529
-56
-40
-142
191
157
56
133
-219
192
297
-247
21
98
-255
202
92
48
-117
249
277
-162
-119
208
183
-51
43
-68
-216
66
244
-4
53
-116
-117
227
189
-247
526
-271
-225
11
-301
-58
-357
290
-212
-150
-53
202
342
-149
113
11
75
368
-40
-367
-75
223
-50
166
-68
273
-43
186
298
307
260
314
314
215
-282
-82
-286
-33
-288
186
-80
-238
-227
1
-272
98
-29
39
-243
202
-234
-65
-152
-5
249
-599
-337
335
107
416
-420
-21
-243
-63
142
64
168
-281
-647
40
-115
-379
-31
-480
108
-267
58
50
-154
-390
-589
297
-260
164
-158
78
-128
257
-364
557
-80
193
-219
173
-209
-286
-96
133
295
-341
304
-344
-5
-331
-205
148
-214
97
601
-154
56
-409
108
-115
-123
36
29
254
333
-47
-341
-157
-482
-26
448
314
-35
-294
220
435
226
317
104
-60
13
-134
34
-135
-403
296
91
-160
-118
72
-209
-112
-144
336
-418
-290
142
360
-14
313
31
-23
-134
-454
-278
-175
11
244
262
201
-630
72
-386
-76
198
-350
-129
450
-79
-11
-281
-93
-58
74
159
-506
424
-43
157
-218
-423
-219
92
346
304
-125
9
108
413
43
156
-463
-273
564
-253
-400
16
276
121
-176
283
-220
-320
135
-158
38
292
-70
-24
276
18
88
281
37
-116
167
22
56
93
-76
-213
34
19
491
182
-252
-29
21
-42
93
-318
153
10
-5
-215
-154
61
-12
-222
-121
167
-45
90
13
-284
467
-58
43
495
610
-90
312
43
208
18
-235
-98
-48
-403
-227
-287
309
-72
-234
-185
104
185
-321
-286
-193
-111
-295
52
-87
-206
-166
585
270
-25
-173
-524
299
55
-388
217
-409
-142
-30
76
226
266
86
-319
-88
-113
72
412
129
310
515
721
1
141
-5
-424
-208
166
-56
182
355
336
199
-66
87
-349
172
212
123
8
376
-200
529
331
-83
-25
271
-205
238
51
-187
-361
-157
-211
208
-60
-74
443
-104
235
-28
-532
175
-33
-67
-88
-254
246
226
-154
-326
-275
99
-130
-106
260
-32
-65
325
79
206
-315
-266
-393
-330
92
62
-213
-102
374
-458
237
-326
93
-64
209
220
314
-92
213
222
-210
-144
19
-289
184
334
-383
-138
-133
47
411
112
-538
-10
-113
453
84
-563
424
-420
163
206
515
-39
-396
391
4
-155
322
-142
-96
148
351
320
120
-319
-299
-564
-247
-80
221
-277
331
417
-14
94
-368
-169
200
-54
40
610
-89
-52
-299
101
110
-174
-157
-197
-58
-147
-222
-274
-137
78
-618
-139
-131
-227
407
157
182
57
-157
-439
-382
-131
-57
