50 100 289
0 0
0 7
0 19
0 45
1 30
1 39
2 9
2 15
2 30
3 0
5 14
5 17
6 15
7 3
7 21
7 25
8 9
8 10
8 17
9 0
10 49
11 35
11 37
12 8
12 27
12 43
13 28
13 48
15 1
15 15
15 22
15 31
15 34
16 7
16 18
16 29
16 42
17 1
17 43
18 11
19 12
19 46
20 25
21 7
22 1
22 12
22 23
22 43
22 48
24 1
25 34
25 44
26 7
26 29
27 28
27 36
28 20
28 49
29 25
29 27
29 44
30 35
31 15
31 27
31 35
32 29
33 1
33 9
33 16
33 39
34 3
34 21
35 24
35 42
36 13
36 46
37 3
37 8
37 40
38 5
38 33
39 17
39 35
40 20
40 29
41 20
41 36
42 15
42 16
42 20
42 34
43 19
44 13
45 22
45 29
45 36
46 21
48 35
49 1
49 29
43
0
37
51
96
86
6
67
88
9
97
2
20
16
19
50
14
74
84
38
46
61
30
87
42
78
23
45
68
29
5
92
62
89
48
44
47
1
13
82
21
76
40
79
26
85
18
31
56
94
98
70
77
39
36
41
64
71
7
28
58
3
57
22
52
55
32
10
4
27
49
66
8
90
93
81
69
80
34
25
83
35
59
72
33
65
15
91
95
54
73
11
12
75
24
53
60
17
99
63
196
-38
-811
-171
-243
138
327
-300
204
380
-58
-273
-39
288
-530
274
16
-350
11
444
-165
42
-251
-362
193
276
-428
-138
186
-293
615
48
21
148
-174
332
61
288
263
213
381
-335
-154
333
86
172
55
-169
-399
-487
447
231
413
-154
-94
183
-192
-325
-240
-41
309
-408
-69
375
101
-48
171
167
-44
158
78
454
103
9
-21
219
-205
136
114
49
479
558
424
143
281
59
-281
370
235
175
-385
274
-141
-217
49
-114
-411
432
44
-162
-348
-335
13
239
85
-61
394
-83
-307
-20
-228
-219
212
-67
572
-224
-538
41
-212
-1
155
-244
-159
163
560
43
283
451
304
18
-147
339
161
-399
250
-272
204
-104
-391
-264
183
-145
379
-72
169
93
-76
278
-90
279
-7
346
-21
147
176
120
383
-310
-250
292
127
-15
768
132
296
-67
-140
285
-203
-567
207
179
41
-82
308
-225
540
-31
238
76
29
391
-241
70
-27
17
-323
112
363
-178
62
156
-72
-348
-69
295
189
229
-134
58
139
304
208
-80
77
-255
-233
80
-237
143
25
-31
-253
-202
-427
-91
-197
-12
29
-289
187
177
-478
66
31
-8
93
5
-680
-149
-312
365
706
-125
-416
-275
-652
-67
-3
-145
-684
-111
-665
-380
-149
-143
55
128
-310
-403
204
380
420
-92
446
-378
168
-83
-370
-124
-202
-480
-35
-197
-301
74
-72
178
-282
-120
-10
-115
-274
-313
49
-71
144
161
-77
-305
16
484
163
-19
-119
262
426
106
316
-88
382
-371
-134
-157
66
-270
-109
-320
-381
-428
-166
401
-325
-348
367
318
-11
295
510
-82
-546
-116
-390
-78
-38
57
659
214
-76
-67
58
664
585
309
-59
-238
-200
235
-37
350
-172
-536
-236
70
481
-12
-132
0
-156
-498
197
22
608
107
-128
-163
335
-309
33
-239
226
207
85
-333
421
-69
248
125
-287
-190
262
-59
119
337
129
-249
121
-119
-277
-78
-457
143
7
342
-545
122
145
103
3
1
213
-247
-27
-216
317
-213
465
212
-322
34
53
-211
468
-198
329
725
170
-5
343
108
194
-191
172
-350
51
-80
-398
-481
30
-270
31
6
-106
392
39
-85
-447
-121
-164
-222
25
40
36
-214
-318
204
-9
-399
-464
-228
-337
-345
145
-81
-324
-85
11
142
381
475
-423
342
205
-308
-2
115
409
-221
5
-85
-155
-30
189
-91
-493
-2
-151
-111
520
-514
-482
94
245
31
96
-425
-367
10
302
-512
157
201
253
-172
45
-137
-107
-46
-5
137
292
116
-193
-63
60
38
-474
-104
-54
350
-246
74
104
94
40
223
-165
-98
24
251
-19
-191
269
-106
-350
316
109
123
-27
61
229
-296
-185
-56
33
-193
124
-318
-248
-183
423
167
36
345
-191
-174
-127
-199
-171
522
127
28
1
-127
29
159
345
-34
131
504
442
-306
-38
-62
-167
205
-92
374
397
-271
-75
81
875
23
-554
564
392
-145
319
-50
405
-173
52
-36
119
256
-420
-26
-88
204
229
55
153
-10
-274
43
-279
307
-411
-10
122
152
80
428
100
38
79
-167
243
-25
9
-163
20
141
352
-115
-59
178
20
-23
324
-513
-264
87
-124
-781
-266
-149
-182
446
-374
-298
65
-286
-146
-486
334
-255
190
-410
302
14
55
-38
673
-83
-363
-463
805
66
159
483
-34
386
-549
11
-550
-119
1
-118
284
893
-168
-667
-121
294
-81
-270
284
132
-1
-263
-294
-189
123
515
261
-28
558
273
-252
-26
277
-302
-393
-73
101
-4
213
-250
45
-176
244
-170
568
128
-140
-140
83
219
439
-75
25
-179
223
21
348
-495
423
220
827
50
248
411
285
-347
-580
123
150
-149
475
77
99
524
6
-96
321
331
-204
237
-235
-253
202
-154
1
-124
-26
-478
38
-197
469
-247
228
26
422
-136
296
60
300
563
221
24
-412
358
-220
-18
44
367
-37
-151
86
574
-30
-218
-656
-238
331
-48
-863
619
342
180
6
281
-809
103
-448
271
-11
-106
-310
-6
-79
20
7
239
245
400
328
80
-626
83
31
204
-362
-639
-50
85
-441
-10
648
-168
156
-307
209
50
-451
-191
114
-156
60
74
59
-316
334
187
118
209
-568
144
-80
-2
-466
261
55
-292
618
471
429
185
-231
239
-83
-333
219
297
-172
203
68
-330
-41
-334
13
118
352
371
40
-95
75
-295
315
-202
-234
-245
-7
131
-234
173
345
-280
-218
71
-12
442
-236
15
-177
529
353
-146
95
-64
427
-118
49
-159
-137
-137
-34
-9
-225
404
195
-428
188
649
26
-382
-152
-798
243
-80
40
-15
656
-305
110
99
109
-43
-66
97
-310
-127
-345
-199
262
-440
-412
-36
174
115
330
-16
125
29
-34
172
-423
236
191
-191
74
-187
-47
-133
-477
-198
-167
578
68
-92
227
217
415
-45
-236
166
-248
530
388
179
82
234
592
176
302
-246
-211
635
-358
489
4
-286
-263
-422
-91
23
173
382
-299
-367
249
-65
-143
-10
-391
297
-140
-510
-43
-29
-61
-241
-27
-343
106
355
-75
-149
-149
-154
165
107
-13
659
-180
-53
-200
-93
169
129
666
-252
297
46
-5
10
251
-564
-133
-211
603
-506
-341
173
491
-69
9
108
86
-13
-182
207
100
-378
204
-471
416
201
171
30
-32
-430
461
602
83
-360
-61
644
180
-335
172
59
-171
266
630
265
-342
247
125
-45
-59
86
-199
159
-56
0
57
-273
238
69
-1
-111
-274
-150
-505
-556
-446
-369
-1
362
586
-419
468
235
-80
-313
-158
270
-17
-245
-244
386
-333
81
-288
230
-262
-27
130
22
314
761
808
133
360
52
230
59
342
-144
83
286
386
-185
238
-183
2
104
-288
-617
493
470
-342
266
84
-585
-142
69
-617
-558
360
305
12
-246
-233
-217
-137
-156
-452
-49
393
728
41
340
-344
-291
-303
-359
284
616
-98
155
-829
454
-634
-104
434
-108
-152
-181
-363
225
-150
-45
-173
300
-296
124
167
-275
483
-110
69
62
-314
118
573
39
-280
627
-50
-241
-572
377
163
62
-163
-29
287
-60
228
-309
3
-351
-150
130
-598
35
-273
-54
-172
289
608
253
260
417
-168
264
95
-236
50
-199
23
228
-104
-77
-63
-16
-2
71
-47
17
-311
-276
202
345
-117
-312
9
-274
280
-81
-356
89
-11
-282
106
88
-115
-94
230
-360
-494
-59
505
17
-238
-245
66
105
-456
-353
17
309
-167
-254
-80
-602
-225
239
486
-252
-137
-152
189
747
-299
5
-285
-404
-516
-71
242
147
71
152
-467
235
341
288
250
240
0
-242
203
-382
162
87
71
-177
322
178
-137
-520
-306
628
-77
317
71
-96
-236
248
100
211
32
-199
498
421
-208
-493
-293
-120
203
-339
726
87
-112
5
268
-166
47
-164
438
-146
-29
-470
-266
37
390
283
453
286
-262
537
-260
66
-235
-132
249
333
19
26
-128
-322
168
330
255
92
154
111
567
16
-748
228
-338
-237
115
30
-81
75
-236
222
705
57
230
25
-578
-259
-399
-228
46
50
-175
-124
-104
-48
24
-437
189
-205
196
6
138
23
-601
17
-471
122
99
197
-192
-150
167
-92
424
-399
-67
-285
162
-239
693
376
-106
138
633
-322
-63
220
742
-68
68
42
-276
5
618
-76
110
332
311
-212
-158
-254
-700
-225
-98
133
-14
15
-94
-151
-153
-289
461
254
-335
-10
-21
620
-9
516
-860
-110
-348
50
-598
197
-576
83
324
-133
-390
37
-182
-482
334
-44
183
631
-150
24
-642
343
-489
208
534
3
-103
154
363
211
782
-648
-354
-68
-65
67
-64
23
-417
87
-95
-664
212
-97
-105
25
-48
133
227
74
-577
4
-75
-56
-593
124
108
-410
215
-94
-435
-11
-240
-450
-69
171
621
142
-74
-58
-162
-349
-410
-313
45
-424
3
-280
-228
116
505
335
86
-74
262
-552
292
294
257
224
-146
99
-474
-330
200
125
129
-679
130
82
-322
-147
-764
-223
246
-235
-62
-91
216
-347
180
-81
-396
70
-285
-61
-74
139
199
-182
-158
-243
-75
315
188
258
291
202
-426
184
-236
-320
-57
26
685
453
243
84
39
-462
132
-309
195
235
448
310
124
-611
56
360
392
267
-458
-14
67
-313
-778
-15
-380
-237
624
-104
-206
61
231
-55
-64
-240
43
314
-555
-138
-418
75
-352
24
417
24
-120
-18
255
32
9
-255
-425
-163
15
124
402
163
107
256
-343
275
-241
-351
-30
275
-349
-15
36
127
78
-408
158
-9
265
-91
-47
-172
-348
218
175
236
-534
474
186
-75
616
213
-124
54
210
-179
-391
525
37
-290
173
-113
185
15
-93
32
-56
133
-88
196
-853
300
-140
90
117
147
313
95
300
739
37
-90
-170
-8
-251
-456
134
-111
182
142
-31
-260
112
50
-449
-218
65
519
-319
6
-60
583
101
-69
-481
51
794
358
-101
228
-27
124
85
-133
-196
-593
-213
-125
82
-53
-58
-73
164
509
156
54
137
191
419
-134
-112
177
-167
-243
-422
-31
-787
280
-360
111
-87
-44
-810
-88
-269
-801
142
244
-336
400
182
327
-369
-305
-214
-192
71
-11
381
-61
-280
132
265
488
-395
-313
7
521
-736
309
-527
-290
171
-46
213
-370
188
223
-80
-178
-716
80
-152
-213
12
-182
-362
706
-232
5
-42
76
140
-36
-31
-165
-116
151
58
145
172
-406
556
-570
-251
-119
10
-110
227
-4
22
-541
311
143
250
-200
-98
455
-25
427
547
-258
66
-223
241
785
285
81
3
49
306
296
-122
-232
-290
-279
-648
-417
-402
-285
140
-343
-340
-91
-179
-471
176
72
-819
54
-335
-15
-433
-312
375
-194
303
276
320
-207
24
-291
174
-67
393
-80
-546
12
-136
-152
540
-231
-476
-232
-484
-237
-163
-433
-317
-419
-202
36
-103
-48
-195
163
-200
-36
489
-165
302
-90
139
39
17
-11
324
-217
-155
26
-120
-187
-194
-235
-34
171
-283
-48
-79
209
562
-205
424
157
405
-421
-138
171
-191
-366
-140
346
-423
-106
-243
206
60
-273
146
358
309
420
-541
248
414
-100
325
217
160
-52
-688
72
-385
603
239
-195
549
80
172
-484
76
106
-95
-433
218
-203
197
444
140
-437
45
506
-116
-68
-192
323
407
-476
-453
249
-136
190
54
206
2
-290
-163
-549
190
-308
-168
-245
-343
424
23
-461
-41
-261
-128
71
-56
-215
79
-330
123
-349
-310
69
16
-193
-68
180
-129
-647
29
-9
303
11
-144
183
-248
-118
219
633
-179
-41
-630
-259
-170
10
-95
-737
-180
86
205
53
-160
-1100
-70
-47
-376
-505
-198
89
-47
-153
805
240
657
145
-82
66
140
237
-390
-122
-351
-292
-41
-138
-295
58
-440
-241
144
116
-202
207
-236
-348
540
-514
-72
58
-287
314
-86
368
-261
-372
233
30
-181
-258
315
-140
107
76
-76
121
-288
208
7
-216
230
-260
139
-154
143
81
96
-228
574
-370
332
-54
292
277
258
-335
17
-59
172
-460
54
175
604
162
-84
-256
-219
233
-299
267
-240
378
430
6
-574
-110
445
53
-482
375
-66
237
498
100
377
-2
-157
-302
-91
19
-285
-82
-34
146
127
-182
24
-215
487
206
62
373
-2
213
147
-196
-110
-175
-25
-196
423
-92
207
-261
-113
-337
50
-278
-109
-144
197
-291
-205
-200
764
9
-203
-433
-248
-486
-324
211
-18
-265
-83
120
-442
-377
-160
117
-197
-307
104
13
471
246
-215
133
-159
450
-143
409
-284
87
-628
274
-530
45
275
220
-294
-517
236
-432
-67
210
-76
-671
-182
255
385
-84
237
-336
69
-151
64
-116
123
197
-567
36
-178
205
-198
68
330
166
-74
465
207
564
-331
-296
86
351
193
211
163
516
104
-272
31
128
-288
-33
-229
-484
172
301
255
360
15
171
56
131
-332
351
-137
-80
242
67
97
274
-75
429
-191
-142
138
162
-387
613
293
44
226
86
27
378
69
-220
-306
-342
-465
129
-207
-99
133
-215
-105
654
-421
568
224
-346
100
-230
-467
-1
-119
-148
-332
-506
72
-498
-145
161
-212
-36
312
-162
299
-17
33
49
-101
110
-15
-118
308
6
374
148
148
316
76
180
-323
186
460
-261
-112
-100
140
-262
44
-288
356
-271
688
-161
219
213
51
126
250
82
-60
144
-78
67
-81
-202
-119
42
-260
62
220
-393
79
414
371
-81
-501
-13
387
-537
-186
707
-87
-192
-609
340
-41
-233
-87
-526
205
96
-67
220
52
112
83
511
470
199
-554
239
39
3
-309
570
-28
69
145
53
325
432
-549
-150
233
-48
307
-10
31
-205
345
-543
301
255
187
-307
-224
4
6
418
673
452
-158
-243
-69
165
-211
-351
-95
-113
-2
103
-189
485
73
-373
-157
5
332
-354
184
-104
321
305
-62
122
150
145
705
397
-732
88
-370
-229
-24
-79
-362
239
-58
-256
545
-184
-266
232
-224
290
166
115
318
-85
-540
-128
-232
308
-267
-204
-92
-37
77
126
-234
-150
-241
-148
-30
199
-164
106
255
262
53
-401
76
370
31
72
-84
-255
293
7
739
-129
-108
20
111
285
-125
-106
-109
-121
-307
-557
199
-153
-153
-134
-93
-278
236
95
236
363
-124
-641
408
131
385
-257
-506
116
127
424
-178
611
161
53
38
-105
367
-101
152
-30
-122
131
658
122
59
208
-407
355
123
-117
73
58
104
-526
-521
-222
-776
-210
235
-363
-71
-71
498
273
484
-225
192
-440
212
405
306
-158
-328
230
-327
105
303
-276
-114
-59
155
-400
-157
107
-28
174
-455
226
-40
111
-149
370
65
-31
155
68
10
-185
312
300
-222
143
257
-200
426
184
102
19
-59
-214
-173
452
-519
1206
197
-21
-78
277
228
-74
36
248
-369
-30
-439
-275
550
225
-15
60
153
15
331
-287
106
336
69
161
282
-84
21
254
-248
56
377
-263
-92
251
-57
100
-247
-379
140
315
-60
-51
-31
-395
413
-389
193
-56
114
97
-161
-84
-51
373
-174
286
332
-292
53
81
178
-103
390
61
25
-213
19
242
312
-291
-17
699
-149
0
-110
-302
0
597
295
-350
160
427
7
-246
37
143
-225
250
147
75
337
-174
241
489
-238
-25
-564
19
-2
248
124
-1
-304
222
-119
-158
-188
-599
-1
889
193
368
-426
-397
225
-201
143
293
-218
-291
-10
-184
49
298
-393
-127
320
253
-28
303
252
386
-300
151
45
395
-251
187
25
-147
19
561
122
123
-49
161
-492
-231
387
13
345
176
-365
-139
442
527
203
117
17
539
208
-236
-255
-118
85
571
119
-32
358
684
266
180
34
-179
-115
-73
-336
-57
233
-272
-164
-238
82
-195
-492
-418
16
-82
-65
-162
131
15
195
171
15
-15
191
-216
-208
346
-125
-451
184
-212
24
135
-145
-108
105
160
-242
-135
288
41
-364
266
105
-78
178
-182
-196
0
308
208
-179
264
41
-554
104
-432
61
-19
-106
146
-542
285
12
177
-34
146
-75
574
-89
-91
179
-130
1
-473
159
-142
-609
23
-149
-479
96
221
-75
65
58
-52
-160
440
-492
-310
-688
329
167
-151
152
17
31
186
-358
-113
-253
326
102
71
-47
79
-233
-186
99
-483
226
295
296
-152
-190
95
-440
84
-145
75
-48
-405
-121
111
-66
-234
-341
-95
-308
17
329
-255
-33
122
-12
42
-375
186
-38
-319
91
252
136
-473
-161
-223
755
-295
9
73
174
240
159
746
-203
-323
427
-511
-55
-368
68
-230
-165
-631
-185
-451
-24
350
-362
411
-52
-165
-18
74
-311
55
380
50
263
273
244
172
222
-528
-41
-84
156
135
258
-25
-296
-265
-1006
68
6
-362
285
-207
378
-77
91
33
-127
242
-38
184
203
286
299
249
34
55
-535
37
-426
192
-111
-452
533
-262
-195
502
-110
-203
49
117
212
169
60
-64
380
39
-126
38
500
188
91
-90
-147
-359
-6
460
-15
465
11
-514
103
-129
26
91
-252
-170
-536
383
-21
136
97
-498
21
-189
204
306
128
-118
138
-244
-188
-37
-398
-65
158
-119
50
565
-588
330
-104
111
197
-215
166
-406
404
-338
109
128
141
159
-112
-61
-210
-72
487
214
304
120
-679
-236
135
568
-107
368
136
-257
-576
-432
346
275
-479
93
96
-97
-400
-120
168
383
-91
64
78
-92
-2
39
-104
-193
157
-334
-81
-133
583
39
-124
-128
157
-136
44
-158
254
-452
-61
53
-15
-806
214
69
222
-19
71
-76
39
12
63
42
780
-497
-212
-30
5
126
248
212
16
-236
212
97
65
463
-148
-191
241
322
-284
106
-80
-229
-237
-67
337
417
-234
-94
181
-567
-38
596
384
189
-194
-227
-259
-357
-446
288
473
-223
-81
-300
-196
-144
356
241
-277
-204
-176
345
-552
114
-28
-238
-130
226
454
-311
-403
409
-652
-263
-342
-23
455
89
-795
-69
-151
-175
-170
164
-74
460
178
-227
3
321
-258
-50
-4
-190
127
381
-181
-5
-437
84
37
-417
134
-155
458
-552
206
-165
-555
14
-118
112
-59
-89
-229
114
-364
290
39
-83
-275
-314
150
20
-99
397
325
-92
-6
-185
-467
452
-27
53
25
-221
70
-527
-104
104
-56
88
-397
556
38
-20
-169
-144
-320
-134
296
281
230
-347
584
165
92
-45
369
51
-180
-63
-259
-473
9
128
-74
321
-170
-580
-257
-710
625
2
356
202
370
-208
196
-193
-484
-88
-277
-136
128
5
220
177
750
-94
582
-78
-118
-102
36
-633
29
150
154
-1
-98
418
-211
-24
-150
-433
1
-262
-20
372
-112
64
-54
35
-19
252
-227
-247
-453
-100
-384
-261
203
103
482
553
247
-294
328
132
116
269
-71
267
97
34
460
-17
91
173
-539
398
-275
18
-113
-47
-230
157
537
-185
-362
-357
-400
-23
-105
304
-124
-373
129
-46
-405
385
413
-81
68
-136
-16
-440
-119
-40
37
293
44
286
-97
-137
4
391
112
626
134
348
-1
-296
-198
458
-146
-164
-249
409
-318
0
714
-80
139
240
472
-1067
763
-86
48
-2
93
-250
-352
-86
45
-310
255
473
-507
-392
556
299
483
402
404
275
467
-392
108
244
446
-67
851
41
-118
700
566
391
131
-463
202
352
157
-52
-636
-312
-398
-294
-427
-165
621
59
-357
422
-416
245
-137
537
906
-513
219
70
-30
58
502
119
400
218
-120
-263
402
957
302
375
-79
321
-75
314
25
9
-17
276
-54
-8
-2
-18
432
387
-83
-240
-263
156
-173
-661
-20
-114
-43
209
59
-383
-165
-400
300
-361
58
196
-18
251
-257
97
51
269
-5
-234
-303
362
-14
-50
-96
625
118
-382
117
551
-298
67
-106
70
264
276
78
220
9
590
-232
-40
523
422
-344
-143
429
95
42
323
491
14
174
97
488
161
256
-342
-439
201
38
-77
-325
-126
115
205
-23
182
259
266
-247
349
198
-695
97
141
-271
-100
64
48
-44
-372
-65
551
-386
-170
33
112
-197
-46
49
-87
421
-341
105
110
-113
332
-502
-30
137
-723
37
-230
79
530
-139
459
41
-426
111
-320
-291
217
226
427
232
-234
155
745
280
-60
154
165
731
127
289
278
18
67
290
362
49
-36
231
330
241
183
118
-111
-33
-224
300
-75
-328
331
366
-397
-15
-305
-291
470
-374
205
307
362
41
122
-227
190
306
-3
38
310
-308
216
-156
12
-117
144
-2
-103
70
150
-260
-67
-126
419
-270
549
241
429
-300
-230
308
384
-623
397
-11
-204
-391
-58
444
64
-31
-612
-516
132
-65
229
-77
-317
296
-286
-326
-392
458
-2
-149
107
-131
-184
-159
-209
-148
31
-647
340
227
-344
-637
-6
184
-230
-137
-150
-117
137
-189
305
130
-57
-359
583
-414
-95
159
-17
-250
-2
-325
-145
-314
-206
88
-264
-538
385
91
-341
11
134
492
-162
-163
280
-59
-230
33
-717
715
-233
-441
216
290
362
-317
-121
-214
-223
-46
204
-320
374
321
-87
-45
-99
41
-44
-66
100
256
-271
-133
83
376
407
-73
-295
-514
91
-198
350
417
-213
-145
-383
176
95
34
-216
229
67
-60
-207
-152
46
113
-66
-313
-624
-41
-68
437
-376
82
84
376
62
-200
-184
339
-718
196
-110
-143
257
39
-245
-61
-261
-109
168
-163
112
-86
525
-158
754
-277
266
-205
-29
-411
70
-158
-36
-131
-336
-21
-421
-26
90
202
-70
151
-304
777
-106
-150
-202
142
-239
456
11
329
-47
509
-352
141
-77
-189
422
477
35
304
32
-69
210
-6
110
-32
435
80
-286
-400
762
58
380
-90
322
-547
358
59
82
-388
-279
155
152
-451
-54
-277
220
-242
93
252
-215
26
4
-73
-142
-483
342
-98
-248
-92
-908
97
-229
-302
541
-9
-406
-174
760
-196
-244
-586
24
-334
124
322
218
-27
311
402
-48
217
211
399
241
677
-150
130
-250
-113
377
158
-63
82
-41
48
328
72
-61
27
66
-140
300
-221
-284
265
107
82
-485
352
353
43
380
-434
-198
-206
387
-518
160
-87
-302
126
-424
593
-122
-71
231
418
123
488
-108
-242
182
822
-138
-341
-521
-444
-205
-235
145
-827
95
235
156
411
105
24
197
269
-69
-23
-104
16
43
110
171
-43
-510
150
111
816
61
-75
-295
-428
387
41
37
30
177
42
3
-356
713
50
-371
63
-183
-353
259
242
-1080
-330
91
332
407
189
-338
149
239
-54
104
99
15
55
-244
-301
-414
93
-123
588
-211
208
410
-302
379
-234
35
-462
416
-566
170
-298
357
-334
505
-81
-360
198
125
80
271
-360
274
-102
-112
-151
-12
-321
-475
-516
-202
-194
-178
-384
217
422
256
11
314
165
-138
-241
-173
258
-294
590
-6
128
-152
-113
41
-77
-205
-147
381
-390
-362
-111
-319
213
278
454
-446
69
-15
72
200
414
-161
10
597
140
-33
-274
87
-243
40
-66
25
398
185
159
-60
-18
181
-76
200
231
-237
6
134
343
-420
-109
-3
-174
65
133
-377
247
95
258
-108
147
-115
47
-191
-50
479
36
-178
-636
-157
-114
-784
159
468
-342
151
-234
68
-354
178
11
131
-269
-317
15
397
-86
-30
820
66
-376
-133
-216
-29
-255
20
92
216
-199
131
24
-259
-281
360
257
428
505
167
-108
-37
-158
288
76
197
-397
-100
-261
-529
-58
-332
-105
32
84
270
-367
-357
265
407
172
-98
141
-142
-121
-27
35
-676
477
34
-60
-333
-120
-348
25
-413
118
6
-583
-214
138
114
-58
84
688
-283
-550
-158
200
198
-308
-126
-373
-343
6
-676
481
-425
136
-564
-147
82
184
-305
-463
-197
-91
232
-68
709
196
-227
-78
79
262
-386
-179
-602
10
-871
374
264
-131
-342
93
-593
171
410
604
48
-247
-139
-351
-258
-136
-223
151
108
241
281
-183
32
-107
461
765
-248
386
-274
-459
-363
200
645
-147
-52
348
674
-70
-241
-349
-158
-194
-160
228
68
-677
56
365
-36
-221
-291
338
-632
12
388
-343
242
-600
133
94
382
53
397
302
85
646
491
272
202
117
-438
-279
93
-630
250
25
104
212
66
-258
280
261
-490
103
72
-14
-78
-5
-180
-46
-35
230
162
519
183
-4
-296
246
442
-191
-152
-32
487
-4
104
28
210
-312
-285
63
316
720
-491
183
-32
43
122
-156
-208
-11
-67
118
148
-274
336
-119
344
111
-194
70
342
-137
78
-250
-275
-107
410
564
195
-44
-119
-581
-17
-327
272
-299
-39
254
603
234
388
399
-29
-350
-257
157
-513
83
-174
-201
-350
-421
405
-96
-563
-243
-171
-233
-334
41
-128
472
-4
160
-650
-288
-363
27
44
-275
-19
-205
28
-227
446
-154
-519
-338
157
-389
-517
-214
14
408
91
-222
434
426
-628
-49
226
94
344
-310
-163
-86
412
-372
-5
-52
-155
-50
-259
177
-15
-92
105
-333
376
-29
-153
215
-182
126
-633
-336
-53
-218
-20
-250
28
175
150
336
-108
-400
140
56
-111
20
78
293
47
126
254
401
32
-25
-126
-512
100
-107
530
56
-428
-62
621
15
-381
-131
93
313
34
49
552
-308
357
151
345
-32
-352
-97
10
-147
348
123
-325
88
387
-39
-380
-239
225
-323
-77
165
275
19
2
-214
68
475
-156
-689
14
611
169
0
-47
12
-26
92
-86
-390
49
-403
-439
-275
9
452
188
-96
-310
-89
151
104
-188
85
4
-95
474
94
141
326
119
373
-72
207
85
126
-335
160
516
258
-243
-229
16
92
-15
341
-132
217
-18
-30
-60
-109
-280
284
48
104
-129
-146
2
329
77
474
166
65
153
378
218
-226
352
-18
294
-410
425
-220
82
539
380
9
-330
-519
-61
-33
-33
-2
324
151
-17
-389
-359
808
-205
174
-512
-305
289
112
-197
-30
312
135
-80
269
109
-348
-76
-448
-220
-309
333
226
-186
-296
-175
47
59
-298
-285
86
310
-37
458
-145
578
-132
-183
-460
-121
-212
-386
-27
-111
127
-468
40
162
-111
-95
-412
724
-566
-45
120
-454
-179
-140
430
-225
-404
324
-321
-138
-219
364
-604
37
277
-526
-321
-479
351
-136
-15
-5
91
-217
333
336
24
-175
-324
-353
-71
384
146
192
27
477
309
289
175
7
-2
-19
-63
433
253
425
-167
106
174
-28
-479
126
86
264
531
335
-212
-194
189
61
-440
-193
341
495
247
6
285
308
239
-293
106
548
-167
-268
-61
-299
403
-439
233
-331
-281
-36
-121
-64
-173
-117
-487
-106
-435
156
-210
21
208
28
16
212
478
-813
-451
462
-28
-388
332
-105
-162
-58
421
48
778
342
-334
-220
-143
-506
2
433
-62
32
-53
-276
139
-260
-586
184
-30
-80
-726
-70
173
-105
-85
-317
-355
-327
-189
1
-8
-269
132
165
307
227
-390
172
372
-268
431
-501
452
-248
56
409
2
-287
-64
-23
-394
173
315
-66
594
-205
-15
94
-47
41
47
-179
82
90
-19
-54
238
393
1
-179
-305
-362
79
-76
-194
456
-374
-10
-223
433
-424
306
113
156
-289
61
603
-209
-80
-154
55
16
-245
279
103
34
-140
145
-389
-113
-171
396
177
-144
238
310
367
-608
-341
-93
-686
-21
-10
320
165
-373
594
304
854
-565
527
393
607
-54
-533
211
292
174
-147
262
-647
207
-40
210
657
-202
-100
-170
-157
303
-249
-130
-710
-360
-25
136
-38
-30
122
116
-152
-299
-464
-200
287
-183
61
-591
228
-228
-102
-195
-155
278
163
171
-343
-130
-254
-271
309
682
-25
138
-228
41
463
107
-47
-768
1
-69
-22
204
-433
-304
96
441
375
212
-986
-118
-345
143
-164
-133
-133
329
132
-167
550
262
-71
190
341
-8
-102
295
-26
-35
279
-288
221
-135
-484
57
-177
176
-84
99
417
-506
-134
117
298
-106
-154
238
-136
-162
22
-647
-85
812
87
231
57
275
-25
52
-15
257
-226
639
139
218
-195
124
301
35
-8
44
335
102
-30
789
-96
128
112
177
307
-37
40
40
-28
-185
262
-423
597
-110
-172
-423
348
127
73
612
-34
-221
328
-362
225
390
431
-358
225
-76
923
219
111
-255
251
-40
-2
-291
-316
195
293
19
-33
88
179
129
-290
-194
-242
-148
293
-293
52
272
122
-309
73
96
259
394
-247
-45
240
175
-148
182
375
344
153
227
544
210
439
287
434
353
16
-99
-527
483
-435
83
-62
-37
-102
496
281
166
-11
23
78
253
-331
-179
213
62
-275
-55
-127
-117
109
387
427
-1
-191
238
327
-192
-169
107
-263
30
47
476
-66
-130
-333
273
272
-187
242
-326
-72
-91
-204
-58
268
-427
352
96
257
178
638
-144
89
181
-157
-322
-544
-73
502
384
159
-561
216
-2
-285
-171
125
-249
30
222
-105
82
-401
-101
50
41
-103
495
13
-196
127
-194
278
-69
-418
14
335
117
122
98
229
72
374
-163
-67
153
-82
-602
-564
318
-521
-435
208
-186
118
-121
676
-334
-210
-91
9
-275
15
451
286
-412
102
405
479
220
-350
630
11
184
197
-233
-187
-157
-155
-309
-267
-62
652
85
-319
-67
-54
-211
-57
-273
36
8
376
-311
53
-36
30
-171
2
533
-272
-367
944
-407
-240
586
-116
313
-48
194
130
-137
-52
-524
-103
-9
143
-417
273
-98
275
58
213
-246
321
75
-77
-264
342
215
176
-381
526
70
-683
-94
-333
-294
224
394
-179
-35
-43
360
116
600
-343
79
-110
229
-151
190
376
324
-261
17
-5
192
254
-272
-291
189
389
-210
87
-558
-92
-121
168
-127
-224
-110
102
-355
-162
272
-35
142
-186
18
119
24
-15
-437
144
-91
-255
-212
283
-229
-221
249
387
-108
-407
345
-252
-41
-84
361
105
376
308
122
79
-101
-176
9
-85
45
223
-193
-206
-281
266
305
89
199
-87
145
-325
196
-211
-174
64
-293
26
283
-45
434
-303
34
227
-133
-125
89
252
-153
-198
4
-229
-201
54
229
-425
-368
277
665
292
-168
-110
-155
13
164
26
511
256
-201
-177
168
301
89
-56
341
467
-63
185
143
-101
-456
-120
-309
655
422
380
674
-473
-138
-451
-56
527
340
44
21
-147
420
-13
-73
474
-408
67
209
331
-101
-39
25
-97
403
-216
400
237
157
323
-428
-593
-126
-352
-142
-172
73
-177
-111
-2
309
-166
-276
-105
-122
-144
-6
118
196
-30
-18
114
-11
-63
298
187
381
-2
264
-147
305
-26
-206
-167
337
-206
-247
-415
-185
-271
548
236
-52
-79
-487
5
62
-48
255
510
19
-339
-482
-252
152
266
430
-704
111
83
-815
-68
346
329
-328
-837
-41
22
113
111
-292
-334
324
-74
-126
53
322
267
-191
-98
-49
33
140
167
-346
-100
-108
-33
-481
-334
441
116
-367
295
-474
66
203
191
457
-34
-196
363
172
-142
15
-7
-204
254
376
-134
-276
137
72
-116
-161
246
555
116
283
-66
155
14
402
-137
-624
-106
-342
37
-120
-8
135
578
-377
-381
-85
-116
268
-647
86
-404
23
-224
1
-638
334
-84
41
-28
161
245
25
498
-417
-186
431
-593
96
245
49
-32
475
389
158
-262
-225
-216
-21
181
50
324
-277
-59
-167
195
68
-42
-352
-13
69
155
189
654
-337
58
-49
61
306
40
-205
-272
123
-351
-368
-145
234
-142
147
-219
103
-78
203
-218
-230
309
-443
36
-317
-171
120
246
-285
-124
-164
-3
50
-628
132
187
129
-663
132
-20
-50
-539
89
-17
-303
-208
121
126
176
398
-309
0
-896
-92
-251
340
-598
192
146
56
-218
-29
200
-56
9
36
-165
-298
-417
735
-578
51
-66
-497
42
5
-19
-344
-83
54
18
313
-9
372
-259
-93
183
618
24
-447
-387
-642
-101
273
198
50
-340
591
450
-549
116
-464
145
130
92
221
102
165
20
662
-251
-279
-15
-143
39
-201
271
-309
-1
305
656
-76
-267
-174
-507
-471
272
447
-149
94
41
-90
-191
-25
-46
169
287
151
573
-234
328
305
-81
460
187
239
-152
313
524
-93
424
-76
4
-21
37
321
494
627
124
101
-375
-268
-275
321
537
-208
42
-155
-26
-176
267
383
602
343
-419
215
340
400
29
135
-207
117
16
187
-314
737
-186
474
212
471
134
0
-50
187
-551
-302
33
-4
1075
141
27
-214
346
326
-461
192
-198
-107
117
515
-492
-253
20
-311
159
43
218
170
-214
407
13
49
167
135
-138
243
-266
267
154
90
344
519
-233
-88
230
-35
55
-269
-287
297
-533
-190
528
53
-769
271
364
-610
353
-171
-743
-95
-122
-378
145
-47
480
192
-231
667
64
-268
387
-327
-90
-416
63
427
-25
8
-286
-270
-317
182
-89
3
-164
-385
144
-139
-347
515
129
438
-389
364
166
179
-113
280
308
-262
100
-867
144
-308
-320
-507
-45
-29
-189
-233
47
-356
-160
-472
-313
-300
-5
-192
-225
-78
-80
-292
197
-87
442
-154
183
-382
142
-331
-251
-173
80
296
207
-218
18
23
325
-27
-128
165
448
-37
-170
64
242
-99
-326
229
-31
-660
71
-42
-584
43
-289
476
25
229
-55
34
-155
137
-202
303
107
-227
-386
-98
58
903
-990
-356
26
187
-360
-9
365
574
474
-247
-268
-414
153
-496
-236
57
170
334
-74
-156
-128
78
-263
293
87
-58
-205
434
417
309
-228
349
-23
-258
500
-280
692
139
113
-20
-227
-386
-93
131
-67
-255
219
-73
524
213
-428
-57
-259
-194
38
-107
76
289
-234
15
725
-243
-107
494
224
-427
67
-217
24
-7
33
123
-124
400
103
-186
-702
-58
55
-382
-50
-473
-764
-62
65
136
-14
-411
-61
63
397
-210
93
-99
-1
218
-313
2
224
389
194
44
-8
-204
246
163
495
-2
-281
-52
-18
291
-288
318
46
-141
-105
740
287
-523
-185
-29
411
181
-104
-373
51
-446
402
451
-410
-94
55
-15
-49
32
188
108
342
322
244
-216
-234
-10
199
88
14
-471
89
-297
-60
381
373
172
304
77
84
-472
-290
-470
-155
-225
-75
185
-749
202
-66
-308
276
-65
-529
428
-394
54
-340
-261
-217
-314
304
-2
434
-28
-350
-140
-449
-144
-202
387
64
-139
30
-149
-275
-121
167
-476
309
-5
-119
-487
-320
-77
-263
366
-175
-50
-2
-5
347
-122
4
397
-139
-407
177
-311
331
423
-382
-737
-20
-409
-244
353
436
-199
349
273
32
264
488
-304
94
656
37
50
-240
172
292
-157
-500
224
136
244
410
1
-187
104
-143
135
304
241
8
-590
-589
-485
181
-352
76
-148
26
15
82
170
452
-283
-115
270
-8
-375
-233
-432
120
-143
156
148
-336
-425
-207
71
-180
-704
-63
-93
-431
437
668
41
-108
94
-166
574
-112
105
-99
-34
135
-303
61
128
139
-215
69
-215
-228
132
96
-187
482
-153
7
54
-57
-188
-699
-151
-15
346
15
-114
283
-209
220
-179
93
489
465
643
-167
-343
486
183
141
-140
105
331
-182
135
138
-304
-22
268
-149
-33
-471
409
-202
399
139
124
-785
-212
453
-54
122
81
-285
372
-56
80
-70
-336
617
-187
508
-219
477
18
305
264
167
-293
184
201
-243
198
-89
-31
77
111
241
-95
-197
-380
-318
537
-186
-389
44
268
-271
77
310
35
-160
310
314
-117
-192
-11
356
-55
-110
-180
254
-194
356
23
435
274
146
-307
-191
-96
86
-39
199
-236
36
-159
382
-284
67
187
25
333
-186
11
200
66
-262
138
-465
357
324
-141
250
-459
-17
279
-253
-9
-206
107
22
189
-5
238
257
131
358
31
-597
566
174
-73
-1
-116
82
300
359
372
-159
-296
-240
-492
-113
180
-372
406
-12
-212
490
533
-269
-300
178
302
12
381
58
-87
-239
-86
-140
236
-121
288
-116
-311
155
-198
-149
-526
58
59
193
-267
262
268
648
38
-42
-23
-223
-149
394
-132
0
180
357
330
256
-90
-520
155
-96
-47
128
38
-101
431
199
-7
-78
809
107
-1
-86
283
490
177
-371
272
110
507
-46
398
-179
259
848
-401
321
894
-310
24
-68
218
-110
-34
419
324
-229
33
159
407
173
401
79
469
-192
214
260
-202
573
18
-168
-391
108
672
-159
-156
-75
-440
60
161
133
-94
143
310
327
437
98
114
14
70
228
212
366
-195
93
-141
-681
-149
-88
138
-14
-21
89
-566
-380
399
-409
218
-470
-158
-571
413
207
-117
-230
-90
-714
174
55
209
135
141
-196
213
-101
17
213
177
176
-175
147
-8
-222
502
21
-100
-115
8
-217
456
604
-295
280
-142
-158
-356
-39
128
-314
-309
-29
333
370
250
-393
168
-316
-335
-364
-212
123
-218
-193
209
214
-37
304
17
-166
-307
455
35
-92
138
-438
347
402
-211
197
-422
239
294
-181
-427
-321
-171
132
-187
-288
85
56
151
335
602
-7
185
-6
-181
-2
84
410
203
54
41
-428
-322
-361
284
-56
-55
206
96
239
139
348
178
-384
-401
296
-411
230
82
220
-228
-266
-141
-18
188
-105
13
-79
-213
-367
-261
445
230
98
147
213
-519
95
123
-265
-149
-249
278
-444
-301
-354
18
-72
67
452
372
42
-276
680
17
172
-321
424
-60
-90
-67
-139
-513
-228
205
174
92
308
-563
-252
38
278
-368
189
-232
836
71
-417
-112
-87
-322
-114
-20
19
-152
-61
-239
-19
213
611
268
75
92
-132
289
-459
433
-4
272
374
-70
-301
183
-448
173
-225
-103
-32
42
-165
-210
356
145
181
-150
13
-441
269
75
-298
271
-55
499
129
-31
639
269
117
146
-111
-385
-320
-31
340
-186
399
-219
401
236
-307
168
323
-118
449
-732
97
62
-40
-430
-178
80
-540
-283
230
366
143
53
189
-122
230
237
-662
-101
102
-380
-796
-380
0
-108
-93
9
-29
-143
191
-43
-179
-10
481
238
-275
87
466
-68
-16
60
133
-142
236
-75
651
466
-682
-262
133
-293
22
184
68
204
252
-301
-283
-101
14
-226
-164
263
68
-314
-129
-129
-370
-204
-112
518
165
224
203
403
-60
-193
-608
-335
-321
82
728
208
-174
-46
135
102
0
-219
-16
142
-127
-78
-60
205
-117
149
663
169
-191
61
236
-510
214
84
-281
-40
99
416
458
31
31
109
-75
114
-663
867
124
-252
175
65
-164
292
360
-261
93
-197
-139
458
737
-214
245
-238
-115
-208
-7
-65
-552
-235
-375
1
-378
-432
-55
232
31
-313
-400
172
397
-27
171
70
-55
61
-161
14
-81
-214
-620
200
-668
321
-296
-167
27
278
-165
463
140
-105
-151
600
-9
-87
-443
-58
-72
-738
-120
-42
-726
-97
-94
-607
-339
20
-357
154
443
-32
-36
-110
15
300
309
-153
908
23
280
179
295
-141
-208
252
-324
219
12
197
75
-238
233
-43
-97
308
-123
-260
-404
396
403
91
-200
17
383
-140
-305
599
-147
136
381
-181
10
-217
-185
136
66
-30
-35
232
-534
-422
332
-115
150
223
357
-19
186
83
328
-6
-351
-525
-214
-139
-348
258
12
447
46
60
-707
-227
-68
188
-100
-190
394
12
156
-1030
-285
118
26
-352
-184
-72
-117
347
-111
212
-245
-650
-120
577
58
-308
-320
68
-193
34
177
-290
114
-578
179
11
-520
-437
-136
-492
85
-321
222
-254
-2
-184
348
-16
-351
100
-125
-148
285
311
-218
-201
-7
522
-79
104
-216
-306
-85
-293
5
17
-242
-105
-65
151
-400
186
153
497
247
166
-159
196
-397
-91
-161
-378
449
509
-139
253
168
-79
193
-13
750
-27
186
-454
-105
80
-79
-255
32
-16
-70
3
156
456
95
206
102
29
187
283
-213
-66
-284
-99
-63
520
336
176
-244
74
404
277
-614
138
-155
-464
217
217
215
36
276
443
-236
-263
118
-355
-155
128
-447
-274
447
74
-508
211
-236
11
-12
329
397
-487
-366
75
-245
215
-53
-268
197
-45
-409
59
46
-339
152
-162
-33
-66
-280
610
-66
-414
307
-190
-207
150
507
49
344
183
-56
-465
253
-111
-54
-240
-120
-175
289
126
283
108
-360
-232
369
108
168
-19
136
-238
-433
422
-642
247
356
-34
-819
352
-42
299
299
-182
490
-178
453
-121
476
-173
-144
226
-363
-210
-459
-110
-377
817
-119
-568
24
314
429
-69
-51
-86
-306
-196
166
-198
327
101
26
-468
-143
-125
84
-346
107
267
300
-194
-188
317
58
555
326
83
-306
-432
120
97
420
-231
49
-403
-102
-345
523
-64
537
213
-83
97
-19
-84
-112
-77
-424
190
12
-92
97
246
332
-53
11
147
160
-319
-87
222
-41
448
-101
-279
173
-165
-111
334
85
-122
80
-244
-184
-648
138
-448
-126
247
-111
-403
-380
-34
285
492
-668
-121
-24
107
282
-19
127
-221
-261
-388
157
97
-310
-58
-104
-652
-1
-753
86
213
-101
-100
115
-438
286
-59
20
261
-183
385
128
-4
36
-154
385
212
38
-211
-201
-408
323
183
-54
429
-905
-414
-154
64
-147
-690
2
283
324
-447
-287
-270
287
115
-111
-138
-170
-193
-637
-729
163
-273
123
592
-34
257
74
444
-139
-332
-89
591
-166
-194
-287
27
209
186
-43
-111
9
-18
-264
238
-50
-303
268
-351
-354
215
-661
-707
205
-94
-72
276
-615
438
157
665
-105
22
75
-357
-461
-630
-384
-95
441
297
141
218
-807
-7
-418
28
923
-236
263
3
134
5
139
432
356
106
605
-137
123
-151
128
182
-138
-452
-88
87
314
426
-85
-82
-274
190
194
-288
381
319
113
-18
-335
247
71
287
175
274
-288
-587
-614
-255
-206
-397
756
64
363
222
-82
-53
-51
177
-152
-465
-459
357
410
-183
-396
-387
-320
601
529
474
-3
-4
335
-72
54
-156
-127
27
404
-95
-161
1
369
-215
-324
-150
111
223
-54
93
-216
43
178
-152
-414
-353
-4
-4
-246
219
20
-439
74
129
-44
-377
118
70
-203
-476
33
504
359
-296
181
105
115
42
-168
314
-49
-106
32
20
277
41
764
-347
234
-69
12
-326
-135
-97
-313
-268
-180
164
469
271
-135
-523
196
-400
90
460
297
172
-122
-545
221
9
-344
-177
-62
179
331
56
-451
58
-395
98
-3
-141
-161
-51
331
99
771
160
149
331
-12
120
169
26
50
-323
252
13
-269
-174
-37
187
-91
519
29
-283
-49
29
-51
510
-84
-133
-194
43
-213
-587
-579
49
-41
-187
-143
-137
-305
127
6
3
455
-105
-386
19
-266
-107
310
-70
320
266
-583
660
219
372
801
184
225
168
487
-137
66
187
-109
114
-325
-150
-507
-222
-256
52
162
759
14
359
256
-75
-17
-26
-541
133
-335
79
-161
227
37
-143
-154
-73
-314
632
-637
692
-267
21
42
117
332
-434
35
39
233
-3
-279
-567
21
-231
-191
8
-62
-129
122
177
417
428
-86
146
-59
285
262
-527
-254
46
-11
195
-27
185
44
423
-107
-279
-630
-774
375
-290
-137
-128
-139
554
55
-549
896
398
83
259
403
-70
-78
-148
640
141
646
-306
-396
-315
-21
-125
-259
71
-315
152
-86
-191
-250
-115
-295
-250
138
-25
6
285
125
102
82
383
-171
-224
110
433
532
-235
-335
408
242
249
-119
-206
-388
126
49
263
-381
-145
-292
-120
234
-446
175
-279
151
153
482
-238
-188
-314
-56
346
-412
-154
-35
32
-265
34
717
62
130
15
332
-3
-354
-105
-425
99
60
-80
-192
284
210
200
-147
-210
115
-322
-328
-209
-207
129
396
-82
-314
-97
-119
350
73
-82
8
-444
256
-165
72
357
40
92
-171
80
198
594
-89
-355
274
321
712
124
181
-613
-392
-418
157
623
211
-54
-187
144
-368
-358
-192
-344
-318
220
72
-765
702
-571
-50
745
-414
-112
13
141
-241
-310
131
328
-49
-56
-35
-200
155
78
120
-109
270
-562
295
-34
456
-408
-10
15
-51
-268
-533
-41
-26
-136
452
88
-146
54
163
271
72
292
-116
354
-286
243
-73
166
-239
555
242
166
14
-525
221
17
-235
563
-12
-211
-284
-143
125
20
19
27
232
90
511
-101
-390
-141
-92
-107
-71
288
413
-86
-347
-279
-398
-71
158
93
25
306
404
-162
-208
148
261
182
619
214
-318
-242
-508
132
79
255
-650
324
213
263
301
341
-45
-161
240
-119
30
-381
125
-148
73
-83
-590
-167
377
130
-263
-337
41
43
328
442
-191
111
75
26
145
-294
18
-67
203
74
-265
-24
-364
-599
241
392
216
208
-52
-226
1025
-187
401
-62
-331
-200
-111
-637
119
223
-33
-159
11
346
135
-265
-17
122
173
-99
-306
11
-143
212
-152
80
-224
-65
15
64
-479
-130
386
239
-247
-617
78
-290
196
476
-277
114
223
202
488
517
-311
224
34
389
207
-250
353
217
-3
-359
-79
-459
88
470
-72
248
102
-130
495
268
286
-222
144
66
262
-41
-194
-209
-120
378
468
-383
-325
-34
220
-344
-881
-58
-198
489
385
-368
450
-463
252
-324
443
129
-9
692
479
-53
220
318
146
-427
114
-512
-240
-493
312
-80
-268
-70
384
-143
-228
275
-133
-118
284
-134
41
447
72
74
-435
-106
148
-233
286
303
169
394
-406
166
148
-142
5
-151
-427
143
-266
-301
221
409
168
120
-193
150
610
692
113
129
59
-32
442
-515
38
125
293
-75
114
13
-295
13
-432
636
267
-690
-322
26
-86
-14
236
320
298
-106
-875
-232
-574
-231
-37
169
-364
-230
-364
-1
-93
395
-211
-562
-580
-285
365
-135
505
-96
-68
-173
-371
448
86
158
233
89
-109
-191
12
-293
666
-367
-22
143
-89
-168
-211
443
257
-335
85
-66
577
-353
248
-541
-234
-5
-231
48
51
261
-362
233
-102
433
128
279
-2
-30
-481
17
455
-366
52
16
-305
-100
0
-257
76
-761
-500
-17
-281
465
-151
702
-11
-92
-547
350
-183
415
253
-389
-19
2
-192
179
96
-27
-60
18
-125
-452
194
-515
124
-26
130
178
79
-184
120
-29
168
-94
236
570
-403
-253
217
-446
458
485
-159
-114
-61
60
323
-6
-239
-143
-601
465
-181
266
62
-261
-256
473
-574
503
-68
164
-597
84
118
388
645
104
-306
-89
271
308
189
254
-241
-557
-363
-100
141
-544
57
72
-92
-258
-21
212
379
50
117
-151
208
-285
328
-4
124
-192
20
364
232
88
139
-40
-51
557
-297
458
-253
394
-223
-326
-155
-533
-145
-361
253
59
526
337
431
-33
268
-189
223
345
153
-32
-141
106
-68
51
43
-724
-73
-115
-130
-242
266
223
-177
-415
69
-91
77
-190
-221
-199
-186
-191
342
289
-11
-312
111
-94
280
-193
-71
529
28
405
-377
-111
299
365
20
-171
-476
-216
684
476
191
-323
-654
268
-123
34
147
-109
-98
52
241
-232
61
-222
491
-203
195
381
270
-592
-50
282
-17
76
267
119
-142
41
94
102
-479
227
-135
-151
-436
-448
374
-334
-33
-543
413
158
-346
-694
245
616
-590
43
161
309
117
-202
334
300
170
-538
-31
-150
64
331
-282
249
237
290
-639
-146
47
-303
-162
-69
226
639
-108
-108
13
68
-202
46
228
-243
-359
-465
9
98
329
78
284
383
51
-159
-9
327
-291
-950
-105
493
-263
91
570
48
145
86
-461
-40
-527
-68
586
-258
-249
-505
49
-271
-409
638
-195
273
18
-263
224
84
66
-160
185
225
-203
302
-65
139
369
13
257
-143
316
-145
-806
-293
-513
-288
370
-232
296
-253
-283
83
-103
43
446
-143
361
-101
130
-220
511
211
-34
466
113
-603
339
-309
392
167
189
80
-105
146
14
212
-481
30
-202
-8
-288
-630
-275
-677
-333
-498
96
-201
52
195
181
-59
485
233
-334
-149
322
-25
381
124
-240
-98
-134
402
-316
313
173
190
385
-248
-220
-105
-28
15
219
-56
-408
-233
-564
73
249
-194
285
-231
160
-192
229
319
372
-269
-254
-97
-297
202
-442
-156
245
131
209
156
-46
193
-130
-358
187
-226
174
201
318
220
-147
-229
375
154
-194
182
-87
-289
229
-316
-113
-276
104
66
-166
-121
-159
329
-237
38
-139
-185
261
-370
72
-342
392
349
31
-150
432
-178
-354
512
198
154
-435
288
36
-406
280
544
110
128
105
-386
36
554
481
-303
-351
144
590
287
658
79
427
-94
163
-268
-322
243
-16
283
65
96
340
33
328
43
142
-424
52
-234
438
32
-377
-67
-510
-749
-433
-169
-242
-38
243
-180
-192
-203
68
460
-159
466
-390
126
-250
5
260
157
-263
212
55
-402
-111
-174
-148
37
345
141
-49
-81
408
343
67
-70
227
-111
319
-475
-401
270
-94
195
-87
228
-215
180
102
85
-120
238
113
505
354
101
-44
-444
122
-7
-69
-505
243
516
314
-331
198
-39
202
251
-21
1
215
-337
196
398
-288
-554
-80
338
-293
28
-373
37
104
500
-138
-543
-461
-151
-170
-83
59
-407
947
-179
-38
-51
-600
-33
-329
-439
-31
142
49
-359
-122
154
-342
-11
-318
-19
247
330
180
270
314
208
106
12
253
-100
-387
323
-92
-149
275
16
-170
-217
-184
316
-323
-221
-205
144
-224
374
-504
-190
339
154
193
-433
-425
-123
-44
-372
140
-183
193
295
-55
226
-520
428
110
-126
-22
-71
96
-441
54
-57
-274
-100
299
-58
142
-167
80
-11
27
-27
5
145
-111
-151
-61
71
-187
-179
236
44
317
90
-355
240
212
-82
191
-158
-100
33
50
-99
-202
136
30
-29
-436
-334
-379
-83
-121
-160
-458
-367
-70
192
-403
-5
-71
-70
141
47
-538
-61
-558
-77
142
-536
-346
445
-269
-197
-93
-146
-162
-29
97
-26
-246
-504
-376
119
134
135
132
379
-517
74
-110
9
-145
-31
-299
-150
-120
149
339
142
471
248
23
-167
-316
-151
-97
-160
168
-411
18
429
-249
325
734
382
-89
350
103
411
95
-346
-246
96
-196
-26
-259
377
412
418
-244
262
282
268
-103
-107
31
94
-207
358
-328
435
-378
-425
362
291
101
401
-260
429
171
-307
104
-19
-553
249
-202
55
430
799
90
-46
-418
-348
311
-156
-346
-118
-129
-387
-193
531
16
-85
595
403
-136
-472
-71
66
-199
195
-82
291
70
55
-104
61
-161
23
-285
-509
-224
16
339
147
-242
-68
267
165
-489
94
150
82
-260
522
177
222
-651
-398
-395
199
68
423
-76
-158
-243
181
-290
217
-319
434
-347
-64
-227
297
74
-7
-320
-2
101
103
-80
383
-43
161
344
-193
-237
-63
35
50
-42
-30
-105
-129
133
-398
-321
-285
-392
195
-304
-227
-699
379
-210
-422
30
311
-619
151
-91
234
285
-695
679
145
57
447
506
643
281
14
327
125
-144
-321
41
68
209
-191
188
11
190
-272
-164
302
316
150
147
38
12
391
-218
-346
-229
198
-435
-450
-496
241
121
-338
119
-132
-316
-298
-282
405
75
19
-248
-327
-223
-411
228
96
-31
96
352
-120
58
-417
-131
-43
-269
-80
-226
-140
-231
350
-441
59
298
43
-272
30
-539
221
42
-482
-104
239
161
77
409
259
368
507
224
-237
12
-371
-10
106
655
-304
80
76
-64
299
-239
-90
229
335
-169
-426
-331
55
-339
-143
130
181
-186
24
-481
-112
-136
353
-126
305
288
-57
-483
-669
724
272
-595
146
-44
-510
181
-177
187
142
-29
205
-50
150
-463
-128
32
628
-304
129
312
-240
145
-473
38
-214
-149
112
-151
-291
171
-292
232
401
365
-77
130
-102
-191
246
-153
-437
-598
-63
-45
-160
216
177
63
150
-247
217
335
-279
24
111
-288
228
104
54
-132
282
312
-183
-135
235
206
-57
49
-77
-244
75
276
-5
60
-131
-132
257
213
-279
593
-306
-254
12
-339
-66
-403
327
-240
-169
-60
228
386
-168
127
12
85
415
-46
-414
-84
252
-56
187
-77
308
-48
210
336
347
294
354
355
242
-319
-92
-323
-37
-325
210
-91
-269
-256
1
-307
111
-33
44
-274
228
-265
-74
-172
-5
281
-676
-381
378
121
470
-474
-23
-275
-71
160
72
189
-318
-730
45
-129
-428
-35
-542
122
-301
65
56
-174
-440
-665
336
-294
185
-179
88
-144
291
-411
629
-90
218
-247
195
-236
-323
-108
150
333
-385
343
-388
-6
-374
-232
167
-242
110
678
-174
63
-462
122
-129
-139
41
32
286
376
-53
-385
-178
-544
-30
505
355
-39
-332
248
491
255
357
117
-68
15
-152
39
-152
-455
334
102
-181
-133
81
-236
-126
-162
379
-472
-327
160
406
-16
353
35
-26
-151
-512
-314
-198
12
276
296
227
-712
81
-436
-86
224
-395
-146
508
-90
-13
-317
-106
-65
84
180
-571
478
-49
177
-246
-477
-247
104
391
343
-142
10
122
466
49
176
-523
-308
637
-286
-451
18
311
137
-198
319
-249
-361
152
-178
43
330
-79
-27
311
20
99
318
42
-131
189
25
63
105
-85
-241
38
21
554
205
-284
-32
24
-47
105
-359
172
11
-6
-243
-173
68
-14
-250
-137
189
-50
102
15
-320
527
-66
49
558
688
-102
353
49
235
20
-265
-111
-54
-455
-256
-324
349
-82
-264
-209
118
209
-362
-323
-218
-125
-333
59
-98
-233
-187
661
305
-28
-196
-591
337
63
-438
245
-462
-160
-34
86
255
301
97
-360
-99
-127
81
465
146
350
582
814
2
159
-6
-478
-235
187
-64
205
401
379
224
-74
99
-394
195
239
139
9
424
-225
598
373
-93
-28
306
-231
268
57
-211
-407
-177
-238
235
-68
-83
500
-117
265
-31
-600
197
-38
-76
-100
-287
278
256
-174
-368
-310
112
-147
-120
294
-36
-73
367
89
233
-356
-300
-444
-372
104
70
-241
-115
423
-517
267
-368
105
-73
236
249
354
-104
240
250
-237
-162
22
-327
208
377
-432
-156
-150
53
464
126
-607
-12
-127
511
94
-636
478
-474
184
232
582
-44
-447
441
5
-175
363
-160
-109
167
396
361
136
-360
-337
-637
-279
-90
250
-313
374
471
-16
106
-415
-190
226
-61
46
688
-100
-59
-338
114
124
-196
-178
-223
-66
-165
-250
-309
-154
88
-698
-157
-148
-257
459
177
206
64
-177
-496
-431
-148
-65
