50 100 324
0 0
0 7
0 19
0 45
1 30
1 39
2 9
2 15
2 30
3 0
5 14
5 17
6 15
7 3
7 21
7 25
8 9
8 10
8 17
9 0
10 49
11 35
11 37
12 8
12 27
12 43
13 28
13 48
15 1
15 15
15 22
15 31
15 34
16 7
16 18
16 29
16 42
17 1
17 43
18 11
19 12
19 46
20 25
21 7
22 1
22 12
22 23
22 43
22 48
24 1
25 34
25 44
26 7
26 29
27 28
27 36
28 20
28 49
29 25
29 27
29 44
30 35
31 15
31 27
31 35
32 29
33 1
33 9
33 16
33 39
34 3
34 21
35 24
35 42
36 13
36 46
37 3
37 8
37 40
38 5
38 33
39 17
39 35
40 20
40 29
41 20
41 36
42 15
42 16
42 20
42 34
43 19
44 13
45 22
45 29
45 36
46 21
48 35
49 1
49 29
43
0
37
51
96
86
6
67
88
9
97
2
20
16
19
50
14
74
84
38
46
61
30
87
42
78
23
45
68
29
5
92
62
89
48
44
47
1
13
82
21
76
40
79
26
85
18
31
56
94
98
70
77
39
36
41
64
71
7
28
58
3
57
22
52
55
32
10
4
27
49
66
8
90
93
81
69
80
34
25
83
35
59
72
33
65
15
91
95
54
73
11
12
75
24
53
60
17
99
63
220
-43
-909
-191
-272
155
366
-336
228
425
-65
-306
-43
323
-594
307
18
-393
13
498
-185
47
-282
-406
217
309
-479
-155
209
-328
690
54
23
165
-196
372
68
323
295
239
428
-375
-173
373
96
193
62
-189
-447
-546
502
259
463
-173
-105
205
-215
-364
-269
-46
346
-458
-77
420
114
-54
192
187
-49
178
87
509
116
10
-24
245
-230
152
128
55
537
625
475
160
315
67
-315
415
264
197
-432
307
-158
-243
55
-127
-461
484
49
-182
-391
-376
14
268
95
-69
441
-94
-345
-23
-255
-245
237
-76
642
-251
-603
46
-238
-1
173
-274
-179
182
628
49
317
506
340
20
-165
380
180
-448
280
-304
228
-116
-438
-296
205
-163
425
-81
189
104
-85
312
-101
312
-8
388
-24
164
197
135
429
-348
-280
328
142
-17
861
148
332
-75
-157
320
-228
-636
232
201
46
-92
345
-252
605
-35
267
85
32
438
-270
78
-30
19
-362
126
407
-199
69
175
-80
-390
-77
331
212
257
-151
66
156
341
233
-90
86
-286
-261
89
-265
160
28
-34
-283
-227
-479
-102
-221
-14
33
-324
210
198
-536
74
34
-9
104
6
-762
-167
-350
409
791
-140
-467
-309
-731
-75
-3
-163
-767
-125
-746
-426
-167
-161
62
143
-347
-452
229
426
471
-103
500
-424
188
-93
-415
-139
-226
-538
-39
-220
-338
83
-81
199
-316
-135
-11
-129
-307
-350
55
-79
161
181
-87
-342
18
543
182
-22
-134
294
478
119
354
-99
428
-416
-150
-176
74
-303
-122
-358
-428
-479
-187
450
-364
-390
412
357
-13
331
571
-92
-612
-130
-437
-88
-43
64
738
240
-86
-75
65
744
656
346
-67
-267
-224
263
-42
392
-192
-601
-265
78
539
-14
-148
1
-175
-558
221
24
681
120
-144
-183
376
-346
37
-268
253
232
95
-373
471
-77
278
140
-321
-214
294
-66
133
378
145
-279
136
-134
-311
-87
-512
161
8
383
-611
137
162
115
4
1
239
-277
-30
-242
355
-239
521
237
-361
38
59
-236
525
-222
369
813
190
-5
384
121
217
-215
193
-392
57
-90
-446
-540
33
-303
35
7
-119
439
43
-96
-501
-136
-184
-249
28
45
40
-240
-357
229
-10
-447
-520
-255
-378
-386
162
-91
-364
-96
13
160
427
532
-475
383
230
-345
-2
129
458
-247
6
-96
-174
-34
211
-102
-553
-2
-169
-124
583
-576
-541
106
275
35
108
-476
-411
11
339
-573
176
226
284
-192
50
-154
-120
-52
-6
153
328
130
-216
-71
68
42
-531
-117
-60
393
-276
83
117
105
45
250
-184
-110
27
282
-22
-214
302
-118
-392
355
122
138
-31
68
257
-332
-207
-62
37
-216
139
-356
-278
-205
474
187
41
387
-214
-195
-143
-223
-192
585
143
32
2
-142
33
178
387
-38
146
565
496
-343
-42
-69
-187
230
-104
419
445
-304
-84
91
981
26
-621
632
439
-162
357
-56
454
-194
59
-40
134
287
-470
-30
-98
228
257
61
172
-11
-308
48
-313
345
-461
-11
137
170
89
480
112
43
88
-187
273
-28
11
-183
23
158
394
-129
-67
199
22
-26
363
-575
-296
97
-140
-875
-298
-167
-204
500
-419
-334
73
-321
-163
-545
374
-286
213
-459
339
15
62
-43
754
-93
-406
-519
902
74
178
542
-38
433
-615
13
-616
-133
1
-133
319
1001
-188
-747
-136
329
-90
-303
318
148
-1
-295
-330
-211
137
577
292
-32
626
306
-283
-29
311
-339
-441
-82
113
-4
238
-280
50
-198
274
-191
637
143
-157
-157
93
246
492
-84
28
-201
250
24
390
-555
474
247
927
56
279
461
320
-389
-650
138
168
-167
532
86
111
588
6
-108
359
371
-229
266
-263
-284
227
-173
1
-139
-29
-536
42
-221
526
-277
255
29
474
-153
331
67
337
631
248
27
-461
401
-247
-21
49
412
-41
-169
96
643
-34
-245
-736
-267
371
-54
-968
694
384
202
7
315
-907
116
-502
303
-12
-119
-348
-6
-88
23
8
268
274
448
368
90
-702
93
35
229
-406
-716
-56
95
-494
-11
726
-188
175
-344
234
56
-506
-214
128
-175
67
83
66
-354
374
210
133
234
-636
161
-90
-2
-523
292
62
-328
693
528
481
207
-258
268
-94
-373
246
333
-193
227
76
-370
-46
-375
15
132
395
416
45
-106
84
-331
354
-226
-262
-275
-8
147
-262
194
387
-313
-244
80
-14
495
-265
17
-198
593
396
-163
107
-72
479
-132
55
-179
-154
-154
-39
-10
-252
453
219
-480
211
727
29
-428
-170
-895
272
-89
45
-17
735
-342
123
111
122
-48
-74
108
-347
-142
-387
-223
293
-494
-462
-40
195
129
370
-17
140
32
-38
193
-474
264
214
-214
83
-209
-53
-149
-535
-222
-188
648
77
-104
255
243
465
-50
-265
187
-278
595
435
200
92
263
663
197
338
-275
-236
712
-401
549
4
-321
-295
-473
-102
26
194
428
-335
-412
279
-73
-160
-11
-439
333
-157
-572
-48
-32
-68
-271
-30
-384
119
397
-84
-167
-167
-172
185
120
-14
739
-202
-60
-225
-104
189
145
746
-283
333
51
-5
11
281
-632
-149
-236
676
-567
-382
194
551
-78
10
122
97
-15
-205
232
113
-424
229
-528
466
225
192
34
-36
-482
517
674
93
-403
-69
722
202
-375
193
66
-192
299
707
297
-383
277
140
-51
-67
97
-224
179
-63
0
64
-306
267
78
-2
-124
-307
-168
-567
-623
-500
-413
-1
406
657
-469
525
263
-90
-351
-177
303
-19
-275
-274
433
-374
90
-322
258
-294
-30
145
24
351
854
906
149
404
58
258
66
383
-161
93
321
433
-207
267
-205
2
116
-323
-692
553
527
-383
299
95
-656
-159
78
-691
-625
404
342
14
-276
-261
-243
-154
-175
-506
-55
441
816
46
381
-386
-326
-340
-403
318
690
-110
174
-929
509
-711
-117
487
-121
-171
-203
-407
253
-168
-51
-194
337
-332
139
187
-308
542
-124
77
69
-352
132
643
43
-314
703
-56
-271
-642
423
182
70
-182
-32
321
-68
256
-347
3
-394
-169
146
-671
39
-306
-61
-192
324
681
284
291
468
-188
296
106
-265
56
-223
26
255
-117
-87
-71
-18
-3
80
-53
19
-349
-309
226
387
-131
-350
10
-307
314
-90
-399
100
-13
-316
119
98
-129
-106
258
-403
-554
-67
567
19
-267
-275
74
118
-511
-396
20
347
-187
-285
-89
-675
-253
267
545
-283
-154
-171
212
837
-336
5
-319
-453
-579
-80
271
165
79
171
-523
264
382
322
280
269
0
-272
228
-428
181
98
80
-199
361
199
-154
-583
-343
704
-87
355
80
-107
-264
279
113
236
36
-223
558
471
-233
-553
-328
-134
228
-380
814
97
-125
5
301
-186
52
-183
491
-164
-33
-527
-298
41
437
318
508
320
-293
602
-291
74
-264
-148
279
374
21
29
-143
-361
188
370
286
103
173
124
635
17
-839
256
-379
-266
129
34
-91
84
-264
249
791
64
257
29
-648
-290
-447
-256
52
56
-196
-139
-116
-54
27
-490
212
-230
219
7
155
25
-673
19
-528
137
111
221
-215
-168
187
-103
476
-448
-75
-319
182
-267
777
421
-119
155
710
-360
-71
246
832
-76
77
47
-310
6
693
-85
123
372
349
-237
-178
-285
-785
-252
-110
149
-16
17
-106
-169
-172
-324
517
284
-375
-11
-23
695
-11
578
-964
-123
-391
56
-670
221
-645
93
363
-149
-437
41
-204
-540
375
-49
206
707
-169
26
-719
385
-548
234
599
3
-115
173
407
236
877
-726
-397
-76
-73
75
-72
26
-467
98
-107
-745
238
-108
-117
28
-53
150
254
83
-647
5
-84
-63
-665
139
121
-460
241
-105
-487
-12
-269
-504
-77
192
696
160
-83
-65
-182
-391
-459
-350
51
-476
4
-314
-255
130
566
375
97
-83
294
-619
328
329
288
251
-164
111
-531
-369
224
140
144
-761
146
92
-361
-165
-857
-250
276
-263
-69
-102
243
-389
201
-91
-444
79
-319
-69
-83
156
224
-204
-177
-272
-84
353
210
289
327
227
-478
206
-264
-358
-64
29
768
508
272
94
44
-518
148
-346
219
263
503
348
138
-685
63
403
440
299
-513
-15
75
-351
-872
-17
-426
-265
699
-116
-231
68
259
-62
-72
-269
48
352
-623
-154
-469
84
-394
27
468
27
-135
-20
286
36
11
-286
-476
-183
17
139
451
182
120
287
-384
308
-270
-393
-34
309
-392
-17
41
143
88
-457
177
-10
297
-101
-53
-193
-390
245
196
265
-599
531
209
-84
690
239
-139
61
235
-200
-439
589
42
-325
194
-127
208
17
-104
36
-63
150
-99
220
-957
336
-157
101
131
165
351
106
337
828
42
-100
-191
-9
-281
-511
151
-124
204
159
-35
-292
126
56
-504
-244
73
582
-358
7
-67
654
113
-78
-539
57
890
402
-113
255
-30
139
95
-149
-219
-665
-239
-141
92
-59
-65
-82
184
571
174
61
154
214
469
-150
-125
199
-188
-272
-473
-35
-883
314
-404
124
-98
-49
-908
-98
-302
-898
159
274
-377
448
204
366
-414
-342
-240
-216
79
-12
427
-69
-314
148
297
547
-443
-350
7
584
-825
347
-591
-325
192
-51
239
-415
210
250
-90
-200
-803
90
-171
-239
14
-204
-406
791
-260
6
-47
85
157
-40
-35
-185
-130
169
64
163
193
-455
624
-639
-281
-133
11
-123
255
-5
25
-606
348
160
280
-224
-110
510
-28
479
613
-289
74
-250
270
880
320
91
3
55
343
332
-137
-260
-325
-313
-727
-467
-450
-319
157
-384
-381
-102
-200
-528
198
80
-918
61
-376
-17
-486
-350
420
-217
339
310
359
-232
27
-326
195
-75
440
-90
-612
14
-152
-171
606
-259
-534
-260
-543
-265
-183
-486
-356
-470
-227
40
-116
-53
-218
182
-225
-40
548
-185
338
-100
156
43
19
-12
363
-243
-173
29
-135
-210
-217
-263
-39
191
-317
-54
-88
235
630
-230
475
176
454
-472
-155
192
-215
-411
-157
388
-475
-119
-272
231
67
-306
163
402
346
471
-606
278
464
-112
365
243
180
-58
-772
81
-432
676
268
-218
615
89
193
-542
85
119
-107
-486
244
-228
221
498
157
-489
51
567
-130
-77
-216
362
456
-533
-508
279
-153
213
60
231
2
-325
-183
-615
212
-346
-188
-274
-384
476
26
-517
-46
-292
-144
79
-63
-241
89
-370
138
-391
-347
78
18
-217
-77
202
-145
-725
33
-10
339
12
-161
205
-278
-132
246
709
-200
-46
-706
-290
-191
11
-106
-826
-202
97
230
59
-180
-1233
-79
-53
-422
-567
-222
100
-53
-172
903
269
737
163
-92
74
157
266
-437
-137
-393
-327
-46
-155
-330
65
-494
-270
161
130
-227
232
-265
-390
605
-576
-81
65
-321
352
-97
413
-293
-418
261
33
-203
-290
353
-156
120
85
-85
135
-323
233
7
-242
258
-291
156
-172
161
90
107
-255
643
-415
372
-61
327
311
290
-376
19
-66
193
-516
61
197
678
182
-94
-287
-246
262
-335
299
-269
424
482
6
-643
-123
499
60
-540
420
-74
266
559
112
422
-2
-176
-338
-102
21
-320
-92
-38
163
143
-204
27
-241
546
231
70
418
-2
239
165
-220
-123
-196
-28
-220
474
-104
232
-293
-127
-378
56
-312
-122
-162
221
-326
-230
-224
856
11
-228
-486
-278
-545
-363
237
-20
-297
-93
134
-495
-423
-179
131
-221
-344
117
15
529
276
-241
149
-178
505
-161
458
-319
97
-704
307
-594
51
308
247
-330
-580
265
-484
-75
236
-85
-752
-204
286
432
-94
266
-376
77
-169
72
-130
138
221
-635
41
-200
230
-221
76
370
186
-83
521
232
632
-371
-332
97
394
216
236
183
578
117
-305
35
143
-323
-37
-256
-542
192
338
286
403
17
192
63
147
-373
393
-154
-89
272
75
108
308
-84
481
-214
-159
155
182
-434
687
329
49
253
96
30
424
77
-246
-344
-383
-521
144
-232
-111
149
-241
-118
733
-472
637
251
-387
112
-257
-523
-1
-134
-166
-372
-567
81
-558
-162
180
-238
-41
350
-182
335
-19
37
55
-113
123
-17
-132
345
7
420
166
166
354
85
202
-363
208
516
-292
-125
-112
157
-293
49
-323
400
-304
771
-181
245
238
58
141
281
92
-67
161
-88
75
-91
-226
-134
47
-291
70
246
-440
89
464
416
-91
-562
-14
434
-602
-209
793
-97
-215
-682
382
-46
-262
-98
-590
229
107
-75
247
59
125
93
573
527
223
-621
268
44
4
-346
639
-31
77
163
59
365
485
-615
-168
261
-54
344
-11
34
-230
387
-609
338
286
209
-345
-252
4
7
469
755
507
-177
-272
-77
185
-236
-393
-107
-127
-2
115
-212
544
82
-418
-176
6
372
-397
206
-117
360
342
-70
137
169
163
790
445
-820
99
-415
-256
-27
-89
-406
268
-65
-287
611
-206
-299
260
-251
326
186
129
357
-95
-605
-143
-260
345
-299
-228
-103
-41
87
141
-263
-169
-270
-165
-34
223
-184
118
286
294
60
-450
85
415
35
81
-94
-285
328
8
829
-145
-122
23
124
320
-140
-119
-123
-136
-345
-624
223
-172
-172
-150
-104
-311
265
106
265
406
-140
-719
457
147
432
-288
-567
131
142
475
-199
685
181
59
43
-117
411
-113
170
-34
-137
147
738
137
66
233
-457
398
138
-131
82
66
117
-590
-584
-248
-870
-236
264
-407
-80
-79
558
307
542
-252
215
-493
238
454
343
-177
-367
258
-366
117
340
-309
-128
-66
174
-448
-176
120
-31
195
-510
254
-45
124
-167
415
73
-34
174
76
11
-208
350
336
-248
160
288
-224
478
207
115
21
-66
-240
-193
507
-582
1352
220
-23
-87
310
255
-83
40
278
-414
-34
-492
-308
617
253
-17
67
172
16
371
-322
119
376
78
181
316
-94
24
285
-278
63
423
-295
-103
282
-64
113
-277
-425
157
354
-67
-58
-35
-442
463
-436
216
-62
128
109
-181
-94
-57
418
-195
321
372
-328
59
91
199
-116
437
68
28
-239
22
272
350
-327
-19
783
-167
0
-123
-338
0
669
331
-393
180
479
8
-276
41
160
-252
281
164
84
378
-195
270
548
-267
-28
-632
21
-2
278
139
-1
-341
249
-133
-177
-211
-671
-1
997
217
413
-478
-445
252
-225
160
329
-245
-327
-11
-207
55
334
-441
-143
359
284
-32
340
282
433
-336
169
51
443
-281
210
28
-165
21
629
137
138
-55
181
-551
-259
434
15
387
197
-409
-156
496
590
228
132
19
604
233
-265
-285
-133
95
640
134
-36
401
767
298
202
38
-201
-129
-82
-377
-64
261
-305
-184
-267
92
-219
-552
-468
18
-92
-73
-182
147
16
219
192
17
-17
214
-242
-233
388
-140
-506
207
-238
27
152
-162
-122
117
179
-272
-151
323
46
-408
298
118
-87
200
-203
-220
0
346
233
-200
296
46
-621
116
-484
68
-22
-118
164
-608
319
14
199
-38
164
-84
644
-100
-102
201
-145
1
-530
179
-160
-682
26
-167
-537
107
247
-84
72
65
-59
-180
493
-552
-348
-771
369
187
-169
171
19
35
209
-402
-127
-284
365
114
80
-52
89
-261
-209
111
-541
253
331
332
-171
-214
106
-493
94
-162
84
-54
-454
-136
125
-74
-262
-382
-107
-345
19
369
-286
-37
137
-13
47
-420
208
-43
-357
102
283
153
-530
-181
-250
846
-330
11
82
195
269
178
837
-227
-362
479
-573
-62
-413
76
-258
-185
-707
-207
-506
-27
393
-406
461
-58
-184
-20
83
-348
62
426
56
295
306
273
193
249
-592
-46
-94
174
152
289
-28
-332
-297
-1128
76
6
-406
319
-232
424
-86
102
37
-142
271
-42
207
227
321
335
279
38
61
-600
42
-477
215
-124
-507
597
-293
-218
563
-123
-227
55
132
237
189
67
-71
426
44
-141
42
561
211
102
-101
-164
-403
-7
516
-17
521
13
-576
115
-145
29
101
-283
-191
-601
429
-23
152
108
-558
23
-211
229
343
143
-132
155
-274
-211
-41
-446
-73
177
-133
56
634
-659
370
-116
125
221
-241
186
-455
453
-379
122
143
158
178
-125
-68
-236
-81
546
240
341
135
-762
-265
151
637
-120
412
153
-288
-646
-484
388
308
-537
105
107
-109
-449
-134
188
429
-102
71
88
-103
-2
44
-116
-216
177
-374
-91
-150
653
44
-139
-144
175
-153
49
-178
285
-507
-68
60
-17
-903
239
77
249
-22
79
-85
44
13
70
47
874
-558
-238
-34
6
142
278
237
18
-265
238
109
73
519
-166
-214
271
361
-318
119
-89
-257
-266
-75
378
468
-263
-105
203
-636
-43
668
431
212
-218
-255
-290
-401
-500
323
530
-250
-91
-336
-220
-162
399
270
-310
-229
-197
387
-619
128
-32
-266
-146
253
509
-348
-452
459
-731
-295
-384
-26
510
100
-892
-77
-169
-197
-191
184
-83
516
200
-254
3
360
-289
-56
-4
-213
142
427
-202
-5
-490
94
41
-467
150
-174
514
-619
231
-186
-622
15
-132
126
-66
-100
-257
128
-408
325
43
-93
-309
-352
168
22
-111
445
365
-103
-6
-208
-524
506
-30
60
28
-248
79
-591
-117
117
-63
99
-445
623
43
-22
-190
-162
-358
-150
331
315
258
-389
655
185
103
-50
414
57
-201
-71
-290
-530
10
144
-83
360
-191
-651
-288
-796
701
2
399
227
415
-233
219
-216
-542
-99
-310
-152
144
5
247
199
841
-106
653
-88
-132
-114
40
-710
33
169
173
-1
-110
468
-237
-26
-168
-485
2
-293
-22
417
-125
72
-61
39
-22
282
-254
-277
-508
-112
-430
-292
228
116
541
620
277
-330
367
148
130
301
-79
299
108
38
516
-19
102
194
-605
446
-308
21
-126
-53
-257
176
602
-208
-406
-401
-448
-26
-118
341
-139
-418
145
-51
-454
431
463
-90
76
-153
-18
-493
-133
-44
41
328
49
321
-108
-154
4
438
126
701
150
390
-1
-332
-222
513
-163
-184
-279
458
-357
0
800
-90
156
269
530
-1197
855
-96
54
-3
104
-280
-395
-96
50
-347
286
530
-569
-440
624
335
541
450
452
308
523
-440
121
274
500
-75
954
46
-132
785
634
438
147
-519
226
395
176
-59
-713
-349
-446
-330
-479
-185
696
66
-400
474
-467
275
-154
602
1015
-575
245
78
-33
65
563
133
449
244
-135
-295
451
1073
339
420
-89
360
-84
352
28
10
-19
309
-61
-9
-2
-21
484
434
-93
-269
-295
175
-194
-741
-23
-127
-48
234
66
-429
-185
-449
337
-404
66
220
-20
281
-288
109
58
302
-6
-263
-340
406
-16
-56
-108
701
132
-428
131
618
-334
75
-118
79
296
309
88
247
10
662
-260
-45
586
473
-385
-161
481
107
47
362
550
15
195
109
547
180
287
-384
-492
225
42
-86
-365
-142
129
230
-25
204
291
299
-276
392
222
-779
109
159
-303
-112
71
54
-50
-417
-72
618
-433
-190
37
125
-221
-52
54
-98
472
-382
118
123
-126
373
-562
-34
153
-811
42
-257
89
595
-156
515
46
-477
125
-358
-327
243
253
478
261
-262
173
835
314
-67
173
184
820
143
324
312
20
76
325
406
55
-41
259
370
270
205
132
-125
-37
-251
336
-85
-368
371
410
-445
-17
-341
-326
527
-419
229
344
406
46
136
-254
213
343
-3
43
347
-345
242
-175
13
-131
162
-2
-115
78
168
-292
-75
-141
469
-302
616
271
481
-337
-257
346
430
-699
445
-12
-228
-438
-65
497
72
-35
-686
-578
149
-73
257
-87
-355
332
-321
-366
-439
513
-2
-167
120
-146
-206
-178
-234
-166
34
-725
382
255
-386
-714
-7
206
-258
-154
-168
-131
153
-212
342
146
-63
-402
654
-465
-107
178
-19
-281
-2
-364
-163
-352
-231
99
-296
-603
432
103
-382
12
151
551
-182
-183
314
-67
-257
37
-804
802
-261
-495
243
325
406
-355
-136
-240
-250
-51
229
-359
419
360
-97
-51
-111
46
-50
-74
112
287
-304
-149
93
422
457
-82
-331
-576
102
-221
393
468
-239
-162
-430
197
106
38
-242
257
76
-67
-232
-170
51
127
-74
-351
-700
-47
-76
490
-422
92
95
422
69
-224
-206
380
-805
219
-123
-161
288
43
-275
-68
-292
-122
189
-183
126
-96
588
-177
845
-311
298
-230
-32
-460
78
-177
-40
-147
-377
-23
-472
-29
101
226
-78
169
-340
872
-118
-169
-227
159
-268
511
13
369
-53
571
-395
158
-86
-212
473
535
39
340
36
-78
236
-7
123
-36
488
89
-321
-448
855
65
426
-101
361
-613
401
66
92
-435
-313
173
170
-506
-60
-311
247
-271
104
283
-241
29
4
-82
-159
-542
383
-110
-278
-103
-1018
109
-257
-338
607
-10
-455
-195
852
-220
-274
-657
27
-374
139
361
244
-30
349
451
-54
244
236
447
270
759
-169
146
-280
-127
423
177
-70
92
-45
54
368
81
-68
30
73
-157
336
-247
-318
297
120
92
-544
394
395
48
426
-486
-222
-231
434
-580
179
-97
-339
142
-476
664
-137
-80
259
469
138
547
-121
-271
205
922
-155
-383
-584
-497
-230
-264
163
-927
107
263
175
460
118
27
221
302
-77
-26
-116
18
48
124
192
-48
-571
168
125
915
68
-84
-331
-480
434
45
42
33
198
47
3
-399
800
56
-416
71
-206
-396
291
271
-1211
-370
102
372
456
212
-379
167
268
-60
116
111
17
62
-274
-337
-465
104
-137
660
-236
234
460
-338
425
-263
39
-518
467
-634
191
-335
400
-374
567
-91
-404
222
140
90
304
-404
307
-114
-126
-169
-14
-360
-533
-579
-226
-218
-200
-431
243
473
287
12
352
185
-155
-270
-194
289
-329
661
-7
143
-170
-127
46
-86
-230
-165
427
-437
-405
-124
-357
239
312
508
-500
78
-17
81
224
464
-181
11
669
157
-37
-307
97
-272
45
-74
28
447
208
179
-67
-21
203
-85
224
259
-266
6
151
384
-471
-122
-3
-195
72
149
-423
277
106
289
-121
165
-129
53
-214
-56
537
40
-199
-713
-176
-128
-879
178
525
-383
169
-263
77
-397
199
13
147
-302
-355
17
445
-96
-33
919
73
-421
-149
-242
-33
-286
22
103
242
-223
147
26
-290
-315
404
288
480
566
188
-121
-42
-177
323
85
221
-445
-112
-293
-593
-65
-372
-118
36
94
302
-412
-400
297
456
193
-110
158
-159
-135
-31
39
-757
535
39
-67
-373
-134
-390
28
-463
132
6
-654
-240
154
128
-64
94
772
-317
-617
-177
224
222
-345
-141
-418
-385
7
-758
540
-477
153
-632
-165
92
206
-342
-519
-220
-102
261
-76
795
220
-254
-88
88
294
-433
-201
-675
12
-976
419
297
-146
-384
104
-665
191
459
678
54
-277
-156
-393
-289
-152
-250
170
121
270
315
-205
36
-120
517
857
-279
432
-308
-515
-407
224
723
-165
-58
390
756
-79
-270
-391
-177
-217
-179
256
77
-759
63
409
-40
-248
-326
379
-708
14
435
-385
272
-673
149
106
429
60
445
339
96
725
550
304
226
131
-491
-312
105
-706
280
28
117
238
74
-290
314
293
-549
115
81
-15
-88
-6
-202
-51
-40
258
182
581
205
-4
-332
276
495
-214
-170
-36
546
-4
116
31
235
-350
-320
71
355
808
-550
206
-36
48
136
-175
-233
-13
-75
132
166
-307
377
-133
386
124
-217
79
383
-154
87
-281
-309
-120
459
632
218
-50
-133
-651
-19
-367
305
-336
-44
285
676
262
435
447
-33
-393
-289
176
-575
94
-195
-225
-392
-472
454
-108
-632
-273
-192
-261
-375
46
-144
529
-4
180
-728
-323
-407
30
50
-308
-21
-229
32
-255
500
-173
-582
-379
176
-436
-580
-239
16
458
103
-249
487
478
-704
-55
254
106
386
-348
-183
-97
461
-418
-6
-58
-174
-56
-290
199
-17
-103
117
-373
421
-32
-172
241
-204
142
-710
-377
-60
-245
-23
-280
31
196
168
377
-121
-448
157
63
-124
22
88
329
53
142
285
449
36
-28
-141
-574
112
-120
594
62
-479
-69
696
17
-427
-147
104
351
39
55
619
-345
400
169
387
-36
-394
-109
11
-165
390
137
-365
99
433
-44
-426
-268
252
-362
-86
185
308
21
3
-240
76
533
-175
-772
16
685
190
0
-52
13
-29
104
-97
-437
55
-452
-492
-308
11
506
211
-108
-348
-100
169
117
-210
95
4
-107
531
105
158
366
133
418
-80
232
95
141
-375
179
578
289
-273
-257
18
103
-17
383
-148
243
-21
-33
-67
-122
-314
319
53
117
-145
-163
3
368
87
532
186
73
172
423
244
-254
395
-20
330
-460
477
-247
92
604
426
10
-370
-581
-68
-37
-37
-2
363
169
-19
-436
-402
906
-230
195
-574
-342
324
126
-221
-33
350
151
-89
301
122
-391
-85
-503
-247
-346
373
253
-209
-331
-196
53
66
-334
-319
96
347
-41
513
-162
648
-147
-205
-515
-136
-238
-433
-30
-125
143
-524
44
182
-124
-107
-462
811
-634
-50
134
-509
-201
-157
482
-252
-453
363
-360
-155
-246
408
-677
42
311
-589
-359
-537
394
-152
-17
-6
103
-243
373
377
27
-196
-363
-396
-79
431
163
215
30
535
347
324
196
8
-3
-21
-71
486
283
477
-187
119
195
-32
-537
141
97
296
596
376
-238
-218
212
68
-493
-217
382
555
277
7
320
345
268
-329
119
614
-187
-301
-69
-335
452
-492
261
-371
-315
-41
-136
-72
-194
-131
-546
-119
-488
175
-235
23
233
32
18
238
536
-911
-506
518
-31
-434
372
-118
-181
-65
472
53
872
383
-375
-247
-160
-568
2
486
-69
36
-59
-310
156
-292
-657
206
-34
-89
-814
-79
194
-118
-95
-355
-398
-367
-212
2
-9
-302
148
184
345
254
-437
193
418
-301
483
-562
507
-278
63
459
3
-322
-72
-26
-441
193
353
-74
666
-229
-16
105
-53
46
53
-201
91
101
-21
-61
267
441
1
-201
-342
-406
89
-85
-217
512
-419
-11
-250
486
-475
343
126
175
-324
69
676
-235
-90
-173
62
18
-274
313
115
38
-157
163
-436
-126
-192
444
198
-162
266
347
412
-682
-382
-104
-769
-24
-12
359
185
-418
666
341
957
-633
591
440
680
-61
-598
236
327
195
-165
294
-726
232
-45
235
737
-227
-112
-191
-176
339
-279
-146
-796
-403
-28
152
-43
-33
136
130
-170
-336
-521
-224
322
-205
69
-662
256
-256
-114
-219
-173
312
182
192
-384
-146
-285
-304
347
764
-28
155
-255
46
519
120
-53
-861
1
-77
-25
229
-485
-341
108
495
420
238
-1106
-132
-386
161
-183
-149
-149
369
148
-188
617
294
-79
213
383
-9
-115
331
-30
-39
313
-323
248
-152
-542
64
-198
198
-94
111
467
-568
-150
132
334
-119
-173
267
-152
-181
25
-725
-95
911
97
259
64
309
-28
58
-17
288
-253
716
156
244
-219
139
338
40
-9
49
375
114
-34
884
-107
144
126
198
344
-42
45
45
-31
-208
294
-474
670
-123
-193
-474
390
142
81
687
-38
-248
368
-406
253
437
483
-402
252
-86
1035
246
125
-286
281
-45
-3
-326
-355
218
329
21
-37
99
201
144
-325
-218
-272
-166
329
-329
58
304
137
-346
82
108
290
442
-277
-51
269
196
-166
204
420
386
172
255
610
236
492
322
486
396
18
-111
-591
541
-487
94
-70
-42
-114
556
316
186
-12
26
87
284
-371
-201
239
69
-308
-61
-142
-131
122
434
479
-1
-214
266
366
-216
-189
120
-294
33
52
533
-74
-146
-374
306
305
-210
272
-366
-81
-102
-229
-65
300
-479
395
108
288
199
715
-162
100
203
-176
-361
-609
-82
563
430
178
-629
242
-2
-319
-192
140
-279
33
249
-117
91
-449
-113
56
46
-115
554
15
-220
143
-217
312
-77
-468
16
376
131
137
110
257
80
419
-183
-75
172
-92
-675
-632
357
-584
-488
233
-209
132
-135
757
-374
-236
-102
10
-309
17
506
321
-462
114
454
538
247
-392
706
12
207
221
-261
-210
-176
-173
-347
-300
-69
731
95
-358
-76
-60
-236
-64
-306
41
9
422
-349
60
-41
34
-192
2
597
-304
-411
1058
-456
-269
657
-130
350
-54
218
146
-154
-58
-588
-115
-11
160
-467
306
-110
309
65
239
-275
360
84
-87
-296
383
241
198
-427
590
78
-765
-105
-373
-330
251
441
-201
-39
-48
404
130
673
-385
89
-124
257
-170
212
422
363
-293
19
-6
215
285
-305
-327
212
436
-235
97
-626
-104
-136
188
-142
-251
-124
114
-398
-182
304
-40
159
-208
21
133
27
-17
-490
161
-102
-286
-238
318
-256
-248
279
434
-122
-457
387
-283
-46
-94
405
118
422
345
136
88
-114
-197
10
-95
51
250
-217
-231
-315
298
342
99
224
-98
163
-364
220
-237
-195
72
-329
29
317
-50
486
-340
38
255
-150
-140
100
282
-172
-222
5
-257
-225
61
257
-476
-413
311
745
328
-189
-124
-173
15
184
30
573
287
-225
-198
188
338
99
-63
383
523
-71
207
160
-113
-511
-134
-347
735
473
427
756
-530
-155
-505
-63
590
381
49
24
-164
471
-14
-82
531
-457
75
235
371
-114
-43
29
-109
452
-243
448
266
176
362
-480
-665
-141
-395
-159
-193
82
-199
-124
-2
346
-186
-309
-117
-136
-161
-7
132
219
-34
-20
128
-12
-70
334
210
427
-3
296
-165
342
-30
-231
-187
378
-231
-276
-465
-207
-304
614
265
-58
-88
-545
6
70
-53
286
572
21
-380
-541
-282
170
298
482
-789
125
93
-914
-76
387
369
-367
-938
-46
24
127
124
-327
-374
363
-83
-141
60
361
299
-215
-110
-55
36
156
187
-388
-113
-121
-37
-539
-374
495
130
-412
331
-531
74
227
214
512
-39
-220
407
193
-159
16
-8
-229
284
421
-150
-310
153
80
-130
-181
276
622
130
317
-75
174
15
451
-153
-700
-118
-383
41
-134
-8
151
648
-422
-427
-95
-130
300
-726
97
-453
26
-251
1
-715
375
-95
46
-31
181
274
28
558
-467
-209
483
-665
108
275
55
-36
532
436
177
-293
-252
-242
-24
203
56
363
-310
-66
-188
219
76
-47
-395
-15
77
173
212
733
-377
65
-55
68
343
45
-230
-305
138
-393
-412
-163
263
-159
165
-245
115
-87
227
-245
-258
347
-497
41
-356
-192
134
276
-319
-139
-184
-4
55
-704
148
210
144
-744
148
-22
-57
-604
100
-19
-339
-234
135
141
197
446
-347
0
-1004
-103
-281
381
-671
215
164
62
-245
-32
225
-63
10
41
-185
-334
-468
825
-648
57
-74
-558
47
6
-21
-386
-93
61
20
350
-10
417
-291
-105
205
693
27
-501
-433
-720
-113
306
222
56
-381
663
505
-616
130
-521
163
145
103
248
115
185
23
742
-281
-313
-16
-161
44
-226
303
-346
-1
342
736
-85
-299
-195
-568
-528
305
501
-168
105
46
-101
-215
-28
-52
190
322
169
643
-263
367
342
-91
516
209
268
-171
351
587
-105
475
-86
5
-24
42
360
553
703
139
113
-421
-300
-308
360
602
-233
47
-173
-29
-197
300
430
675
384
-470
241
381
449
32
151
-232
132
18
210
-352
826
-208
531
238
528
151
0
-57
209
-618
-339
37
-4
1205
158
30
-240
388
365
-517
215
-222
-120
131
577
-552
-284
22
-349
178
48
244
190
-240
457
14
55
187
152
-155
273
-298
299
173
101
386
582
-261
-99
258
-40
61
-302
-322
333
-598
-213
592
59
-862
304
408
-684
395
-192
-833
-107
-137
-424
162
-53
538
215
-259
748
72
-300
434
-367
-101
-466
71
478
-28
9
-320
-302
-355
204
-99
4
-184
-432
162
-156
-389
577
145
491
-437
408
186
201
-127
314
346
-294
112
-972
162
-345
-359
-568
-50
-33
-212
-261
53
-399
-180
-530
-351
-336
-5
-215
-252
-88
-90
-327
220
-98
496
-172
205
-428
160
-371
-282
-194
90
332
233
-245
20
26
364
-30
-143
185
503
-42
-190
72
271
-111
-366
256
-35
-740
80
-48
-655
48
-324
534
28
256
-62
38
-173
154
-226
340
120
-255
-433
-110
65
1013
-1110
-400
29
210
-404
-10
409
644
532
-277
-300
-465
171
-556
-265
64
190
375
-83
-175
-144
88
-295
328
98
-64
-230
486
468
346
-256
391
-25
-290
561
-314
776
156
126
-23
-254
-432
-104
147
-75
-286
246
-82
588
239
-479
-63
-290
-218
43
-121
85
324
-262
17
812
-272
-120
554
251
-478
75
-243
26
-8
37
138
-139
449
115
-209
-787
-65
62
-428
-56
-531
-857
-70
73
152
-16
-461
-69
71
445
-236
104
-111
-2
244
-351
2
251
436
217
49
-9
-229
276
183
555
-2
-315
-58
-21
326
-323
356
52
-158
-117
830
322
-586
-208
-33
461
203
-116
-418
57
-500
451
505
-460
-105
62
-17
-55
35
211
121
383
361
273
-242
-262
-12
223
99
15
-528
100
-333
-67
427
418
193
341
87
94
-529
-325
-527
-174
-252
-84
207
-840
227
-74
-345
310
-73
-593
480
-441
60
-381
-293
-243
-352
341
-2
486
-31
-392
-157
-503
-162
-227
434
72
-156
33
-167
-308
-136
188
-533
346
-6
-133
-546
-358
-87
-294
410
-196
-56
-2
-6
389
-137
5
445
-156
-456
198
-348
371
474
-428
-826
-22
-459
-274
395
489
-223
391
306
36
296
547
-341
105
735
41
56
-269
192
328
-176
-561
251
153
274
460
1
-210
116
-160
151
341
270
9
-661
-661
-543
203
-394
86
-166
30
16
92
191
507
-317
-129
302
-9
-421
-261
-485
134
-161
175
166
-377
-476
-233
80
-201
-789
-70
-104
-484
490
749
46
-121
105
-186
644
-126
118
-112
-38
152
-339
69
143
155
-241
78
-241
-255
148
107
-209
540
-171
8
61
-63
-211
-783
-170
-17
388
17
-128
317
-235
247
-201
104
548
521
721
-187
-385
545
205
158
-157
118
371
-204
152
155
-341
-25
301
-167
-37
-528
459
-226
447
156
139
-880
-238
508
-60
137
90
-319
417
-63
90
-79
-377
692
-210
569
-246
535
21
342
297
187
-329
206
225
-272
222
-100
-35
87
124
270
-106
-221
-426
-356
602
-209
-437
49
301
-304
86
347
39
-180
348
351
-131
-215
-12
399
-62
-123
-202
285
-218
399
26
488
308
164
-344
-214
-108
96
-44
223
-265
40
-178
428
-318
76
209
28
374
-209
13
224
74
-294
155
-521
400
363
-158
280
-514
-19
313
-284
-10
-231
120
24
212
-5
267
288
146
402
35
-670
635
195
-81
-1
-130
92
336
402
418
-178
-332
-269
-552
-126
202
-417
455
-13
-238
549
598
-302
-336
200
338
13
427
65
-97
-268
-97
-157
264
-135
323
-130
-348
174
-222
-167
-590
65
66
216
-299
294
301
726
42
-47
-25
-251
-167
442
-148
0
201
401
370
287
-100
-583
173
-108
-52
143
43
-114
483
223
-8
-87
907
120
-1
-96
318
550
199
-415
305
123
568
-52
446
-201
290
951
-449
360
1002
-347
27
-76
245
-124
-38
469
364
-257
37
178
457
194
449
88
526
-216
240
291
-227
643
20
-188
-438
121
753
-178
-175
-85
-493
67
181
149
-105
160
347
366
490
109
127
16
79
256
238
410
-218
104
-158
-764
-167
-99
155
-16
-24
100
-634
-426
448
-458
245
-527
-177
-640
464
232
-131
-258
-100
-801
195
61
234
152
158
-219
239
-113
19
239
199
198
-196
165
-9
-249
563
23
-112
-129
9
-243
512
677
-331
314
-159
-177
-399
-44
143
-352
-346
-32
373
415
281
-441
188
-354
-376
-409
-238
138
-245
-216
234
239
-42
340
19
-186
-344
510
39
-103
155
-491
390
451
-237
221
-474
268
330
-203
-479
-359
-192
148
-210
-322
95
63
169
375
674
-8
208
-7
-203
-2
94
460
228
61
46
-479
-360
-405
319
-63
-61
231
108
268
156
391
199
-430
-449
331
-461
258
92
247
-256
-298
-158
-20
211
-117
14
-88
-238
-412
-292
498
258
110
165
239
-581
106
138
-297
-167
-279
311
-498
-338
-397
21
-80
75
506
417
47
-310
762
19
193
-360
476
-67
-101
-75
-156
-575
-256
230
195
103
345
-632
-282
42
311
-412
212
-261
937
80
-467
-126
-98
-361
-128
-22
21
-170
-69
-268
-21
239
685
300
84
103
-148
324
-515
485
-4
305
419
-79
-338
205
-502
194
-252
-116
-36
47
-185
-236
399
162
203
-168
15
-495
302
84
-334
304
-62
560
144
-35
717
302
131
164
-124
-432
-359
-34
381
-209
447
-246
450
265
-344
188
362
-133
503
-821
109
70
-45
-482
-200
89
-606
-318
258
411
160
59
212
-137
258
266
-742
-113
114
-426
-893
-426
0
-121
-104
10
-33
-161
214
-48
-201
-12
539
266
-309
98
522
-76
-18
67
149
-159
265
-84
730
522
-765
-294
149
-328
25
206
77
229
283
-338
-318
-113
15
-254
-184
295
76
-352
-144
-145
-415
-229
-126
581
185
251
227
451
-68
-217
-681
-375
-360
91
816
234
-195
-52
151
115
0
-245
-17
159
-142
-87
-67
230
-132
167
743
190
-214
68
264
-571
240
94
-315
-45
111
466
514
35
34
122
-84
128
-744
971
140
-283
197
73
-183
328
403
-293
104
-221
-156
513
826
-240
275
-267
-129
-233
-8
-73
-619
-263
-421
1
-424
-484
-62
260
35
-350
-449
193
445
-30
191
78
-62
69
-180
15
-91
-240
-695
224
-749
360
-332
-188
31
312
-185
519
157
-117
-170
673
-10
-98
-497
-65
-80
-827
-134
-47
-814
-108
-105
-681
-380
22
-401
173
497
-36
-40
-124
16
337
346
-172
1018
26
314
201
331
-158
-233
283
-364
246
14
221
84
-267
261
-48
-109
345
-138
-292
-453
444
452
102
-224
19
429
-157
-342
672
-165
153
427
-203
12
-244
-207
153
74
-34
-39
260
-598
-473
372
-129
168
251
400
-22
208
93
368
-6
-394
-589
-240
-155
-390
289
14
501
52
68
-793
-255
-76
211
-112
-213
442
13
175
-1154
-320
133
29
-395
-206
-81
-131
389
-125
238
-274
-728
-134
647
65
-345
-359
77
-216
38
199
-325
128
-648
200
13
-583
-490
-153
-551
95
-360
248
-285
-2
-206
391
-18
-394
112
-140
-166
320
349
-244
-225
-8
585
-88
117
-242
-344
-95
-328
5
19
-272
-118
-73
169
-448
208
171
557
277
187
-178
220
-445
-102
-181
-423
503
571
-156
284
188
-88
217
-14
841
-30
208
-509
-118
89
-88
-286
36
-18
-78
4
175
511
107
231
115
32
209
317
-238
-74
-319
-111
-71
583
377
197
-274
83
453
311
-689
154
-174
-521
244
243
241
41
310
496
-265
-295
132
-398
-174
143
-501
-307
501
83
-570
237
-265
12
-13
368
445
-546
-410
84
-275
242
-60
-301
220
-50
-459
66
51
-380
170
-181
-37
-74
-314
684
-74
-464
344
-213
-232
169
569
55
386
206
-62
-521
284
-124
-61
-269
-135
-197
324
141
317
121
-404
-261
414
121
189
-22
152
-267
-486
473
-720
277
400
-38
-918
394
-47
335
335
-205
549
-199
508
-136
533
-193
-161
254
-407
-235
-514
-123
-422
916
-134
-637
27
352
481
-77
-57
-97
-343
-220
186
-222
367
113
29
-524
-160
-140
94
-387
120
299
337
-217
-211
355
65
622
366
93
-343
-484
134
109
471
-259
55
-452
-115
-386
586
-72
602
239
-93
108
-21
-94
-125
-86
-475
213
13
-103
108
276
373
-60
12
165
179
-357
-98
249
-46
503
-113
-313
195
-185
-124
374
96
-137
90
-273
-206
-726
155
-502
-141
277
-125
-452
-426
-38
319
551
-749
-136
-27
120
317
-21
142
-248
-292
-435
176
109
-348
-65
-116
-731
-2
-844
96
238
-113
-112
128
-491
321
-66
22
293
-205
431
144
-4
40
-173
431
238
42
-236
-225
-458
362
206
-61
481
-1014
-464
-173
71
-165
-773
2
317
363
-501
-322
-303
322
129
-124
-154
-191
-216
-714
-817
183
-306
138
664
-39
289
82
498
-156
-373
-99
663
-186
-217
-321
30
235
209
-48
-125
10
-20
-296
267
-56
-340
300
-394
-397
241
-741
-792
230
-105
-81
310
-689
491
176
746
-118
25
84
-400
-516
-706
-430
-106
495
333
158
244
-904
-7
-469
31
1035
-264
295
3
151
5
156
484
399
119
678
-153
138
-170
143
204
-155
-507
-99
97
352
477
-96
-92
-307
213
218
-323
428
358
126
-21
-376
277
80
322
197
308
-322
-658
-688
-286
-231
-445
847
72
407
249
-92
-60
-57
198
-171
-521
-514
400
460
-205
-444
-433
-359
674
593
531
-3
-5
375
-81
60
-175
-143
30
453
-107
-181
1
413
-241
-363
-168
125
250
-61
104
-242
48
200
-170
-464
-396
-4
-5
-276
246
22
-492
83
145
-49
-423
132
78
-228
-534
37
565
403
-332
203
118
129
47
-189
352
-55
-119
36
22
311
46
857
-389
262
-78
14
-365
-151
-108
-351
-301
-202
184
526
303
-151
-586
219
-448
101
515
333
193
-136
-611
248
10
-385
-199
-70
200
371
62
-506
65
-443
110
-3
-158
-181
-58
371
111
865
179
167
372
-13
135
189
30
56
-362
283
15
-301
-195
-41
210
-102
581
32
-317
-55
32
-57
572
-94
-149
-218
49
-238
-658
-650
55
-46
-210
-161
-154
-342
142
7
3
510
-118
-433
21
-298
-120
348
-79
359
298
-654
739
246
417
898
207
252
188
546
-154
74
209
-122
128
-364
-168
-568
-249
-286
58
181
851
16
402
287
-84
-19
-29
-607
149
-375
89
-181
254
42
-160
-172
-81
-352
709
-714
775
-300
24
47
132
372
-487
39
43
261
-4
-313
-635
23
-259
-214
9
-70
-145
137
198
468
480
-96
164
-66
319
294
-591
-285
51
-12
219
-30
207
49
474
-120
-313
-706
-868
420
-325
-153
-143
-156
622
62
-615
1005
446
93
290
451
-78
-88
-165
718
158
724
-343
-444
-354
-23
-140
-290
80
-353
171
-96
-215
-281
-129
-331
-281
155
-28
7
320
140
114
92
430
-191
-251
124
485
597
-263
-375
457
271
279
-133
-231
-435
142
55
295
-427
-162
-327
-135
262
-500
197
-313
170
171
541
-266
-210
-351
-62
388
-461
-173
-39
36
-297
38
804
70
145
16
372
-4
-397
-118
-477
111
67
-89
-215
318
235
224
-165
-236
129
-360
-368
-234
-232
145
443
-91
-352
-108
-133
392
81
-92
9
-497
287
-185
80
400
45
103
-192
90
222
666
-100
-398
308
360
798
139
203
-688
-440
-468
176
699
236
-60
-210
162
-413
-402
-215
-386
-356
247
81
-858
787
-640
-56
835
-464
-125
14
158
-270
-348
147
368
-55
-62
-39
-224
174
88
134
-122
302
-630
331
-39
511
-457
-11
17
-57
-300
-598
-46
-30
-153
507
99
-164
61
182
304
80
328
-130
397
-320
272
-82
186
-268
623
271
186
15
-589
248
19
-264
631
-13
-237
-318
-160
140
22
21
30
260
101
573
-113
-437
-158
-103
-120
-80
323
464
-96
-389
-313
-446
-80
178
105
27
343
453
-182
-233
166
293
204
694
240
-357
-271
-570
148
88
285
-729
363
239
295
338
382
-51
-180
270
-134
34
-427
140
-166
82
-94
-662
-187
422
146
-295
-378
45
49
368
496
-214
125
84
30
163
-330
21
-76
228
83
-297
-27
-408
-671
270
439
243
233
-58
-253
1150
-210
449
-70
-371
-224
-125
-714
134
250
-37
-178
13
388
151
-297
-20
137
193
-111
-344
13
-160
238
-170
90
-251
-73
17
72
-537
-146
433
268
-276
-692
88
-325
220
534
-311
128
250
227
547
579
-349
251
38
436
232
-281
395
244
-3
-403
-88
-514
99
527
-81
278
114
-145
554
301
320
-249
162
74
294
-46
-218
-234
-135
423
525
-429
-365
-38
247
-385
-988
-65
-222
549
432
-412
504
-519
282
-364
496
145
-10
775
537
-59
247
357
163
-479
128
-574
-269
-553
350
-89
-300
-79
431
-160
-255
309
-149
-133
318
-150
46
501
80
82
-487
-119
166
-262
321
340
189
442
-455
186
166
-159
5
-169
-478
160
-298
-337
248
459
188
134
-217
168
684
776
127
145
66
-36
496
-578
43
140
328
-84
128
15
-330
15
-485
713
300
-773
-361
29
-97
-15
264
359
334
-119
-981
-260
-644
-259
-41
190
-408
-258
-408
-1
-104
442
-236
-630
-651
-320
409
-151
566
-108
-76
-193
-416
502
97
177
261
100
-122
-214
13
-328
747
-412
-24
160
-99
-189
-237
496
289
-376
96
-74
647
-396
278
-606
-262
-5
-258
53
57
292
-406
261
-115
485
144
313
-2
-33
-539
19
510
-410
58
18
-342
-112
0
-288
86
-853
-561
-19
-315
522
-169
787
-12
-103
-614
392
-205
465
283
-436
-21
2
-216
201
108
-30
-68
20
-140
-507
217
-577
139
-29
146
199
88
-206
135
-32
188
-105
265
638
-452
-284
243
-500
513
544
-178
-128
-68
68
362
-7
-268
-160
-674
522
-203
298
70
-293
-287
530
-643
563
-76
184
-669
94
133
435
723
117
-343
-99
304
346
212
285
-270
-625
-407
-112
158
-610
64
81
-103
-289
-23
238
425
56
131
-170
234
-319
368
-5
139
-215
22
408
260
98
156
-44
-57
625
-333
514
-283
442
-250
-366
-174
-597
-162
-405
284
66
589
378
483
-37
300
-212
250
386
171
-36
-158
119
-76
57
49
-812
-82
-128
-145
-272
298
250
-199
-465
78
-102
86
-213
-247
-223
-208
-214
384
323
-12
-349
124
-105
314
-216
-79
593
31
455
-423
-124
335
409
22
-192
-534
-242
767
534
214
-362
-734
301
-138
38
165
-123
-110
58
270
-260
68
-249
550
-227
219
427
303
-664
-56
317
-19
85
300
134
-160
46
105
115
-537
255
-152
-169
-488
-502
420
-374
-37
-609
462
177
-388
-778
274
691
-661
48
181
346
131
-226
375
336
191
-603
-34
-168
71
371
-317
279
266
325
-716
-164
52
-340
-181
-78
254
717
-122
-122
15
77
-227
51
255
-272
-402
-521
10
110
369
88
318
429
57
-178
-11
367
-326
-1065
-117
553
-295
102
640
54
163
96
-517
-45
-590
-77
657
-289
-279
-566
55
-304
-459
715
-219
307
20
-295
252
95
74
-179
208
253
-227
339
-73
156
414
15
288
-160
354
-163
-904
-328
-575
-323
415
-261
332
-283
-318
93
-116
48
500
-160
405
-114
145
-247
573
237
-38
523
126
-676
381
-346
440
188
211
89
-118
164
16
238
-539
34
-226
-9
-323
-707
-308
-759
-373
-559
107
-225
59
218
202
-66
544
261
-374
-167
361
-28
427
139
-270
-110
-151
451
-354
351
193
213
431
-278
-247
-118
-32
17
245
-63
-458
-261
-632
82
279
-217
319
-259
179
-215
257
357
417
-301
-285
-109
-333
226
-496
-175
275
146
234
175
-52
217
-146
-402
209
-254
195
225
357
246
-165
-256
420
172
-217
204
-97
-324
257
-354
-126
-309
117
74
-186
-136
-178
369
-266
42
-156
-208
293
-415
80
-383
439
392
35
-168
484
-200
-397
574
221
173
-487
323
40
-455
314
610
124
144
117
-433
41
621
539
-340
-393
162
662
321
738
88
478
-105
183
-301
-361
272
-18
317
72
108
381
37
368
49
159
-475
58
-262
491
36
-422
-75
-572
-839
-485
-189
-271
-43
272
-202
-215
-228
76
515
-178
523
-437
142
-280
6
291
176
-295
238
61
-450
-124
-195
-166
42
387
158
-55
-90
458
384
75
-79
254
-125
358
-533
-449
303
-106
219
-98
256
-241
202
114
96
-134
267
127
566
397
113
-50
-497
136
-7
-78
-566
273
579
352
-371
222
-43
227
282
-24
1
241
-378
220
446
-323
-621
-89
379
-328
32
-418
42
116
560
-154
-609
-517
-169
-190
-93
66
-456
1062
-200
-43
-57
-672
-37
-369
-492
-34
159
55
-403
-136
172
-384
-13
-356
-21
276
370
201
303
352
233
119
13
284
-112
-434
362
-103
-167
308
18
-191
-243
-207
355
-362
-248
-229
162
-251
419
-565
-213
380
173
216
-486
-477
-138
-49
-417
157
-206
217
330
-62
253
-583
480
124
-142
-24
-79
108
-494
61
-64
-307
-112
335
-65
159
-188
90
-13
31
-31
6
163
-124
-170
-68
79
-210
-201
265
49
356
101
-398
269
237
-92
215
-177
-113
36
56
-111
-226
152
33
-32
-488
-375
-425
-93
-136
-179
-513
-412
-78
215
-452
-6
-80
-78
158
53
-603
-68
-626
-86
159
-601
-388
499
-302
-221
-104
-164
-182
-32
109
-29
-276
-566
-422
133
150
152
148
425
-579
83
-123
10
-162
-35
-335
-168
-135
167
380
160
528
279
25
-187
-355
-170
-109
-180
189
-461
20
481
-279
364
823
428
-99
392
115
461
106
-388
-276
108
-220
-29
-290
422
462
468
-273
293
316
300
-115
-120
34
106
-232
401
-368
488
-423
-477
406
326
113
449
-291
481
191
-345
117
-21
-620
280
-227
62
482
896
101
-51
-469
-390
349
-175
-388
-132
-145
-434
-216
595
18
-96
667
452
-152
-529
-80
73
-223
219
-92
326
78
62
-117
69
-181
25
-320
-571
-251
18
380
165
-271
-76
299
185
-548
105
168
92
-292
585
199
248
-730
-446
-443
224
76
475
-85
-177
-273
203
-325
243
-358
487
-389
-72
-254
333
82
-7
-359
-2
114
115
-89
429
-48
181
385
-216
-265
-70
39
56
-47
-34
-117
-145
149
-447
-360
-320
-440
218
-341
-255
-784
425
-236
-474
34
348
-694
170
-102
262
320
-779
761
163
64
501
568
721
315
16
366
140
-161
-360
46
77
234
-214
210
12
213
-305
-184
338
354
168
164
43
13
438
-244
-388
-256
222
-488
-505
-556
270
136
-379
134
-148
-354
-334
-316
454
84
22
-279
-367
-250
-461
256
107
-35
107
394
-134
65
-467
-147
-48
-301
-90
-254
-157
-259
393
-495
66
334
48
-305
34
-605
247
47
-540
-116
268
181
87
458
290
413
568
251
-265
13
-416
-11
118
735
-341
89
85
-72
335
-268
-101
257
376
-189
-477
-371
61
-380
-160
145
203
-208
27
-539
-126
-152
395
-141
342
323
-64
-541
-750
811
305
-667
164
-49
-572
203
-199
209
159
-32
230
-56
168
-519
-144
36
704
-341
144
350
-269
163
-530
43
-240
-168
125
-170
-326
192
-328
260
449
409
-86
146
-114
-214
276
-172
-489
-670
-70
-50
-179
242
199
70
168
-277
244
375
-312
27
124
-323
256
116
60
-148
316
350
-205
-151
263
231
-64
55
-87
-273
84
309
-5
67
-147
-148
288
239
-313
665
-343
-285
13
-381
-74
-451
367
-269
-190
-67
255
433
-189
143
14
95
465
-51
-464
-94
283
-63
209
-86
345
-54
235
377
389
330
397
398
272
-357
-103
-362
-41
-364
235
-102
-302
-287
1
-344
124
-37
49
-307
256
-297
-83
-193
-6
315
-758
-427
424
136
527
-531
-26
-308
-80
179
81
212
-356
-818
50
-145
-480
-40
-608
137
-337
73
63
-195
-494
-746
376
-329
208
-200
98
-162
326
-461
705
-101
245
-277
218
-265
-362
-121
168
373
-432
384
-435
-6
-419
-260
187
-271
123
760
-195
70
-518
137
-145
-156
46
36
321
422
-59
-432
-199
-610
-33
566
398
-44
-373
278
550
286
401
132
-76
17
-170
44
-170
-510
374
115
-203
-150
91
-265
-141
-182
425
-530
-366
180
456
-18
396
39
-30
-169
-574
-352
-222
14
309
331
255
-798
90
-489
-96
251
-442
-164
569
-100
-14
-355
-118
-73
94
202
-640
536
-55
199
-276
-535
-277
117
438
385
-159
11
137
522
55
198
-586
-345
714
-321
-506
20
349
154
-222
358
-279
-405
171
-199
49
369
-88
-30
349
23
111
356
47
-147
211
28
71
118
-96
-270
43
24
622
230
-318
-36
27
-53
118
-403
193
13
-6
-272
-194
77
-15
-281
-154
212
-56
114
17
-359
591
-74
55
626
772
-114
395
55
264
23
-297
-124
-60
-510
-287
-363
391
-92
-296
-235
132
235
-406
-362
-244
-140
-373
66
-110
-261
-210
741
342
-31
-220
-663
378
70
-491
275
-518
-180
-38
96
286
337
109
-404
-112
-143
91
521
164
392
652
913
2
178
-6
-536
-264
210
-71
230
449
425
252
-83
111
-442
218
268
156
10
476
-253
670
419
-105
-31
343
-259
301
64
-237
-456
-199
-267
263
-76
-93
560
-131
297
-35
-673
221
-42
-85
-112
-322
311
287
-195
-413
-348
125
-165
-135
330
-40
-82
412
100
261
-399
-336
-498
-418
116
79
-270
-129
474
-580
300
-413
118
-82
264
279
397
-117
270
280
-266
-182
24
-366
233
423
-484
-175
-168
59
521
142
-681
-13
-143
573
106
-713
536
-531
206
260
652
-49
-501
495
5
-196
407
-180
-122
187
445
404
152
-404
-378
-714
-312
-101
280
-351
419
528
-18
118
-465
-213
253
-68
51
772
-112
-66
-379
128
139
-220
-199
-250
-74
-185
-281
-347
-173
99
-782
-176
-166
-288
515
199
231
72
-199
-556
-483
-166
-72
