50 100 361
0 0
0 7
0 19
0 45
1 30
1 39
2 9
2 15
2 30
3 0
5 14
5 17
6 15
7 3
7 21
7 25
8 9
8 10
8 17
9 0
10 49
11 35
11 37
12 8
12 27
12 43
13 28
13 48
15 1
15 15
15 22
15 31
15 34
16 7
16 18
16 29
16 42
17 1
17 43
18 11
19 12
19 46
20 25
21 7
22 1
22 12
22 23
22 43
22 48
24 1
25 34
25 44
26 7
26 29
27 28
27 36
28 20
28 49
29 25
29 27
29 44
30 35
31 15
31 27
31 35
32 29
33 1
33 9
33 16
33 39
34 3
34 21
35 24
35 42
36 13
36 46
37 3
37 8
37 40
38 5
38 33
39 17
39 35
40 20
40 29
41 20
41 36
42 15
42 16
42 20
42 34
43 19
44 13
45 22
45 29
45 36
46 21
48 35
49 1
49 29
43
0
37
51
96
86
6
67
88
9
97
2
20
16
19
50
14
74
84
38
46
61
30
87
42
78
23
45
68
29
5
92
62
89
48
44
47
1
13
82
21
76
40
79
26
85
18
31
56
94
98
70
77
39
36
41
64
71
7
28
58
3
57
22
52
55
32
10
4
27
49
66
8
90
93
81
69
80
34
25
83
35
59
72
33
65
15
91
95
54
73
11
12
75
24
53
60
17
99
63
245
-48
-1012
-213
-303
172
408
-375
254
474
-72
-341
-48
360
-662
342
20
-437
14
554
-206
53
-314
-452
241
344
-534
-172
233
-365
769
60
26
184
-218
414
76
359
329
266
476
-418
-192
416
107
215
69
-211
-498
-608
559
288
516
-193
-117
229
-240
-405
-300
-51
386
-510
-86
468
127
-60
214
209
-54
198
97
567
129
11
-27
273
-256
170
143
61
598
697
530
178
351
74
-351
462
294
219
-481
342
-176
-271
61
-142
-514
540
55
-203
-435
-419
16
298
106
-76
492
-104
-384
-26
-284
-273
264
-84
715
-279
-672
51
-265
-1
193
-305
-199
203
699
54
353
563
379
22
-184
424
201
-499
312
-339
255
-130
-488
-329
229
-181
473
-90
211
116
-95
347
-113
348
-9
432
-27
183
220
150
478
-388
-312
365
158
-19
959
165
370
-84
-175
357
-254
-709
258
224
51
-102
385
-281
674
-39
297
95
36
489
-301
87
-34
21
-403
140
454
-222
77
195
-89
-435
-86
368
237
287
-168
73
174
379
259
-100
96
-319
-291
99
-296
178
31
-38
-316
-252
-534
-114
-246
-15
37
-361
234
221
-597
83
38
-10
116
7
-849
-186
-390
456
882
-156
-520
-344
-814
-83
-4
-181
-854
-139
-831
-474
-186
-179
69
160
-387
-504
255
474
525
-115
557
-472
210
-103
-463
-154
-252
-599
-44
-246
-377
92
-90
222
-353
-150
-12
-144
-342
-391
61
-88
180
202
-97
-381
20
605
203
-24
-149
327
533
133
395
-110
477
-463
-167
-196
83
-337
-136
-399
-476
-534
-208
501
-406
-435
459
397
-14
369
636
-103
-682
-144
-487
-98
-47
71
823
268
-95
-83
72
829
731
386
-74
-297
-250
293
-47
437
-214
-669
-295
87
600
-16
-165
1
-195
-622
246
27
759
134
-160
-204
419
-386
42
-298
282
258
106
-415
525
-86
310
156
-358
-238
327
-73
148
421
162
-310
152
-149
-347
-97
-570
179
8
427
-681
153
181
129
4
1
266
-309
-34
-269
396
-267
580
264
-402
42
66
-263
585
-248
411
906
212
-6
428
135
242
-239
215
-437
64
-100
-497
-601
37
-338
39
8
-132
489
48
-107
-558
-152
-205
-277
32
50
45
-267
-397
255
-12
-498
-580
-284
-421
-431
181
-101
-405
-107
14
178
476
593
-529
427
256
-385
-2
144
511
-276
7
-107
-194
-38
236
-114
-616
-2
-188
-138
649
-642
-603
118
306
39
120
-531
-458
13
378
-639
196
251
316
-214
56
-172
-133
-57
-7
171
365
145
-241
-79
76
47
-592
-130
-67
438
-307
93
130
117
50
279
-206
-122
30
314
-24
-238
336
-132
-437
395
136
154
-34
76
286
-370
-231
-69
41
-241
155
-397
-309
-229
528
208
45
431
-239
-217
-159
-249
-213
652
159
36
2
-158
36
198
431
-42
163
630
552
-382
-47
-77
-208
256
-115
467
496
-339
-93
102
1093
29
-692
704
489
-181
398
-62
506
-216
65
-45
149
319
-524
-33
-110
254
286
68
192
-13
-343
53
-349
384
-514
-12
152
190
99
534
125
48
98
-208
304
-31
12
-204
25
176
439
-144
-74
222
25
-29
405
-640
-330
108
-155
-975
-332
-186
-227
557
-467
-372
81
-357
-182
-607
417
-318
238
-512
378
17
69
-48
840
-103
-453
-578
1005
83
199
603
-42
483
-686
14
-686
-148
1
-148
355
1116
-209
-833
-152
367
-101
-338
354
165
-1
-328
-367
-235
153
643
326
-36
697
341
-315
-33
347
-378
-491
-92
126
-4
266
-312
56
-220
305
-213
710
160
-174
-175
103
274
549
-94
32
-224
278
26
434
-618
528
275
1033
63
310
514
356
-433
-725
153
188
-186
593
96
123
655
7
-120
400
413
-255
296
-293
-316
253
-193
1
-155
-33
-597
47
-247
586
-308
284
33
528
-170
369
75
375
703
276
30
-514
447
-275
-23
55
459
-46
-189
107
717
-37
-273
-820
-297
413
-60
-1078
774
428
225
7
351
-1010
129
-560
338
-13
-132
-388
-7
-99
25
9
299
306
499
409
100
-783
104
39
255
-452
-798
-63
106
-551
-12
809
-210
195
-384
261
62
-564
-239
143
-195
75
92
74
-394
417
234
148
261
-709
179
-100
-3
-583
326
69
-365
772
588
536
231
-288
299
-104
-416
274
371
-215
253
85
-413
-52
-418
17
148
440
464
50
-118
93
-369
394
-252
-292
-306
-9
163
-292
216
431
-349
-272
89
-15
552
-295
19
-221
660
441
-182
119
-80
534
-147
61
-199
-171
-171
-43
-11
-281
505
244
-535
235
811
33
-477
-190
-997
303
-100
51
-19
819
-381
137
123
136
-54
-83
121
-387
-158
-431
-249
327
-550
-515
-45
217
144
412
-19
156
36
-42
215
-528
294
238
-239
93
-233
-59
-166
-596
-247
-209
721
86
-115
284
271
518
-56
-295
208
-309
663
485
223
103
293
739
220
377
-307
-263
794
-447
611
4
-357
-329
-527
-113
28
216
477
-373
-459
311
-81
-178
-13
-489
371
-175
-637
-54
-36
-76
-302
-34
-428
133
443
-93
-186
-187
-192
206
133
-16
823
-225
-67
-250
-116
211
161
832
-315
371
57
-6
13
313
-704
-166
-263
753
-632
-426
216
614
-87
11
135
108
-17
-228
259
125
-473
255
-589
520
251
214
38
-40
-537
576
751
103
-449
-77
805
225
-418
215
74
-213
333
787
330
-427
308
156
-57
-74
108
-249
199
-70
0
71
-341
297
86
-2
-138
-342
-187
-631
-694
-557
-461
-2
453
731
-523
584
293
-100
-391
-198
338
-21
-306
-305
483
-416
101
-359
287
-327
-34
162
27
392
951
1009
166
450
65
288
73
427
-180
104
357
482
-231
297
-229
3
130
-360
-771
616
588
-427
333
105
-731
-177
86
-770
-697
450
381
15
-307
-291
-271
-171
-195
-564
-62
491
909
52
424
-430
-364
-379
-449
354
769
-122
194
-1036
567
-792
-130
542
-134
-190
-226
-454
281
-187
-57
-216
375
-370
154
209
-344
604
-138
86
77
-392
147
716
48
-350
783
-62
-302
-715
471
203
78
-203
-36
358
-75
285
-386
3
-439
-188
163
-747
44
-341
-68
-214
361
759
316
324
521
-210
329
118
-295
63
-248
29
284
-130
-97
-79
-20
-3
89
-59
21
-389
-345
252
431
-146
-390
11
-342
350
-101
-445
111
-14
-352
132
110
-143
-118
288
-449
-618
-74
631
21
-297
-306
82
132
-569
-441
22
386
-208
-317
-99
-752
-282
298
607
-315
-172
-190
236
933
-374
6
-356
-504
-645
-89
302
184
88
190
-583
294
425
359
312
299
0
-303
254
-477
202
109
89
-221
403
222
-171
-649
-382
784
-97
396
89
-120
-294
310
125
263
40
-248
622
525
-260
-616
-366
-150
254
-424
907
108
-140
6
335
-207
58
-204
547
-183
-37
-587
-332
46
487
354
566
357
-327
671
-325
82
-294
-165
311
416
23
32
-160
-403
210
412
319
115
193
138
708
19
-934
285
-423
-296
144
38
-101
93
-294
277
881
71
287
32
-722
-323
-498
-285
58
62
-219
-155
-130
-60
30
-546
236
-257
244
8
172
28
-750
21
-588
152
124
246
-240
-187
209
-115
530
-499
-84
-356
202
-298
866
469
-133
172
791
-402
-79
274
927
-85
85
53
-345
7
772
-95
137
415
389
-264
-198
-318
-875
-281
-123
166
-17
19
-118
-189
-192
-361
576
317
-418
-12
-26
775
-12
645
-1074
-137
-435
62
-747
246
-719
104
405
-166
-487
46
-227
-602
418
-55
229
788
-188
29
-801
429
-611
260
667
3
-128
193
453
263
977
-809
-442
-85
-81
84
-80
29
-521
109
-119
-830
265
-121
-131
32
-59
167
283
93
-721
5
-93
-70
-741
155
135
-512
269
-117
-543
-13
-300
-562
-86
213
775
178
-92
-73
-203
-435
-512
-390
57
-530
4
-350
-284
145
630
418
108
-93
328
-690
365
367
321
280
-183
123
-592
-412
250
156
161
-848
162
103
-402
-184
-954
-278
308
-293
-77
-113
270
-434
224
-102
-495
87
-356
-77
-93
173
249
-227
-197
-303
-94
394
234
322
364
253
-532
230
-294
-399
-71
32
856
565
303
105
49
-577
165
-386
244
293
560
388
154
-763
70
450
490
333
-572
-17
84
-392
-972
-19
-474
-296
779
-129
-257
76
289
-69
-80
-299
54
392
-694
-172
-522
94
-440
30
521
30
-150
-22
319
40
12
-319
-531
-204
18
155
502
203
133
320
-428
344
-301
-438
-37
344
-437
-19
45
159
98
-509
197
-12
331
-113
-59
-215
-435
272
218
295
-667
591
233
-93
769
266
-154
68
262
-223
-489
656
47
-362
216
-142
231
19
-116
40
-70
167
-110
245
-1066
374
-175
113
146
184
391
118
375
923
46
-112
-213
-10
-313
-569
168
-138
228
177
-39
-325
140
63
-561
-272
81
648
-399
8
-75
729
126
-87
-601
63
992
447
-126
285
-34
155
106
-166
-244
-741
-266
-157
102
-66
-72
-91
205
636
194
68
172
238
523
-167
-139
221
-209
-303
-527
-39
-983
349
-450
139
-109
-55
-1012
-110
-336
-1000
177
305
-420
500
227
408
-461
-381
-268
-240
88
-13
475
-77
-350
165
331
610
-494
-390
8
651
-919
386
-659
-362
214
-57
266
-463
234
278
-100
-223
-895
100
-190
-266
15
-227
-452
882
-290
6
-52
95
174
-45
-39
-206
-145
189
72
182
215
-507
695
-712
-313
-149
12
-137
284
-5
28
-675
388
178
312
-249
-122
568
-32
534
683
-322
82
-279
301
980
356
101
3
61
382
370
-152
-290
-363
-349
-810
-520
-502
-356
175
-428
-424
-114
-223
-589
220
89
-1023
68
-419
-19
-541
-390
468
-242
378
345
400
-259
31
-363
218
-84
491
-100
-682
15
-169
-190
675
-289
-595
-290
-604
-296
-204
-541
-396
-524
-253
45
-129
-60
-243
203
-250
-44
610
-207
377
-112
173
48
21
-13
405
-271
-193
33
-150
-234
-242
-293
-43
213
-353
-60
-98
262
701
-256
529
196
506
-526
-172
214
-239
-457
-175
432
-529
-132
-303
257
75
-340
182
448
386
525
-676
309
517
-125
406
271
200
-65
-860
90
-481
754
298
-243
685
100
215
-604
95
133
-119
-541
272
-254
246
555
174
-545
57
632
-144
-85
-240
403
508
-594
-566
310
-170
237
67
257
2
-363
-204
-685
237
-385
-210
-306
-428
530
29
-576
-51
-326
-160
88
-70
-269
99
-412
153
-436
-387
87
21
-241
-85
225
-161
-808
37
-12
378
14
-180
228
-310
-147
274
790
-223
-51
-787
-323
-213
12
-118
-920
-225
108
256
66
-200
-1374
-88
-59
-470
-631
-248
111
-59
-191
1006
300
821
182
-102
83
175
296
-487
-153
-438
-365
-51
-172
-368
73
-550
-301
180
145
-253
258
-295
-435
674
-642
-90
72
-358
392
-108
460
-327
-465
291
37
-226
-323
394
-174
134
95
-95
151
-360
260
8
-270
288
-324
174
-192
179
101
120
-284
717
-463
415
-67
364
346
323
-418
21
-74
214
-575
68
219
755
203
-104
-320
-274
291
-373
333
-300
472
538
7
-717
-137
556
67
-602
468
-83
296
622
125
470
-2
-196
-377
-114
24
-356
-103
-42
182
159
-227
30
-269
609
258
78
465
-2
266
183
-245
-137
-219
-31
-245
528
-115
258
-326
-141
-421
63
-347
-136
-180
246
-363
-256
-250
954
12
-254
-541
-310
-607
-404
264
-22
-331
-103
150
-552
-471
-199
146
-246
-383
130
16
589
308
-269
166
-199
562
-179
510
-355
108
-785
342
-662
57
343
275
-368
-646
295
-539
-83
263
-95
-838
-227
319
481
-105
296
-419
86
-188
80
-145
154
246
-708
46
-223
257
-247
85
413
207
-93
581
259
704
-413
-370
108
439
241
263
204
644
130
-340
39
160
-360
-41
-285
-604
214
377
319
449
19
214
70
164
-415
438
-171
-99
303
84
121
343
-93
535
-239
-178
173
203
-484
766
367
55
282
107
34
473
86
-274
-383
-427
-581
161
-259
-124
166
-268
-132
817
-525
710
279
-432
125
-287
-583
-2
-149
-185
-414
-632
90
-621
-181
201
-265
-45
390
-203
373
-21
41
61
-126
137
-18
-148
385
7
468
185
185
394
95
225
-404
232
575
-325
-140
-125
175
-327
55
-360
445
-339
859
-201
273
266
64
157
313
103
-74
180
-97
84
-102
-252
-149
52
-325
78
274
-490
99
518
464
-102
-626
-16
483
-671
-233
884
-108
-240
-760
425
-51
-292
-109
-657
256
120
-83
275
65
139
103
638
587
248
-692
299
49
4
-386
712
-35
86
181
66
407
540
-686
-187
291
-60
384
-12
38
-256
431
-679
376
319
233
-384
-280
4
8
523
841
565
-197
-303
-86
206
-263
-438
-119
-142
-3
128
-236
606
91
-465
-196
6
415
-442
230
-130
401
381
-77
152
188
181
880
496
-914
110
-462
-286
-31
-99
-453
298
-73
-320
681
-229
-333
289
-280
363
208
143
398
-106
-674
-159
-290
384
-333
-254
-115
-46
97
157
-293
-188
-301
-184
-38
249
-205
132
319
328
66
-501
95
462
39
90
-104
-318
366
8
923
-162
-135
25
138
356
-156
-132
-137
-151
-384
-696
249
-192
-192
-167
-116
-347
295
118
295
453
-155
-801
509
163
481
-321
-632
145
159
529
-222
763
201
66
47
-131
458
-126
189
-37
-153
164
822
152
73
260
-509
443
154
-146
91
73
130
-657
-650
-277
-969
-263
294
-454
-89
-88
622
342
604
-281
240
-550
265
506
382
-197
-409
287
-408
131
379
-344
-143
-74
193
-499
-196
133
-35
217
-569
283
-50
138
-186
462
82
-38
194
85
13
-231
389
374
-277
178
321
-249
533
230
128
24
-74
-268
-215
564
-648
1507
246
-26
-97
345
284
-93
45
309
-461
-38
-548
-343
687
281
-18
75
191
18
414
-358
132
419
87
201
352
-105
27
318
-310
70
471
-329
-115
314
-72
126
-309
-474
175
394
-75
-64
-39
-493
516
-486
240
-70
142
121
-202
-105
-64
465
-217
358
415
-365
66
102
222
-129
487
76
32
-267
24
303
389
-364
-21
873
-187
0
-138
-377
1
745
369
-437
200
533
9
-307
46
178
-281
313
183
93
421
-218
301
610
-298
-32
-705
24
-2
310
155
-1
-380
278
-149
-198
-235
-748
-1
1111
241
460
-532
-495
281
-251
179
366
-273
-364
-12
-230
61
373
-491
-159
400
316
-35
379
314
482
-375
188
56
494
-314
234
32
-183
23
701
153
154
-61
202
-614
-289
483
17
431
219
-456
-174
553
658
254
147
22
673
259
-295
-318
-148
106
713
149
-40
447
854
332
225
42
-224
-143
-91
-420
-71
291
-339
-205
-298
102
-244
-614
-522
20
-103
-82
-203
164
18
244
214
19
-19
238
-269
-259
432
-156
-564
230
-265
30
169
-181
-135
131
200
-303
-168
360
52
-454
332
132
-97
223
-227
-245
0
385
259
-223
330
51
-692
129
-539
76
-24
-132
183
-677
355
16
221
-42
183
-94
717
-111
-114
224
-162
1
-591
199
-178
-760
29
-186
-598
119
276
-93
81
72
-65
-200
549
-615
-388
-859
412
208
-188
190
21
39
233
-447
-142
-317
407
127
89
-58
99
-291
-233
124
-603
282
369
370
-190
-238
118
-549
105
-181
93
-61
-506
-152
139
-83
-292
-426
-119
-385
21
411
-319
-41
153
-15
53
-468
232
-48
-398
114
315
170
-591
-201
-278
943
-368
12
91
217
300
199
932
-253
-403
533
-639
-69
-460
85
-287
-206
-788
-231
-563
-30
438
-452
514
-65
-206
-22
93
-388
69
475
63
329
341
305
215
277
-659
-51
-105
194
169
322
-31
-370
-331
-1257
84
7
-452
356
-258
473
-96
114
41
-158
302
-47
230
253
357
373
311
43
68
-669
47
-532
239
-139
-565
666
-327
-243
627
-137
-253
62
147
264
211
74
-80
474
49
-157
47
625
235
114
-113
-183
-449
-7
575
-19
580
14
-642
128
-162
32
113
-315
-212
-670
478
-26
169
121
-622
26
-236
255
383
160
-147
173
-305
-235
-46
-497
-81
197
-148
62
706
-734
412
-130
139
246
-268
208
-507
504
-422
136
160
176
198
-139
-76
-262
-90
609
268
380
150
-848
-295
168
710
-134
459
170
-321
-720
-539
432
344
-598
117
119
-121
-500
-150
209
478
-114
79
98
-115
-2
49
-130
-241
197
-417
-102
-167
728
49
-155
-160
195
-170
55
-198
318
-565
-76
67
-18
-1007
267
86
278
-24
89
-94
49
15
78
52
974
-621
-265
-38
7
158
310
265
20
-295
265
121
81
579
-185
-239
302
402
-354
132
-99
-287
-296
-83
421
521
-293
-117
226
-708
-48
744
480
236
-243
-284
-323
-446
-557
360
591
-279
-101
-375
-245
-180
444
301
-345
-255
-220
431
-690
143
-35
-297
-162
282
567
-388
-504
511
-815
-328
-428
-29
568
111
-993
-86
-188
-219
-212
205
-93
575
223
-283
3
401
-322
-62
-5
-238
158
476
-226
-6
-545
104
46
-521
167
-194
573
-689
257
-207
-693
17
-148
140
-74
-111
-287
142
-454
362
48
-104
-344
-392
187
24
-124
496
406
-115
-7
-231
-584
564
-33
66
31
-276
88
-659
-130
130
-70
110
-496
694
48
-25
-211
-180
-399
-167
369
351
287
-434
730
207
115
-56
461
63
-224
-79
-323
-590
12
160
-93
401
-213
-725
-321
-887
781
2
444
253
462
-259
244
-241
-604
-110
-346
-169
160
6
275
222
937
-118
727
-97
-147
-127
44
-791
37
188
193
-1
-122
522
-264
-29
-187
-540
2
-327
-25
464
-139
80
-68
44
-24
315
-284
-308
-566
-125
-479
-326
254
129
603
691
309
-367
409
165
145
336
-88
333
121
42
575
-21
113
216
-674
497
-343
23
-141
-59
-287
196
671
-232
-452
-446
-499
-29
-132
380
-155
-466
162
-57
-506
481
515
-101
85
-170
-20
-550
-148
-50
46
366
55
357
-121
-171
5
488
140
782
167
435
-1
-370
-248
572
-182
-205
-310
511
-397
0
891
-100
174
300
590
-1333
952
-107
60
-3
116
-312
-440
-107
56
-387
318
590
-633
-490
695
373
603
502
504
343
583
-490
135
305
557
-83
1063
51
-147
875
707
488
163
-578
252
440
196
-66
-795
-389
-497
-368
-534
-207
775
73
-446
528
-520
306
-171
671
1131
-640
273
87
-37
73
627
149
500
272
-150
-329
502
1195
378
468
-99
401
-93
392
31
11
-21
345
-68
-10
-2
-23
539
483
-104
-300
-329
195
-216
-825
-25
-142
-53
261
74
-478
-206
-500
375
-450
73
245
-22
313
-321
121
64
336
-6
-293
-379
452
-18
-63
-120
781
148
-477
146
689
-372
84
-132
88
330
345
98
275
11
737
-290
-50
653
527
-429
-179
536
119
53
403
613
17
218
121
610
201
320
-427
-549
251
47
-96
-407
-158
143
256
-28
227
324
333
-308
436
247
-868
121
177
-338
-125
80
60
-55
-464
-81
688
-483
-212
41
140
-246
-58
61
-109
526
-426
131
138
-141
415
-627
-38
171
-904
47
-287
99
662
-174
574
51
-532
139
-399
-364
271
282
533
290
-292
193
931
350
-75
192
206
913
159
361
347
22
84
362
452
61
-45
289
413
301
228
147
-139
-41
-280
374
-94
-410
413
457
-496
-18
-380
-364
587
-467
256
384
452
51
152
-284
237
382
-3
48
387
-385
270
-195
14
-146
180
-2
-128
87
187
-325
-83
-157
523
-337
686
302
536
-375
-287
385
479
-778
495
-14
-254
-488
-73
554
80
-39
-765
-644
166
-82
287
-97
-396
370
-357
-408
-489
572
-3
-186
134
-163
-230
-199
-261
-185
38
-808
425
284
-430
-796
-8
230
-288
-171
-187
-146
171
-236
381
163
-71
-448
728
-518
-119
199
-21
-313
-3
-406
-182
-392
-258
110
-330
-672
481
114
-426
14
168
614
-203
-204
350
-74
-287
41
-895
893
-291
-551
270
362
452
-395
-151
-268
-278
-57
255
-400
467
402
-109
-57
-123
51
-55
-83
125
320
-338
-166
104
470
509
-92
-369
-642
114
-247
437
521
-267
-181
-479
220
118
42
-270
286
84
-75
-259
-190
57
141
-83
-391
-780
-52
-85
546
-470
102
106
470
77
-250
-230
423
-897
245
-137
-179
321
48
-306
-76
-326
-136
210
-204
140
-107
655
-197
941
-347
332
-256
-36
-513
87
-197
-45
-164
-420
-26
-526
-33
113
252
-87
188
-379
971
-132
-188
-253
177
-299
570
14
411
-59
636
-440
177
-96
-236
527
596
44
379
40
-86
262
-8
137
-40
543
100
-357
-500
952
72
475
-112
402
-683
447
74
103
-485
-348
193
190
-564
-67
-346
275
-302
116
315
-269
32
5
-91
-178
-604
427
-123
-310
-115
-1134
121
-287
-377
676
-11
-507
-217
949
-245
-305
-733
31
-417
154
403
272
-34
389
502
-60
272
263
499
301
846
-188
162
-312
-141
471
198
-78
102
-51
61
410
90
-76
33
82
-175
374
-276
-354
331
133
103
-606
439
441
54
475
-542
-248
-257
483
-646
200
-108
-378
158
-530
740
-153
-89
289
522
154
610
-135
-302
228
1027
-172
-426
-651
-554
-256
-294
181
-1033
119
293
194
513
131
30
246
336
-86
-29
-129
20
53
138
214
-54
-636
187
139
1019
76
-94
-369
-535
484
51
46
37
221
52
4
-445
891
63
-464
79
-229
-441
324
302
-1349
-412
114
414
508
236
-422
186
299
-67
130
123
19
69
-305
-376
-518
116
-153
735
-263
260
512
-377
474
-293
43
-578
520
-707
213
-373
446
-417
631
-101
-450
247
156
100
338
-450
342
-127
-140
-188
-15
-401
-594
-645
-252
-243
-223
-480
271
527
320
13
392
207
-172
-301
-216
322
-367
737
-8
160
-189
-141
51
-96
-256
-184
476
-487
-452
-138
-398
266
348
567
-557
87
-19
90
250
517
-201
13
745
175
-41
-342
108
-303
50
-83
31
498
231
199
-75
-23
226
-94
249
288
-296
7
168
428
-525
-136
-3
-217
81
166
-471
308
118
322
-135
184
-143
59
-238
-63
598
45
-222
-794
-196
-143
-979
199
585
-427
188
-293
85
-442
222
14
164
-336
-395
19
495
-107
-37
1024
82
-469
-166
-269
-37
-318
24
115
270
-248
163
29
-323
-351
450
320
534
631
209
-135
-47
-197
360
95
246
-496
-125
-326
-661
-73
-414
-132
40
105
337
-459
-446
330
508
215
-123
176
-177
-151
-34
43
-844
596
43
-75
-416
-150
-435
31
-515
147
7
-728
-267
172
143
-72
105
860
-354
-687
-197
250
247
-384
-157
-466
-429
8
-844
601
-531
170
-704
-183
103
230
-381
-578
-246
-114
290
-85
885
245
-283
-98
98
328
-482
-224
-752
13
-1088
467
330
-163
-428
116
-741
213
512
755
60
-308
-174
-438
-322
-170
-278
189
135
300
351
-228
40
-134
576
955
-310
482
-343
-574
-453
249
806
-184
-65
435
842
-88
-301
-436
-197
-242
-200
285
85
-845
70
456
-45
-276
-363
422
-789
15
484
-429
303
-750
166
118
478
66
496
378
107
807
613
339
252
146
-547
-348
117
-787
312
31
130
265
82
-323
349
327
-612
128
90
-17
-98
-7
-225
-57
-44
287
202
648
229
-4
-370
308
552
-238
-189
-41
608
-5
129
34
262
-390
-356
79
395
900
-613
229
-40
54
152
-195
-260
-14
-83
147
185
-342
420
-149
430
138
-242
87
427
-171
97
-313
-344
-134
512
705
243
-55
-148
-725
-21
-408
340
-374
-49
317
753
292
485
498
-36
-438
-322
197
-641
104
-218
-251
-437
-526
505
-120
-704
-304
-214
-291
-418
51
-160
589
-5
200
-812
-360
-454
33
55
-343
-24
-255
35
-284
557
-192
-648
-422
196
-486
-646
-267
18
510
114
-277
542
533
-784
-61
283
118
430
-388
-204
-108
514
-465
-6
-65
-194
-62
-323
221
-19
-115
131
-416
469
-36
-191
268
-227
158
-791
-420
-66
-273
-25
-312
35
219
188
420
-135
-499
174
70
-139
25
98
366
59
158
318
501
40
-31
-157
-640
125
-134
662
69
-534
-77
776
19
-476
-164
116
391
43
61
689
-385
445
188
431
-40
-439
-122
12
-184
434
153
-406
110
483
-49
-475
-299
281
-403
-96
206
343
23
3
-267
84
594
-194
-860
18
763
211
0
-58
14
-32
115
-108
-487
62
-504
-548
-344
12
564
235
-120
-387
-111
189
130
-234
106
4
-119
592
117
177
407
148
466
-90
258
106
157
-418
200
644
322
-304
-286
20
114
-19
426
-164
271
-23
-37
-74
-136
-350
355
59
130
-162
-182
3
411
97
592
207
82
191
472
272
-283
440
-22
367
-512
531
-275
103
673
475
12
-412
-648
-76
-41
-41
-3
405
188
-21
-486
-448
1009
-256
218
-640
-381
361
140
-246
-37
390
168
-100
336
136
-435
-94
-560
-275
-386
416
282
-233
-369
-219
59
74
-372
-356
107
387
-46
572
-181
722
-164
-228
-574
-152
-265
-483
-33
-139
159
-584
49
203
-138
-119
-515
904
-707
-56
149
-567
-224
-175
538
-281
-505
404
-401
-172
-274
455
-754
47
346
-657
-400
-598
439
-170
-19
-6
114
-271
416
420
30
-219
-405
-441
-88
480
182
240
33
596
387
361
219
9
-3
-23
-79
541
316
531
-208
133
217
-35
-599
157
108
330
664
419
-265
-242
236
76
-549
-241
426
618
309
8
356
385
298
-366
133
685
-208
-335
-76
-373
504
-548
291
-414
-351
-45
-151
-80
-216
-146
-609
-133
-543
195
-262
26
260
35
20
265
597
-1016
-563
577
-34
-484
414
-131
-202
-73
525
60
972
427
-417
-275
-178
-632
3
541
-77
40
-66
-345
173
-325
-733
230
-38
-99
-907
-88
217
-131
-106
-396
-443
-409
-236
2
-10
-336
165
205
384
283
-487
215
465
-335
538
-626
565
-310
70
511
3
-358
-80
-29
-492
216
393
-83
742
-256
-18
117
-59
51
59
-224
102
112
-23
-68
297
491
1
-224
-382
-452
99
-95
-242
570
-467
-12
-279
541
-529
382
141
195
-361
76
754
-261
-100
-193
69
20
-306
348
128
42
-175
182
-486
-141
-214
495
221
-180
297
387
459
-760
-426
-116
-857
-27
-13
399
206
-466
742
380
1066
-706
658
490
758
-68
-666
263
365
217
-184
327
-809
258
-50
262
821
-253
-125
-212
-196
378
-311
-163
-887
-449
-31
170
-48
-37
152
145
-190
-374
-580
-249
358
-229
76
-738
285
-285
-127
-244
-193
348
203
214
-428
-163
-317
-338
386
852
-32
173
-285
51
578
133
-59
-959
2
-86
-27
255
-541
-380
120
551
468
265
-1232
-147
-431
179
-204
-166
-166
411
165
-209
688
327
-88
238
426
-10
-128
369
-33
-44
349
-360
276
-169
-604
71
-221
220
-104
123
520
-633
-167
147
373
-133
-192
297
-170
-202
28
-808
-106
1015
108
288
71
344
-31
65
-19
321
-282
798
174
272
-244
155
376
44
-10
55
418
127
-38
985
-120
160
140
221
384
-46
50
51
-35
-231
327
-528
746
-137
-215
-529
435
159
91
765
-42
-276
410
-452
281
487
539
-448
281
-95
1153
274
139
-319
313
-50
-3
-363
-395
243
366
24
-41
110
224
161
-362
-243
-303
-185
366
-366
65
339
153
-386
92
120
323
492
-309
-57
300
218
-185
228
468
430
192
284
680
263
549
359
542
441
20
-123
-658
603
-543
104
-78
-47
-127
619
352
208
-14
29
97
316
-414
-224
266
77
-343
-68
-159
-146
136
484
534
-1
-238
297
408
-240
-211
134
-328
37
58
594
-82
-162
-416
340
340
-234
303
-408
-90
-113
-255
-72
335
-534
440
120
321
222
796
-180
111
226
-196
-403
-679
-91
627
479
199
-701
269
-3
-356
-214
156
-311
37
277
-131
102
-501
-126
62
51
-129
618
16
-245
159
-242
347
-86
-522
17
419
146
153
122
286
89
467
-204
-84
191
-102
-752
-704
398
-651
-544
260
-233
147
-151
844
-417
-263
-114
12
-344
19
563
358
-514
127
506
599
275
-437
787
14
230
246
-291
-234
-196
-193
-386
-334
-77
815
106
-399
-84
-67
-263
-72
-341
45
10
470
-388
66
-45
38
-214
2
665
-339
-458
1179
-508
-300
732
-145
390
-61
242
162
-172
-65
-655
-128
-12
178
-521
340
-123
344
72
266
-307
401
94
-97
-330
427
268
220
-476
657
87
-853
-117
-416
-367
280
492
-224
-44
-53
450
145
749
-429
99
-138
286
-189
237
470
405
-326
22
-6
239
317
-340
-364
236
485
-262
108
-697
-115
-151
210
-158
-280
-138
127
-443
-203
339
-44
177
-232
23
148
30
-18
-546
180
-113
-319
-265
354
-286
-276
311
484
-135
-509
431
-315
-52
-105
451
132
470
385
152
98
-127
-220
11
-106
57
279
-241
-257
-352
332
382
111
249
-109
181
-406
245
-264
-217
80
-366
33
354
-56
542
-378
42
284
-167
-156
111
315
-191
-247
5
-286
-251
68
287
-531
-460
346
830
365
-210
-138
-193
17
205
33
639
320
-251
-221
210
377
111
-70
426
583
-79
231
179
-126
-570
-150
-387
819
527
475
842
-590
-172
-563
-70
658
424
55
27
-183
525
-16
-92
592
-509
84
261
414
-127
-48
32
-121
503
-270
499
296
196
403
-535
-740
-157
-440
-177
-215
91
-221
-138
-2
386
-208
-344
-131
-152
-179
-7
148
245
-38
-22
143
-14
-79
373
234
476
-3
329
-184
381
-33
-258
-209
421
-257
-308
-518
-231
-339
684
295
-65
-99
-608
6
78
-59
319
637
24
-423
-602
-314
190
332
537
-879
139
103
-1018
-84
432
412
-409
-1045
-51
27
141
138
-365
-417
404
-93
-158
66
402
333
-239
-122
-61
41
174
208
-432
-126
-135
-41
-601
-417
551
144
-459
369
-592
82
253
238
571
-43
-245
453
215
-177
18
-9
-255
317
469
-167
-345
171
89
-145
-202
307
693
145
353
-83
193
17
503
-171
-780
-132
-427
46
-150
-9
168
722
-471
-476
-106
-145
334
-809
108
-504
28
-280
1
-797
418
-105
52
-35
201
306
31
622
-521
-233
538
-741
120
306
62
-40
593
486
198
-327
-281
-270
-26
226
63
404
-345
-74
-209
244
85
-52
-440
-17
86
193
236
816
-420
72
-61
76
382
50
-257
-340
153
-438
-460
-182
293
-177
184
-273
128
-97
253
-273
-287
386
-554
45
-396
-214
150
307
-355
-154
-205
-4
62
-785
165
234
161
-829
165
-25
-63
-673
112
-21
-378
-260
151
158
220
497
-386
0
-1119
-114
-313
424
-747
240
183
69
-273
-36
250
-70
11
45
-207
-372
-521
919
-722
63
-82
-621
52
6
-24
-430
-104
68
22
390
-12
464
-324
-117
228
772
30
-558
-483
-802
-126
341
248
63
-425
738
562
-686
144
-580
181
162
114
277
128
206
25
827
-314
-348
-18
-179
49
-251
338
-386
-1
381
820
-95
-333
-218
-633
-589
340
558
-187
117
51
-113
-239
-31
-58
212
358
188
716
-292
409
381
-101
574
233
298
-190
391
654
-116
530
-95
5
-27
47
401
617
783
155
126
-469
-334
-343
401
671
-259
52
-193
-32
-220
334
479
752
428
-524
268
425
500
36
168
-259
147
20
234
-392
920
-232
592
265
588
168
0
-63
233
-688
-377
41
-5
1343
176
34
-267
432
407
-576
240
-247
-134
146
643
-615
-317
24
-389
199
53
272
212
-267
509
16
61
208
169
-173
304
-332
334
193
112
430
649
-291
-111
287
-44
68
-337
-358
371
-666
-237
660
66
-960
338
454
-763
441
-214
-928
-119
-153
-473
181
-59
600
240
-288
834
80
-335
484
-409
-113
-519
79
533
-32
10
-357
-337
-396
228
-111
4
-205
-481
180
-174
-434
643
161
547
-487
455
207
224
-141
350
385
-327
125
-1083
180
-384
-400
-633
-56
-37
-236
-290
59
-444
-200
-590
-391
-374
-6
-239
-281
-98
-100
-365
245
-109
552
-192
229
-477
178
-413
-314
-216
100
369
259
-272
22
28
405
-34
-159
206
560
-46
-212
80
302
-124
-408
286
-39
-824
89
-53
-730
53
-361
595
31
286
-69
43
-193
172
-252
379
134
-284
-482
-123
72
1128
-1237
-445
33
233
-450
-11
456
718
592
-309
-335
-518
191
-619
-295
71
212
418
-93
-195
-160
98
-328
366
109
-72
-257
542
521
386
-285
436
-28
-323
625
-350
865
174
141
-25
-283
-482
-116
164
-84
-319
274
-92
655
267
-534
-71
-324
-243
48
-134
95
361
-292
19
905
-303
-134
617
280
-533
83
-271
29
-9
41
154
-154
500
128
-232
-877
-72
69
-477
-63
-591
-955
-78
82
170
-18
-513
-77
79
496
-262
116
-123
-2
272
-392
3
279
486
242
55
-10
-255
308
204
618
-2
-351
-64
-23
363
-359
397
58
-176
-131
925
359
-653
-232
-37
513
227
-130
-466
63
-557
502
563
-513
-117
69
-19
-61
39
235
134
427
403
305
-270
-292
-13
248
110
17
-589
112
-371
-75
476
466
215
380
97
105
-589
-362
-587
-194
-281
-94
231
-936
253
-82
-385
345
-82
-660
535
-492
67
-425
-326
-271
-393
380
-2
542
-35
-437
-175
-561
-180
-253
483
81
-174
37
-186
-343
-152
209
-594
386
-6
-148
-608
-399
-97
-328
457
-218
-62
-2
-7
433
-153
5
495
-174
-508
221
-388
414
528
-477
-920
-25
-511
-305
440
545
-249
436
341
41
330
610
-380
117
819
46
62
-299
214
365
-196
-625
280
170
305
512
1
-234
130
-179
168
380
301
10
-737
-736
-606
227
-439
95
-185
33
18
103
213
565
-353
-143
337
-10
-469
-291
-540
150
-179
195
185
-420
-531
-259
89
-224
-879
-78
-116
-539
546
834
51
-134
117
-207
717
-140
131
-124
-43
169
-378
77
160
173
-269
87
-268
-284
165
120
-233
602
-191
9
68
-71
-235
-873
-189
-19
432
19
-143
353
-261
275
-224
116
611
580
804
-208
-429
608
228
176
-175
131
413
-228
169
172
-380
-28
335
-186
-42
-588
511
-252
499
174
155
-981
-265
566
-67
152
101
-356
465
-70
100
-88
-420
771
-234
634
-274
596
23
381
330
209
-366
230
251
-303
247
-111
-39
96
138
301
-119
-246
-475
-397
671
-233
-486
54
335
-339
96
387
44
-200
387
392
-146
-239
-14
445
-69
-137
-225
317
-243
445
29
543
343
182
-383
-239
-120
107
-49
248
-295
45
-198
477
-355
84
233
31
416
-233
14
249
83
-328
173
-581
446
405
-176
312
-573
-21
349
-316
-11
-257
134
27
237
-6
297
321
163
447
39
-746
708
217
-91
-1
-145
103
375
448
465
-199
-370
-299
-615
-141
225
-465
507
-15
-265
612
666
-336
-374
223
377
14
476
72
-108
-299
-108
-175
294
-151
360
-144
-388
194
-248
-187
-657
72
74
241
-333
327
335
809
47
-52
-28
-279
-186
493
-165
0
224
446
412
320
-112
-650
193
-120
-58
160
48
-127
538
249
-9
-97
1011
134
-2
-107
354
613
221
-463
339
137
633
-58
497
-224
323
1059
-500
401
1117
-387
30
-85
273
-138
-43
523
405
-287
41
198
509
216
500
98
586
-240
267
325
-253
716
23
-210
-488
135
839
-198
-195
-94
-549
74
201
166
-117
178
387
408
546
122
142
18
88
285
265
457
-243
116
-176
-851
-186
-110
173
-18
-27
111
-707
-475
499
-510
272
-587
-197
-713
516
259
-146
-287
-112
-892
217
68
261
169
176
-245
267
-126
21
266
221
220
-218
184
-11
-278
627
26
-125
-144
10
-271
570
754
-369
349
-177
-198
-445
-49
160
-392
-386
-36
416
462
313
-491
210
-395
-419
-455
-265
153
-273
-241
261
267
-47
379
21
-207
-383
568
43
-115
172
-547
434
503
-264
246
-528
299
367
-226
-534
-400
-214
165
-234
-359
106
70
188
418
751
-9
231
-7
-226
-2
105
513
254
68
51
-534
-402
-451
355
-70
-68
258
120
299
174
435
222
-480
-500
369
-514
288
103
275
-285
-332
-176
-22
235
-131
16
-98
-266
-459
-326
555
288
122
184
266
-648
118
154
-331
-186
-310
347
-555
-376
-443
23
-89
84
564
464
52
-345
849
21
215
-401
530
-75
-112
-83
-174
-640
-285
256
217
115
385
-704
-315
47
347
-459
237
-290
1044
89
-521
-140
-109
-403
-143
-25
23
-189
-76
-299
-24
266
763
335
94
115
-165
361
-574
540
-4
340
467
-88
-376
228
-559
216
-281
-129
-40
52
-206
-263
444
181
226
-187
16
-551
337
94
-372
339
-69
624
161
-39
799
336
146
182
-138
-481
-400
-38
424
-232
498
-274
501
295
-384
210
403
-148
560
-915
122
78
-50
-537
-223
99
-675
-354
288
457
179
66
236
-152
287
296
-827
-126
127
-474
-995
-475
-1
-135
-116
11
-37
-179
238
-54
-224
-13
601
297
-344
109
582
-84
-20
74
166
-177
295
-94
813
582
-852
-327
166
-366
28
229
85
255
315
-376
-354
-126
17
-283
-205
329
85
-392
-161
-161
-463
-255
-140
648
206
280
253
503
-75
-241
-759
-418
-401
102
910
260
-217
-58
169
128
0
-273
-19
177
-158
-97
-74
256
-147
186
828
212
-239
76
294
-637
268
105
-351
-50
124
519
572
39
38
136
-94
143
-829
1082
155
-315
219
81
-204
365
449
-326
116
-246
-174
572
920
-268
306
-297
-144
-260
-9
-81
-689
-293
-469
1
-472
-539
-69
289
39
-390
-500
214
496
-33
213
87
-69
77
-200
17
-101
-268
-775
250
-834
401
-370
-209
34
347
-206
578
175
-131
-189
749
-11
-109
-554
-72
-90
-922
-150
-52
-907
-121
-117
-759
-423
25
-446
193
553
-40
-45
-138
18
375
386
-192
1135
29
350
224
368
-176
-260
315
-405
274
15
247
94
-297
291
-54
-122
385
-154
-325
-505
494
504
114
-250
21
478
-175
-381
749
-184
170
476
-226
13
-271
-231
170
82
-37
-43
290
-667
-527
414
-144
187
279
446
-24
232
103
410
-7
-439
-656
-268
-173
-434
322
15
558
58
76
-883
-284
-85
235
-125
-238
492
15
195
-1286
-356
148
32
-440
-230
-90
-146
433
-139
265
-306
-811
-149
721
72
-385
-400
85
-241
43
221
-362
143
-722
223
14
-650
-546
-170
-614
106
-401
277
-318
-3
-230
435
-20
-439
125
-156
-185
356
389
-272
-251
-9
651
-99
130
-270
-383
-106
-366
6
21
-303
-131
-81
188
-499
232
191
621
308
208
-199
245
-496
-114
-201
-472
561
636
-173
317
210
-98
241
-16
937
-34
232
-567
-131
99
-98
-319
40
-20
-87
4
195
569
119
258
128
36
233
354
-266
-82
-355
-124
-79
649
420
220
-305
92
505
346
-767
172
-194
-580
271
271
269
45
345
553
-295
-328
147
-444
-194
160
-558
-342
558
92
-635
264
-295
14
-15
410
496
-608
-457
93
-306
269
-67
-335
246
-56
-511
74
57
-423
190
-202
-42
-82
-349
762
-82
-517
383
-237
-259
188
634
61
430
229
-70
-581
316
-138
-68
-299
-150
-219
361
157
353
135
-450
-290
461
134
210
-24
170
-297
-541
527
-802
308
445
-43
-1023
439
-52
373
373
-228
612
-222
566
-152
594
-216
-180
283
-454
-262
-573
-138
-471
1020
-149
-710
30
392
536
-86
-64
-108
-382
-245
207
-247
409
126
32
-584
-178
-156
105
-432
133
333
375
-242
-235
396
72
693
408
104
-382
-539
149
121
524
-289
61
-503
-128
-431
653
-80
671
267
-103
121
-24
-104
-140
-96
-530
237
14
-115
121
308
415
-67
13
184
200
-398
-109
278
-51
560
-126
-349
217
-207
-139
417
107
-152
100
-304
-230
-809
173
-560
-158
308
-139
-504
-475
-43
356
614
-834
-152
-30
134
353
-24
159
-276
-326
-484
196
122
-388
-72
-130
-815
-2
-941
107
265
-126
-125
143
-547
357
-74
25
326
-229
481
160
-5
45
-192
480
265
47
-263
-251
-510
404
229
-67
536
-1130
-517
-193
79
-184
-862
2
353
405
-558
-358
-338
359
144
-139
-172
-213
-241
-795
-910
204
-341
154
739
-43
322
92
555
-174
-415
-111
738
-208
-242
-358
34
262
233
-54
-139
11
-22
-329
297
-63
-379
335
-439
-443
269
-825
-883
257
-117
-90
345
-768
547
196
831
-131
28
94
-446
-575
-786
-479
-118
551
371
176
272
-1008
-8
-523
34
1153
-294
328
3
168
6
174
539
444
132
756
-171
154
-189
159
227
-172
-564
-110
108
392
532
-107
-102
-342
238
243
-360
477
399
141
-23
-419
308
89
359
219
343
-359
-733
-767
-318
-258
-495
944
81
453
277
-102
-67
-64
221
-190
-581
-573
446
512
-229
-495
-483
-400
751
660
592
-4
-5
418
-90
67
-195
-159
34
505
-119
-202
1
461
-268
-404
-187
139
279
-68
116
-270
53
223
-190
-517
-441
-5
-5
-307
274
25
-548
93
161
-55
-471
147
87
-254
-595
42
630
448
-370
226
132
143
52
-210
392
-61
-133
40
25
346
51
954
-433
292
-86
15
-407
-168
-121
-391
-335
-225
204
586
338
-169
-653
244
-499
112
574
371
215
-152
-680
277
11
-429
-221
-78
223
414
69
-564
72
-493
122
-4
-176
-201
-64
413
124
963
199
186
414
-15
150
211
33
63
-404
315
16
-336
-218
-46
234
-114
648
36
-354
-61
36
-63
637
-105
-166
-242
54
-265
-733
-724
61
-51
-234
-179
-172
-381
159
7
4
569
-131
-483
23
-332
-134
387
-88
400
332
-728
824
274
464
1001
230
281
210
608
-172
83
233
-136
143
-406
-187
-633
-277
-319
65
202
948
17
448
319
-94
-21
-32
-676
166
-418
99
-202
283
46
-179
-192
-91
-392
790
-795
864
-334
26
52
147
415
-542
43
48
291
-4
-349
-708
26
-288
-238
10
-78
-161
153
221
521
535
-107
183
-74
355
327
-658
-318
57
-13
244
-33
230
55
528
-134
-349
-787
-967
468
-362
-171
-160
-174
693
69
-686
1119
497
104
323
503
-87
-98
-184
799
176
807
-382
-495
-394
-26
-156
-324
89
-393
190
-108
-239
-313
-144
-369
-313
173
-31
8
356
156
127
103
479
-213
-280
138
540
665
-294
-418
510
302
311
-148
-257
-485
158
61
328
-475
-181
-365
-150
292
-558
219
-349
189
191
602
-297
-234
-392
-70
432
-514
-193
-43
40
-331
43
896
78
162
18
415
-4
-443
-132
-531
123
74
-99
-240
354
262
250
-184
-263
144
-402
-410
-261
-258
161
494
-102
-392
-121
-148
437
91
-103
10
-554
320
-206
90
446
51
115
-213
100
247
743
-111
-444
343
401
889
155
226
-766
-490
-522
196
779
263
-67
-234
180
-460
-448
-239
-430
-397
275
90
-955
877
-714
-62
931
-517
-140
16
176
-301
-387
163
410
-61
-69
-43
-250
194
98
150
-136
337
-702
368
-43
570
-509
-12
18
-63
-334
-666
-51
-33
-170
565
110
-183
67
203
338
90
365
-144
442
-357
303
-91
207
-299
694
302
207
17
-656
276
21
-294
703
-14
-264
-354
-179
156
25
23
34
290
113
638
-126
-487
-176
-115
-133
-89
360
516
-107
-434
-348
-497
-89
198
117
31
382
505
-202
-260
185
326
227
773
268
-397
-302
-635
165
98
318
-812
404
266
329
376
426
-56
-201
300
-149
37
-476
156
-185
91
-104
-737
-208
471
163
-328
-421
51
54
410
552
-239
139
94
33
182
-368
23
-84
254
93
-331
-30
-455
-748
301
489
270
260
-65
-282
1281
-234
500
-78
-413
-250
-139
-796
149
279
-42
-199
14
432
168
-331
-22
153
216
-124
-383
14
-179
265
-189
100
-280
-82
19
80
-599
-162
482
299
-308
-771
98
-362
245
595
-346
142
278
253
609
645
-388
280
43
486
258
-313
441
272
-3
-449
-98
-573
110
588
-90
310
128
-162
618
335
357
-278
180
83
327
-51
-243
-260
-150
472
585
-478
-406
-42
275
-429
-1101
-72
-247
611
481
-459
562
-578
315
-405
553
161
-11
864
599
-66
275
397
182
-533
142
-640
-299
-616
390
-100
-335
-88
480
-179
-284
344
-166
-148
355
-167
51
558
90
92
-543
-133
185
-292
358
379
211
493
-507
208
184
-177
6
-188
-533
179
-332
-376
276
511
210
150
-242
187
762
865
141
161
73
-40
552
-644
48
156
365
-93
142
16
-368
16
-540
794
334
-861
-402
33
-108
-17
295
400
372
-133
-1093
-290
-717
-288
-46
212
-454
-287
-454
-2
-116
493
-263
-702
-725
-356
456
-168
630
-120
-85
-216
-463
560
108
197
291
112
-136
-238
15
-366
832
-459
-27
179
-111
-210
-264
553
322
-419
106
-82
721
-441
310
-676
-292
-6
-288
60
64
326
-452
290
-128
541
160
349
-3
-37
-601
21
568
-457
64
20
-382
-125
0
-321
96
-950
-625
-21
-351
581
-188
877
-14
-115
-684
437
-229
518
316
-486
-23
2
-240
224
120
-34
-75
23
-156
-565
242
-643
155
-32
162
222
98
-230
150
-36
210
-118
295
711
-503
-316
271
-557
572
606
-198
-142
-76
75
404
-8
-298
-178
-751
581
-226
332
78
-326
-320
590
-717
628
-85
205
-745
104
148
485
806
130
-382
-111
339
385
236
317
-301
-696
-454
-125
176
-680
71
90
-114
-322
-26
265
473
63
146
-189
260
-356
410
-6
155
-239
24
455
290
109
173
-49
-64
696
-371
573
-316
492
-278
-407
-193
-665
-181
-451
316
73
657
421
539
-42
334
-236
278
431
191
-40
-176
132
-85
64
54
-904
-91
-143
-162
-303
332
278
-221
-518
87
-114
96
-238
-276
-249
-232
-239
427
360
-14
-389
138
-117
350
-241
-89
661
35
506
-471
-138
373
456
25
-214
-594
-270
854
594
239
-403
-818
335
-154
42
183
-137
-122
65
301
-289
76
-278
613
-253
244
475
338
-740
-63
353
-21
95
334
149
-178
51
117
128
-598
284
-169
-189
-544
-559
467
-417
-41
-679
515
198
-432
-866
306
769
-737
54
201
386
146
-252
418
374
212
-672
-38
-187
79
413
-353
311
297
362
-798
-183
58
-379
-202
-87
283
799
-135
-135
17
85
-253
57
285
-303
-448
-581
11
123
412
98
355
478
63
-199
-12
409
-364
-1186
-131
616
-328
113
713
60
182
108
-576
-50
-658
-85
733
-323
-311
-631
61
-339
-511
797
-244
342
23
-329
280
105
82
-200
231
282
-253
378
-82
174
461
17
321
-178
395
-182
-1007
-366
-641
-360
463
-290
370
-316
-354
104
-129
53
557
-178
451
-127
162
-275
639
264
-43
583
141
-753
424
-386
490
209
236
99
-131
183
18
265
-600
37
-252
-10
-360
-787
-344
-845
-416
-623
120
-251
65
243
225
-73
606
291
-417
-186
402
-31
476
155
-300
-122
-168
502
-394
391
216
237
480
-310
-275
-131
-35
19
273
-70
-510
-291
-704
92
311
-242
355
-289
200
-239
286
398
464
-335
-318
-121
-371
252
-552
-195
306
163
261
195
-58
241
-162
-448
233
-283
217
251
398
274
-184
-286
468
192
-242
227
-109
-361
286
-394
-141
-344
130
82
-207
-151
-199
411
-296
47
-173
-232
327
-462
89
-427
489
436
39
-188
539
-223
-442
640
247
193
-543
360
45
-507
349
679
138
160
131
-483
45
692
601
-379
-438
180
737
358
822
98
533
-118
203
-335
-402
303
-20
353
81
120
425
41
410
54
177
-529
65
-292
547
41
-471
-83
-637
-935
-540
-211
-302
-48
304
-225
-239
-254
84
574
-199
582
-487
158
-312
7
325
197
-328
265
68
-502
-138
-218
-185
46
432
177
-61
-101
510
428
84
-88
283
-139
398
-594
-501
338
-118
244
-109
285
-269
225
127
107
-150
298
141
631
442
126
-55
-554
152
-8
-87
-631
304
645
392
-413
248
-48
253
314
-27
2
269
-421
245
497
-360
-692
-100
422
-366
35
-466
47
129
624
-172
-679
-576
-188
-212
-103
74
-508
1183
-223
-48
-63
-749
-42
-411
-549
-38
177
61
-449
-152
192
-428
-14
-397
-23
308
413
224
338
392
260
132
15
316
-125
-484
403
-115
-186
343
20
-213
-271
-230
395
-404
-276
-256
180
-280
467
-629
-237
423
193
241
-541
-531
-154
-55
-465
175
-229
242
368
-69
282
-650
535
138
-158
-27
-88
120
-550
67
-72
-342
-125
373
-72
177
-209
100
-14
34
-34
6
181
-138
-189
-76
88
-233
-224
295
55
396
112
-444
300
264
-103
239
-197
-126
41
62
-124
-252
169
37
-36
-544
-417
-473
-104
-151
-200
-572
-459
-87
240
-504
-7
-89
-87
176
59
-672
-76
-697
-96
178
-669
-433
556
-336
-246
-116
-183
-203
-36
122
-32
-307
-630
-470
149
167
169
165
474
-645
92
-137
11
-181
-39
-373
-188
-150
187
424
178
588
310
28
-209
-395
-189
-121
-200
210
-514
22
535
-311
406
916
477
-111
437
128
513
119
-432
-308
120
-245
-33
-323
470
514
522
-305
327
352
334
-128
-134
38
118
-258
447
-410
544
-472
-531
452
364
126
501
-324
536
213
-384
130
-24
-691
312
-252
69
537
998
113
-57
-523
-434
389
-195
-432
-147
-161
-483
-241
663
20
-107
743
503
-169
-589
-89
82
-248
244
-102
364
87
69
-130
77
-202
28
-356
-636
-280
20
423
183
-302
-85
333
206
-610
117
187
102
-325
652
222
277
-813
-497
-494
249
85
529
-95
-197
-304
226
-362
271
-399
543
-434
-80
-283
371
92
-8
-400
-2
127
128
-99
478
-53
202
429
-241
-296
-78
43
62
-53
-38
-131
-161
166
-498
-401
-356
-490
243
-380
-284
-874
474
-262
-528
38
388
-774
189
-113
292
356
-868
848
181
71
558
632
804
351
18
408
156
-179
-401
51
85
261
-239
235
13
237
-340
-205
377
394
187
183
48
14
488
-272
-433
-286
247
-543
-563
-619
301
152
-422
149
-164
-394
-373
-352
506
93
24
-310
-409
-279
-514
285
120
-39
119
439
-149
73
-521
-164
-54
-336
-100
-283
-175
-289
438
-551
74
373
54
-340
37
-674
276
52
-602
-130
299
202
97
511
324
460
633
280
-296
15
-463
-13
132
818
-380
100
95
-80
374
-298
-113
286
419
-211
-532
-414
68
-423
-178
162
226
-232
30
-601
-140
-170
440
-157
381
360
-72
-603
-835
904
340
-743
183
-54
-638
226
-222
233
177
-36
256
-63
188
-578
-160
40
785
-380
161
390
-299
182
-591
47
-268
-187
140
-189
-363
213
-365
290
500
455
-96
163
-127
-239
308
-192
-545
-747
-79
-56
-200
269
221
78
188
-309
271
418
-348
30
138
-360
285
129
67
-164
352
390
-228
-168
293
258
-72
61
-96
-304
94
345
-6
75
-163
-165
320
267
-349
741
-382
-318
15
-424
-82
-503
409
-300
-212
-75
284
482
-210
159
15
106
519
-57
-517
-105
315
-70
233
-96
385
-60
262
420
433
367
442
443
303
-398
-115
-403
-46
-406
262
-113
-336
-320
1
-383
139
-41
55
-342
285
-330
-92
-215
-7
351
-845
-475
473
151
587
-592
-29
-343
-89
200
90
236
-397
-912
56
-162
-534
-44
-677
153
-376
81
70
-217
-550
-831
419
-367
231
-223
110
-180
363
-513
785
-112
273
-308
243
-295
-404
-135
188
416
-481
428
-485
-7
-467
-290
208
-302
137
847
-217
78
-577
153
-162
-173
51
40
358
470
-66
-481
-222
-679
-37
631
443
-49
-415
310
613
319
447
147
-85
19
-190
49
-190
-568
417
128
-226
-167
102
-295
-158
-203
473
-590
-408
200
508
-20
441
44
-33
-189
-640
-392
-247
15
344
369
284
-889
101
-545
-107
280
-493
-183
634
-112
-16
-396
-132
-82
105
225
-713
597
-61
221
-308
-596
-308
130
488
429
-177
12
152
582
61
220
-653
-385
795
-357
-564
23
389
171
-248
399
-311
-451
190
-222
54
412
-98
-33
389
25
124
397
52
-164
236
31
79
131
-107
-301
47
27
693
256
-355
-40
30
-59
131
-449
215
14
-7
-303
-217
85
-17
-313
-171
236
-63
128
19
-400
658
-82
61
698
860
-127
440
61
294
25
-331
-138
-67
-568
-320
-404
436
-102
-330
-261
147
261
-453
-403
-272
-156
-416
73
-122
-291
-234
825
381
-35
-245
-738
421
78
-547
306
-577
-200
-43
107
318
376
122
-450
-124
-159
102
580
182
437
727
1017
2
199
-7
-597
-294
234
-79
257
501
473
280
-92
123
-492
243
299
173
11
530
-281
747
466
-117
-35
382
-288
335
71
-264
-509
-221
-298
293
-85
-104
624
-146
331
-39
-750
246
-47
-95
-125
-359
347
319
-218
-460
-388
139
-183
-150
367
-45
-91
459
111
291
-445
-375
-555
-465
130
88
-301
-144
528
-646
334
-460
131
-91
294
311
443
-130
300
313
-296
-203
27
-408
260
471
-540
-195
-187
66
580
158
-758
-15
-159
639
118
-794
598
-592
229
290
726
-55
-559
551
6
-218
453
-200
-136
208
495
451
170
-450
-421
-796
-348
-113
312
-391
467
589
-20
132
-518
-238
282
-76
57
860
-125
-74
-422
142
155
-245
-222
-278
-82
-207
-313
-386
-193
110
-872
-196
-185
-321
574
221
257
80
-222
-619
-538
-185
-81
