50 100 400
0 0
0 7
0 19
0 45
1 30
1 39
2 9
2 15
2 30
3 0
5 14
5 17
6 15
7 3
7 21
7 25
8 9
8 10
8 17
9 0
10 49
11 35
11 37
12 8
12 27
12 43
13 28
13 48
15 1
15 15
15 22
15 31
15 34
16 7
16 18
16 29
16 42
17 1
17 43
18 11
19 12
19 46
20 25
21 7
22 1
22 12
22 23
22 43
22 48
24 1
25 34
25 44
26 7
26 29
27 28
27 36
28 20
28 49
29 25
29 27
29 44
30 35
31 15
31 27
31 35
32 29
33 1
33 9
33 16
33 39
34 3
34 21
35 24
35 42
36 13
36 46
37 3
37 8
37 40
38 5
38 33
39 17
39 35
40 20
40 29
41 20
41 36
42 15
42 16
42 20
42 34
43 19
44 13
45 22
45 29
45 36
46 21
48 35
49 1
49 29
43
0
37
51
96
86
6
67
88
9
97
2
20
16
19
50
14
74
84
38
46
61
30
87
42
78
23
45
68
29
5
92
62
89
48
44
47
1
13
82
21
76
40
79
26
85
18
31
56
94
98
70
77
39
36
41
64
71
7
28
58
3
57
22
52
55
32
10
4
27
49
66
8
90
93
81
69
80
34
25
83
35
59
72
33
65
15
91
95
54
73
11
12
75
24
53
60
17
99
63
271
-53
-1122
-236
-336
191
452
-415
282
525
-80
-378
-54
399
-733
379
22
-485
16
614
-228
58
-348
-501
268
381
-592
-191
258
-405
852
66
29
204
-241
459
84
398
365
295
528
-463
-213
461
118
239
76
-233
-552
-674
619
320
571
-214
-130
253
-266
-449
-332
-57
427
-565
-96
519
140
-66
237
231
-60
219
108
628
143
12
-30
303
-284
188
158
68
663
772
587
198
389
82
-389
512
325
243
-533
379
-195
-300
67
-157
-569
598
61
-225
-482
-464
17
330
118
-85
545
-115
-426
-28
-315
-303
293
-93
792
-309
-744
56
-294
-1
214
-338
-220
225
775
60
391
624
420
25
-204
470
222
-553
346
-376
282
-144
-541
-365
253
-201
524
-100
234
129
-105
385
-125
386
-10
479
-29
203
243
167
530
-429
-346
405
175
-21
1063
183
410
-93
-194
395
-282
-785
286
248
56
-113
426
-311
747
-43
329
105
40
541
-333
97
-38
23
-447
155
503
-246
86
216
-99
-482
-95
408
262
317
-186
81
193
420
287
-111
106
-353
-322
110
-328
197
34
-43
-350
-280
-592
-126
-273
-17
41
-400
259
245
-661
92
42
-11
128
7
-941
-206
-432
506
977
-173
-576
-381
-902
-92
-4
-201
-947
-154
-921
-525
-206
-198
76
177
-429
-558
282
526
581
-127
617
-523
232
-115
-513
-171
-279
-664
-49
-272
-417
102
-100
246
-391
-167
-14
-160
-379
-433
68
-98
199
223
-107
-422
23
670
225
-27
-165
363
590
147
438
-122
529
-513
-185
-217
91
-374
-151
-442
-528
-592
-230
555
-450
-482
508
440
-16
409
705
-114
-755
-160
-540
-108
-53
79
912
297
-106
-92
80
918
810
427
-82
-329
-277
325
-52
484
-238
-742
-327
96
665
-17
-183
1
-216
-689
273
30
841
148
-178
-226
464
-427
46
-331
313
286
117
-460
582
-95
344
173
-397
-264
363
-81
164
467
179
-344
168
-165
-384
-107
-632
198
9
473
-755
170
200
142
5
1
295
-342
-38
-298
439
-295
643
293
-446
47
73
-292
648
-274
456
1004
235
-7
474
149
268
-265
238
-484
70
-111
-551
-666
41
-374
43
9
-146
542
53
-118
-618
-168
-227
-307
35
55
50
-296
-440
282
-13
-552
-643
-315
-466
-477
200
-112
-449
-118
16
197
527
657
-586
473
284
-426
-2
160
566
-305
8
-118
-214
-42
261
-126
-683
-2
-209
-153
719
-711
-668
131
340
43
133
-588
-507
14
418
-708
217
279
350
-237
62
-190
-148
-64
-7
189
404
161
-267
-88
84
52
-656
-144
-74
485
-340
103
144
130
55
309
-228
-136
33
348
-27
-264
372
-146
-484
438
151
170
-38
84
317
-410
-256
-77
46
-267
172
-440
-343
-253
585
231
50
477
-264
-240
-176
-276
-237
722
176
39
2
-175
40
219
478
-47
181
698
612
-424
-52
-85
-231
284
-128
518
549
-375
-103
113
1211
32
-766
780
542
-201
441
-69
560
-240
72
-49
165
354
-581
-36
-122
282
317
76
212
-14
-380
59
-386
426
-569
-13
169
210
110
592
139
53
109
-231
337
-34
13
-226
28
195
487
-159
-82
246
28
-32
448
-709
-366
120
-172
-1081
-368
-207
-251
618
-518
-412
90
-396
-201
-672
462
-353
263
-567
419
19
77
-53
931
-114
-502
-641
1114
92
220
669
-47
535
-760
16
-761
-164
2
-164
393
1236
-232
-923
-168
407
-112
-374
393
183
-1
-364
-407
-261
170
712
361
-39
772
378
-349
-36
384
-418
-544
-102
140
-5
294
-346
62
-244
338
-236
787
177
-193
-194
114
304
608
-104
35
-248
309
29
481
-685
585
305
1145
69
344
569
395
-480
-803
170
208
-206
657
106
137
726
8
-133
444
458
-283
328
-325
-350
280
-213
1
-172
-36
-661
52
-273
649
-341
315
36
585
-188
409
83
416
779
306
34
-570
495
-305
-26
61
509
-51
-209
119
794
-41
-302
-908
-329
458
-67
-1195
857
474
250
8
389
-1119
143
-620
374
-15
-147
-430
-8
-109
28
10
331
339
553
454
111
-867
115
44
283
-501
-884
-70
117
-610
-14
896
-232
216
-425
289
69
-625
-265
158
-216
83
102
82
-437
462
259
164
289
-786
199
-111
-3
-646
361
76
-405
856
651
594
256
-319
331
-115
-461
304
411
-239
281
94
-457
-57
-463
18
164
488
514
55
-131
103
-409
437
-279
-324
-339
-10
181
-323
239
477
-387
-301
99
-17
611
-327
21
-245
732
489
-202
132
-89
591
-163
68
-221
-190
-190
-48
-12
-311
559
271
-592
261
898
36
-529
-210
-1105
336
-110
56
-21
907
-422
152
137
151
-60
-92
134
-429
-176
-478
-276
362
-610
-571
-50
241
159
457
-22
172
40
-47
239
-585
326
264
-265
103
-258
-66
-184
-660
-274
-232
799
95
-128
315
300
574
-62
-327
230
-343
734
537
248
114
324
819
244
418
-340
-292
879
-496
678
5
-396
-365
-584
-125
31
240
528
-413
-509
344
-90
-197
-14
-542
411
-194
-706
-60
-40
-84
-334
-37
-474
147
491
-103
-206
-207
-213
228
148
-18
912
-249
-74
-277
-128
234
178
922
-349
412
64
-7
14
347
-780
-184
-292
834
-700
-472
240
680
-96
13
150
120
-19
-253
287
139
-524
282
-652
576
278
237
42
-44
-595
639
833
114
-498
-85
892
250
-463
238
82
-237
369
872
366
-473
342
173
-63
-82
119
-276
220
-78
0
79
-378
329
96
-2
-153
-379
-207
-699
-769
-617
-510
-2
502
811
-580
648
325
-111
-433
-219
374
-23
-339
-338
535
-461
112
-398
318
-363
-38
180
30
434
1054
1118
184
499
72
319
81
473
-199
115
396
534
-256
329
-253
3
144
-398
-854
682
651
-473
369
117
-810
-197
96
-853
-772
498
422
17
-341
-323
-300
-190
-216
-625
-69
544
1007
57
470
-476
-403
-420
-497
393
852
-136
215
-1147
629
-878
-144
601
-149
-211
-250
-503
312
-207
-63
-239
416
-410
171
231
-381
669
-153
95
86
-434
163
794
53
-387
868
-69
-334
-792
522
225
86
-225
-40
397
-83
316
-428
4
-486
-208
180
-828
48
-377
-75
-238
400
841
350
359
578
-232
365
131
-327
70
-275
32
315
-145
-107
-88
-22
-3
99
-65
23
-431
-382
279
478
-161
-432
12
-379
388
-111
-493
123
-16
-390
147
121
-159
-130
319
-498
-684
-82
700
24
-330
-339
91
146
-631
-488
24
428
-231
-352
-110
-833
-312
330
672
-349
-190
-211
261
1033
-414
7
-394
-559
-714
-98
334
203
98
210
-646
326
471
398
346
332
0
-335
281
-529
224
121
99
-245
446
246
-190
-719
-423
869
-107
438
99
-133
-326
344
139
292
45
-275
689
582
-288
-683
-405
-166
281
-470
1005
120
-155
7
372
-230
65
-226
606
-203
-40
-650
-368
51
540
392
628
395
-362
744
-360
91
-326
-183
344
461
26
36
-177
-446
233
457
353
128
213
153
784
21
-1035
316
-468
-328
159
42
-112
103
-326
307
976
79
318
35
-800
-358
-552
-316
64
69
-243
-172
-144
-66
33
-605
262
-284
271
9
191
31
-831
24
-652
169
138
272
-266
-207
231
-127
587
-553
-93
-394
224
-330
959
520
-147
191
876
-445
-87
304
1027
-94
94
58
-382
7
855
-106
152
460
431
-293
-219
-352
-969
-311
-136
184
-19
21
-130
-209
-212
-400
638
351
-463
-14
-29
859
-13
714
-1190
-152
-482
69
-828
273
-797
115
448
-184
-539
51
-252
-667
463
-61
254
873
-208
33
-888
475
-677
288
739
3
-142
214
502
292
1082
-897
-490
-94
-90
93
-89
32
-577
121
-131
-919
294
-134
-145
35
-66
185
314
103
-799
6
-104
-78
-821
172
149
-568
298
-130
-602
-15
-332
-622
-95
237
859
197
-102
-81
-225
-482
-567
-433
63
-587
5
-387
-315
161
699
463
119
-103
363
-764
405
407
356
310
-203
137
-656
-456
277
173
178
-940
180
114
-445
-204
-1058
-308
341
-325
-85
-126
299
-481
249
-113
-548
97
-394
-85
-103
192
276
-252
-218
-336
-104
436
260
356
403
280
-590
255
-326
-442
-79
36
948
627
336
116
54
-639
183
-427
270
325
621
430
171
-846
78
498
543
369
-634
-19
93
-434
-1077
-21
-526
-328
863
-143
-285
84
320
-77
-89
-332
60
435
-769
-191
-579
104
-487
34
578
33
-167
-25
353
44
13
-353
-588
-226
20
172
556
225
148
355
-474
381
-334
-485
-41
381
-484
-21
50
176
109
-564
219
-13
367
-125
-65
-238
-482
302
242
327
-739
655
258
-103
852
295
-171
75
290
-247
-542
727
52
-401
239
-157
256
21
-128
44
-78
185
-122
271
-1181
415
-194
125
162
203
433
131
416
1022
51
-124
-236
-11
-347
-631
186
-153
252
197
-43
-360
155
70
-622
-301
90
718
-442
9
-83
807
140
-96
-666
70
1099
496
-139
315
-38
172
117
-183
-271
-821
-295
-174
113
-73
-80
-101
227
705
215
75
190
264
579
-186
-155
245
-232
-336
-584
-44
-1090
387
-499
154
-121
-60
-1122
-121
-372
-1108
196
338
-465
554
252
452
-511
-422
-297
-266
98
-15
527
-85
-388
183
367
676
-547
-433
9
722
-1018
428
-730
-401
237
-63
295
-513
260
308
-111
-247
-991
111
-211
-295
17
-252
-501
977
-321
7
-58
105
193
-50
-43
-228
-160
209
80
201
238
-562
770
-788
-347
-165
14
-152
314
-6
31
-748
430
198
346
-276
-136
629
-35
591
757
-357
91
-309
334
1086
395
112
4
67
423
410
-169
-321
-402
-387
-897
-577
-556
-394
194
-474
-470
-127
-247
-652
244
99
-1133
75
-464
-21
-600
-432
519
-268
419
383
443
-287
34
-402
241
-93
544
-111
-755
17
-188
-211
748
-320
-659
-321
-670
-328
-226
-599
-439
-581
-280
50
-143
-66
-269
225
-277
-49
676
-229
418
-124
192
54
24
-15
449
-301
-214
36
-166
-259
-269
-325
-48
236
-392
-67
-109
290
777
-283
587
217
561
-583
-191
237
-265
-507
-194
479
-586
-146
-336
285
83
-377
202
496
428
581
-749
343
573
-138
450
300
222
-72
-953
100
-533
835
330
-269
759
110
239
-669
105
147
-132
-600
302
-281
273
615
193
-604
63
701
-160
-95
-266
446
563
-659
-628
344
-188
263
74
285
2
-402
-226
-759
262
-427
-232
-339
-474
587
32
-639
-57
-361
-177
98
-78
-298
110
-456
170
-483
-429
96
23
-267
-95
249
-179
-895
41
-13
419
15
-199
253
-343
-163
303
876
-247
-57
-872
-358
-236
14
-131
-1019
-250
120
283
73
-222
-1523
-97
-65
-521
-700
-274
123
-65
-212
1114
333
909
201
-113
92
193
328
-539
-169
-486
-404
-57
-191
-408
81
-609
-334
199
160
-280
286
-327
-482
747
-711
-100
80
-397
435
-119
509
-362
-516
323
41
-250
-358
436
-193
148
106
-105
167
-399
288
9
-299
319
-359
192
-212
198
112
132
-315
794
-513
459
-75
404
384
358
-464
23
-82
238
-637
75
243
837
225
-116
-355
-303
323
-413
369
-332
524
596
8
-794
-152
617
74
-667
519
-92
328
690
138
521
-3
-217
-418
-126
26
-395
-114
-47
202
176
-252
34
-298
674
286
86
516
-2
295
203
-271
-152
-242
-34
-271
585
-128
286
-361
-157
-467
69
-385
-151
-200
273
-402
-283
-276
1057
13
-281
-600
-343
-673
-448
292
-25
-367
-115
166
-611
-522
-221
162
-273
-425
144
18
652
341
-298
184
-220
623
-198
566
-393
120
-870
379
-734
63
381
304
-407
-716
327
-598
-92
291
-105
-929
-252
353
533
-117
328
-465
95
-209
88
-160
170
273
-784
51
-247
284
-273
94
457
230
-103
643
286
780
-458
-410
120
486
267
292
226
714
144
-377
43
177
-399
-46
-316
-670
237
417
354
498
21
237
78
182
-460
486
-190
-110
336
93
134
380
-103
593
-264
-197
191
225
-536
849
406
61
312
119
37
524
95
-304
-424
-473
-643
178
-287
-137
184
-297
-146
905
-582
786
310
-478
138
-318
-646
-2
-165
-205
-459
-700
99
-689
-201
222
-294
-50
432
-225
413
-24
46
68
-139
152
-20
-164
426
8
518
205
205
437
105
249
-448
257
637
-361
-155
-138
194
-362
61
-399
493
-375
952
-223
303
294
71
174
346
114
-83
199
-108
93
-113
-279
-165
58
-360
86
304
-543
110
573
514
-113
-693
-17
536
-744
-258
979
-120
-266
-842
471
-56
-323
-121
-728
283
132
-92
305
72
154
114
707
651
275
-766
331
54
5
-428
789
-38
96
201
73
450
599
-760
-207
322
-66
425
-14
42
-284
477
-752
417
353
258
-425
-311
5
9
579
932
626
-218
-336
-95
228
-291
-485
-132
-157
-3
142
-261
671
101
-516
-217
7
460
-490
255
-144
445
422
-86
169
208
201
975
549
-1013
122
-512
-317
-34
-110
-502
330
-81
-354
754
-254
-369
320
-310
402
230
159
441
-118
-747
-177
-321
426
-369
-282
-127
-51
107
174
-324
-208
-333
-204
-42
276
-227
146
353
363
74
-555
105
512
44
99
-116
-352
405
9
1023
-179
-150
28
153
395
-173
-146
-151
-168
-426
-771
276
-212
-212
-185
-129
-384
327
131
327
502
-172
-888
564
181
533
-355
-700
161
176
586
-246
846
223
73
53
-145
508
-139
210
-42
-169
182
911
169
81
288
-564
491
170
-162
101
81
144
-728
-721
-307
-1074
-291
326
-503
-98
-98
689
378
669
-311
266
-609
294
561
423
-219
-454
318
-452
145
419
-381
-158
-82
214
-553
-217
148
-38
240
-630
313
-56
153
-206
512
90
-43
215
94
14
-256
431
415
-307
198
356
-276
590
255
142
27
-82
-297
-239
625
-719
1670
272
-29
-108
383
315
-103
50
343
-511
-42
-607
-380
762
312
-20
83
212
20
458
-397
146
465
96
223
390
-116
30
352
-344
78
522
-365
-127
348
-79
139
-342
-525
194
437
-83
-71
-43
-546
571
-539
266
-77
158
135
-223
-117
-70
516
-240
396
459
-405
73
113
246
-143
540
84
35
-295
27
335
432
-403
-23
967
-207
1
-152
-417
1
826
409
-485
222
591
10
-341
51
197
-311
346
203
103
467
-241
333
676
-330
-35
-781
26
-2
343
172
-2
-421
308
-165
-219
-260
-829
-1
1231
267
510
-590
-549
311
-278
198
406
-302
-403
-14
-255
68
413
-544
-176
443
351
-39
420
348
534
-415
209
63
547
-347
259
35
-203
26
776
169
171
-68
223
-681
-320
535
18
477
243
-505
-192
612
729
282
163
24
746
287
-327
-352
-164
117
790
165
-44
495
947
368
250
47
-248
-159
-101
-466
-79
322
-376
-227
-330
113
-270
-681
-578
23
-114
-91
-224
182
20
270
237
21
-21
264
-298
-287
479
-172
-625
255
-294
33
187
-201
-150
145
221
-335
-187
399
57
-503
368
146
-108
247
-251
-272
0
427
287
-247
365
57
-767
143
-598
84
-27
-146
202
-750
394
17
245
-47
202
-104
795
-123
-126
248
-179
1
-655
220
-197
-842
32
-206
-662
132
305
-103
89
80
-72
-222
609
-681
-429
-952
456
230
-208
211
24
43
258
-496
-157
-351
451
141
99
-64
109
-323
-258
137
-668
312
409
410
-211
-264
131
-608
117
-200
103
-67
-560
-168
154
-92
-324
-472
-132
-426
24
455
-354
-46
169
-16
58
-518
257
-53
-441
127
349
189
-655
-223
-308
1045
-408
13
101
240
332
220
1033
-281
-447
591
-708
-77
-510
94
-318
-229
-873
-255
-624
-33
485
-501
569
-72
-228
-24
103
-430
76
526
70
364
378
338
239
307
-731
-56
-116
215
187
357
-34
-410
-367
-1392
93
8
-501
394
-286
524
-107
126
45
-175
335
-52
255
281
396
414
345
47
76
-741
52
-589
265
-154
-626
738
-362
-270
695
-152
-281
68
162
293
234
83
-88
526
54
-174
52
692
260
126
-125
-203
-497
-8
637
-21
643
16
-711
142
-179
35
125
-349
-235
-742
530
-29
188
134
-689
29
-261
283
424
177
-163
191
-338
-261
-51
-551
-90
219
-164
69
782
-813
456
-144
154
272
-297
230
-562
559
-468
151
177
195
220
-154
-84
-291
-99
675
297
421
166
-940
-327
186
787
-148
509
189
-355
-798
-597
479
381
-663
129
132
-134
-554
-166
232
530
-126
88
108
-128
-2
54
-144
-267
218
-462
-113
-185
806
55
-172
-178
217
-188
61
-219
352
-626
-85
74
-20
-1115
296
95
308
-27
98
-105
54
16
87
58
1079
-688
-294
-42
7
175
343
293
22
-327
294
134
90
641
-205
-264
334
446
-392
146
-110
-318
-328
-92
466
577
-324
-130
250
-785
-53
824
532
262
-269
-315
-358
-495
-617
399
655
-309
-112
-415
-272
-200
492
334
-383
-283
-243
478
-765
158
-39
-329
-180
312
628
-430
-558
566
-903
-364
-474
-32
630
123
-1101
-95
-209
-243
-235
228
-103
637
247
-314
4
444
-356
-69
-6
-263
176
528
-250
-6
-604
116
51
-577
185
-215
634
-764
285
-229
-768
19
-164
155
-82
-123
-318
158
-503
401
53
-115
-381
-434
207
27
-137
549
450
-127
-8
-256
-647
625
-37
73
34
-306
97
-730
-144
144
-78
122
-549
769
53
-28
-234
-200
-442
-185
409
389
318
-481
808
229
127
-62
511
70
-249
-87
-358
-654
13
177
-103
445
-236
-803
-356
-983
865
3
492
280
512
-287
271
-267
-669
-122
-383
-188
178
7
305
246
1038
-131
806
-108
-163
-141
49
-876
41
208
214
-1
-135
578
-292
-33
-207
-599
2
-362
-28
515
-154
89
-75
48
-27
349
-314
-342
-627
-138
-531
-361
281
143
668
766
343
-407
453
182
161
372
-98
369
134
47
637
-23
126
240
-747
550
-380
25
-156
-65
-318
217
744
-257
-501
-495
-553
-32
-146
421
-172
-516
179
-63
-561
533
571
-111
94
-189
-22
-609
-164
-55
51
405
60
396
-134
-190
5
540
156
866
185
482
-1
-410
-275
633
-202
-227
-344
566
-440
0
988
-111
193
332
654
-1477
1055
-119
67
-3
129
-346
-488
-119
62
-429
353
654
-702
-543
770
414
668
556
558
380
646
-543
150
338
618
-92
1178
57
-163
969
783
541
181
-641
279
487
217
-73
-880
-431
-551
-408
-591
-229
859
81
-494
585
-576
339
-190
743
1253
-709
303
97
-41
81
695
165
554
302
-166
-364
556
1324
418
519
-109
444
-103
435
34
12
-24
382
-75
-11
-2
-25
597
535
-115
-332
-364
216
-240
-914
-28
-157
-59
289
82
-530
-229
-554
416
-499
81
272
-24
347
-355
134
71
373
-7
-324
-420
501
-20
-69
-133
866
164
-528
162
763
-412
93
-146
97
366
382
108
305
12
817
-321
-55
724
584
-476
-198
594
132
58
447
679
19
241
134
675
222
355
-474
-608
278
52
-106
-450
-175
159
283
-31
252
359
369
-341
484
274
-962
134
196
-375
-138
88
66
-61
-515
-89
763
-535
-235
46
155
-273
-64
67
-120
582
-472
145
152
-156
460
-694
-42
189
-1001
52
-318
110
734
-192
636
57
-589
154
-442
-403
300
313
591
322
-324
214
1031
388
-83
213
228
1012
176
400
385
25
93
401
501
68
-50
320
457
333
253
163
-154
-46
-310
415
-104
-455
458
506
-549
-20
-422
-403
651
-517
283
425
501
56
168
-314
263
424
-4
53
429
-427
299
-216
16
-162
199
-3
-142
97
207
-360
-92
-174
579
-373
760
334
594
-416
-318
427
531
-862
549
-15
-282
-541
-81
614
89
-43
-847
-714
183
-91
318
-107
-439
410
-396
-452
-542
633
-3
-206
148
-181
-254
-220
-289
-205
42
-895
471
315
-476
-882
-9
254
-319
-190
-208
-162
189
-262
422
180
-78
-497
807
-574
-132
220
-23
-347
-3
-450
-201
-434
-286
122
-365
-745
533
127
-472
15
186
680
-225
-226
387
-82
-318
46
-992
990
-322
-611
300
401
501
-438
-168
-296
-309
-63
283
-443
518
445
-120
-63
-137
57
-61
-92
138
354
-375
-184
115
521
564
-101
-408
-711
126
-273
485
578
-295
-200
-530
244
131
47
-299
317
93
-83
-286
-210
63
157
-92
-433
-864
-57
-94
605
-521
113
117
521
85
-277
-255
469
-994
271
-152
-198
356
54
-339
-84
-361
-151
233
-226
155
-119
726
-218
1043
-384
368
-284
-40
-568
97
-218
-50
-182
-465
-29
-583
-36
125
279
-97
209
-420
1076
-146
-208
-280
197
-331
631
16
455
-66
704
-488
196
-106
-261
584
661
49
420
44
-96
291
-9
152
-45
602
110
-396
-554
1055
80
526
-124
445
-757
496
82
114
-537
-386
214
210
-625
-74
-383
304
-335
129
349
-298
36
6
-101
-197
-669
473
-136
-343
-127
-1257
134
-318
-418
749
-12
-562
-240
1052
-272
-338
-812
34
-462
171
446
301
-37
430
557
-67
301
291
552
333
937
-208
180
-345
-157
522
219
-87
113
-56
67
454
100
-84
37
91
-194
415
-305
-393
366
148
114
-671
487
488
59
526
-600
-275
-285
535
-716
221
-120
-419
175
-587
820
-170
-98
320
579
171
675
-150
-335
253
1138
-191
-472
-722
-614
-283
-326
201
-1145
132
325
215
568
145
34
273
373
-96
-33
-143
22
59
153
237
-59
-705
207
154
1130
84
-104
-408
-592
536
56
51
41
245
58
4
-493
987
69
-514
88
-254
-489
359
334
-1495
-457
126
459
563
261
-468
207
331
-75
144
137
21
76
-338
-416
-574
128
-170
814
-292
288
568
-418
525
-324
48
-640
576
-783
236
-413
494
-462
699
-112
-498
274
173
111
375
-499
379
-141
-155
-209
-17
-444
-658
-714
-280
-269
-247
-532
300
583
354
15
434
229
-191
-333
-239
357
-407
816
-9
177
-210
-157
57
-107
-283
-204
527
-540
-501
-153
-441
294
385
628
-617
96
-21
100
277
573
-223
14
826
194
-46
-379
120
-336
56
-92
35
552
256
220
-83
-25
250
-105
276
319
-328
8
186
474
-581
-150
-4
-241
89
184
-522
342
131
357
-149
204
-159
65
-264
-69
663
50
-246
-880
-218
-158
-1085
220
648
-473
208
-325
95
-490
246
15
181
-373
-438
21
549
-119
-41
1134
91
-520
-184
-299
-41
-353
27
127
299
-275
181
33
-358
-389
499
355
592
699
232
-149
-52
-218
399
105
273
-550
-138
-362
-733
-81
-459
-146
44
116
373
-508
-494
366
563
239
-136
195
-196
-167
-38
48
-935
661
48
-83
-461
-166
-482
34
-571
163
8
-807
-296
190
158
-80
116
953
-392
-762
-218
277
273
-426
-174
-517
-475
9
-935
666
-589
188
-781
-203
114
254
-422
-641
-272
-126
322
-94
981
271
-314
-108
109
363
-534
-248
-834
14
-1205
518
366
-181
-474
129
-821
236
567
837
67
-342
-193
-485
-357
-188
-308
209
149
333
389
-253
44
-149
639
1059
-344
534
-380
-636
-502
276
893
-203
-72
482
933
-97
-333
-483
-218
-268
-221
316
95
-937
77
505
-50
-306
-402
468
-875
17
536
-475
335
-831
184
131
529
74
549
419
118
894
679
376
280
162
-606
-386
129
-872
346
34
144
293
91
-358
387
362
-678
142
100
-19
-108
-8
-249
-63
-49
318
224
718
253
-5
-410
341
611
-264
-210
-45
674
-5
143
38
291
-432
-395
87
438
997
-679
254
-45
59
168
-216
-288
-16
-92
163
205
-379
466
-165
477
153
-268
97
473
-190
108
-346
-381
-148
567
781
269
-61
-164
-804
-23
-453
377
-414
-55
352
834
324
537
552
-40
-485
-356
218
-710
116
-241
-278
-484
-583
560
-133
-780
-337
-237
-323
-463
57
-177
653
-5
222
-899
-399
-503
37
61
-380
-26
-283
39
-315
617
-213
-718
-468
217
-538
-716
-296
20
565
127
-307
601
590
-869
-67
313
130
476
-430
-226
-120
570
-515
-7
-72
-215
-69
-358
245
-21
-127
145
-461
520
-39
-212
297
-251
175
-876
-465
-74
-302
-28
-346
39
242
208
466
-149
-553
193
77
-154
28
108
406
65
175
352
555
44
-34
-174
-709
139
-148
733
77
-592
-85
859
21
-527
-182
128
433
48
68
764
-426
493
209
478
-45
-487
-135
14
-203
481
170
-450
122
535
-54
-527
-331
311
-447
-107
229
380
26
3
-296
94
658
-216
-953
20
846
234
0
-65
16
-36
128
-119
-539
68
-558
-607
-381
13
625
260
-133
-429
-123
209
144
-260
117
5
-132
656
129
196
451
164
516
-99
286
117
174
-463
221
714
357
-337
-317
22
127
-21
472
-182
301
-26
-41
-82
-151
-387
394
66
144
-179
-201
3
455
107
656
230
91
212
523
301
-313
487
-25
407
-568
588
-305
114
746
526
13
-456
-718
-84
-45
-46
-3
449
209
-23
-539
-496
1118
-284
241
-709
-422
400
155
-272
-41
432
187
-110
372
151
-482
-105
-621
-305
-428
461
313
-258
-409
-243
65
82
-413
-394
119
429
-51
634
-200
800
-182
-253
-636
-168
-294
-535
-37
-154
176
-647
55
225
-153
-132
-570
1002
-783
-62
166
-628
-248
-194
596
-311
-559
448
-444
-191
-304
504
-836
52
384
-728
-444
-663
486
-188
-21
-7
127
-300
461
466
33
-242
-448
-489
-98
532
202
266
37
660
428
400
242
10
-3
-26
-87
600
350
588
-231
147
241
-39
-663
174
119
366
735
464
-294
-269
261
84
-609
-268
472
685
342
9
395
426
330
-406
147
759
-231
-371
-85
-413
558
-607
323
-459
-389
-50
-168
-88
-240
-162
-675
-147
-602
217
-290
29
288
39
22
294
662
-1125
-624
639
-38
-536
459
-145
-224
-81
582
66
1077
473
-463
-304
-198
-701
3
599
-85
44
-73
-382
192
-360
-812
254
-42
-110
-1005
-97
240
-146
-118
-439
-491
-453
-261
2
-11
-373
183
228
425
314
-540
238
516
-371
596
-694
626
-343
78
566
3
-397
-89
-32
-545
239
436
-91
822
-283
-20
130
-65
57
65
-248
113
124
-26
-75
329
544
1
-248
-423
-501
110
-105
-268
632
-518
-14
-309
599
-586
423
156
216
-400
85
835
-290
-111
-213
77
22
-339
386
142
47
-193
201
-539
-156
-237
548
244
-199
329
429
509
-842
-472
-129
-950
-30
-15
443
229
-517
822
421
1181
-782
729
543
840
-75
-738
292
404
241
-204
362
-896
286
-56
290
909
-280
-138
-235
-217
419
-345
-181
-983
-498
-34
188
-53
-41
168
160
-210
-414
-643
-276
397
-253
85
-817
316
-316
-141
-270
-214
385
225
237
-474
-180
-352
-375
428
944
-35
191
-315
57
641
148
-65
-1063
2
-95
-30
282
-599
-421
133
611
519
294
-1365
-163
-477
198
-227
-184
-183
456
182
-232
762
363
-98
263
472
-11
-141
409
-36
-49
386
-399
306
-187
-670
78
-245
244
-116
137
577
-701
-185
162
413
-147
-213
329
-188
-224
31
-896
-118
1124
120
320
79
381
-34
72
-21
356
-312
884
192
301
-270
172
417
49
-11
61
463
141
-42
1092
-133
177
155
245
425
-51
56
56
-39
-256
363
-585
827
-152
-238
-586
482
176
100
848
-47
-306
454
-501
312
539
597
-496
311
-106
1278
304
154
-353
347
-56
-3
-402
-438
269
406
26
-45
122
248
178
-401
-269
-335
-205
406
-406
72
376
169
-428
101
133
358
545
-342
-63
332
242
-205
252
518
476
212
314
753
291
608
398
601
489
22
-137
-729
668
-602
115
-86
-52
-140
686
390
230
-15
32
108
351
-458
-248
295
86
-380
-76
-176
-162
150
536
592
-1
-264
329
452
-266
-234
149
-363
41
65
658
-91
-180
-461
377
377
-259
335
-452
-100
-126
-283
-80
371
-592
487
133
356
246
883
-200
123
250
-217
-446
-752
-101
695
531
220
-777
299
-3
-394
-237
172
-345
41
307
-145
113
-555
-140
69
56
-143
684
18
-271
176
-268
385
-95
-578
19
464
162
169
135
317
99
518
-226
-93
212
-113
-833
-780
441
-721
-603
288
-258
163
-167
935
-462
-291
-126
13
-381
21
624
396
-570
141
561
664
304
-484
872
15
255
273
-323
-259
-217
-214
-428
-370
-86
903
117
-442
-93
-74
-292
-79
-377
50
11
521
-430
74
-50
42
-237
3
737
-376
-508
1306
-563
-332
811
-160
433
-67
269
180
-190
-72
-726
-142
-13
197
-577
377
-136
381
80
295
-340
445
104
-107
-366
473
297
244
-527
728
97
-945
-130
-461
-407
310
545
-248
-48
-59
499
161
830
-475
110
-153
317
-209
262
521
449
-361
24
-7
265
351
-377
-403
262
538
-290
120
-773
-128
-168
232
-175
-310
-153
141
-491
-224
376
-49
196
-257
25
164
33
-20
-605
199
-125
-353
-294
392
-316
-306
345
536
-150
-564
478
-349
-57
-116
500
146
521
426
168
109
-140
-244
13
-117
63
309
-267
-285
-389
368
423
123
276
-121
201
-450
271
-293
-241
89
-406
36
392
-62
601
-419
46
315
-185
-173
123
349
-212
-274
6
-317
-278
75
317
-588
-510
383
920
404
-233
-153
-214
18
227
37
708
354
-278
-245
232
417
123
-77
472
646
-87
256
198
-139
-631
-166
-428
907
584
527
933
-654
-191
-624
-77
729
470
60
30
-203
582
-18
-101
656
-564
93
290
459
-140
-53
35
-134
558
-299
553
328
217
447
-593
-820
-174
-487
-196
-238
101
-245
-153
-3
428
-230
-382
-145
-168
-199
-8
164
271
-42
-25
158
-15
-87
413
259
528
-3
365
-204
422
-37
-285
-231
467
-285
-341
-574
-256
-376
758
327
-72
-109
-673
7
86
-66
354
706
27
-469
-668
-348
210
368
595
-974
154
115
-1128
-94
478
456
-454
-1158
-57
30
156
153
-404
-462
448
-103
-175
74
446
369
-265
-135
-68
45
193
231
-479
-139
-149
-46
-665
-462
611
160
-508
408
-656
91
280
264
632
-48
-271
502
239
-196
20
-10
-283
351
520
-185
-382
189
99
-160
-223
341
768
161
391
-92
214
19
557
-189
-864
-146
-473
51
-166
-10
186
800
-521
-528
-118
-161
370
-896
119
-559
32
-310
1
-883
463
-117
57
-38
223
339
34
689
-577
-258
596
-821
133
339
68
-45
657
539
219
-362
-312
-299
-29
250
69
448
-383
-82
-232
270
94
-58
-487
-18
95
214
261
905
-466
80
-68
85
424
55
-284
-376
170
-486
-509
-201
324
-196
204
-303
142
-107
281
-302
-318
428
-613
50
-439
-237
166
340
-394
-171
-227
-4
69
-869
183
259
178
-918
183
-27
-70
-745
124
-24
-419
-289
167
175
244
551
-428
0
-1240
-127
-347
470
-828
266
203
77
-302
-40
277
-78
12
50
-229
-412
-577
1018
-800
70
-91
-689
58
7
-26
-477
-115
75
25
433
-13
514
-359
-129
253
856
33
-618
-535
-889
-139
377
275
70
-471
818
623
-760
160
-643
201
179
127
307
142
229
28
916
-347
-386
-20
-198
54
-279
374
-427
-1
423
908
-105
-369
-241
-702
-652
376
619
-207
130
57
-125
-265
-35
-64
235
397
208
793
-324
454
422
-112
637
259
330
-211
434
725
-129
587
-106
6
-30
52
444
683
867
171
140
-519
-371
-380
444
743
-287
58
-214
-36
-244
370
531
833
474
-580
297
471
554
40
186
-286
162
22
259
-434
1019
-257
656
293
651
186
0
-70
258
-763
-418
46
-5
1488
195
37
-296
479
451
-639
266
-274
-148
162
713
-681
-351
27
-431
220
59
302
235
-296
564
18
68
231
187
-191
337
-368
370
214
125
476
719
-322
-122
318
-49
76
-373
-397
411
-738
-263
731
73
-1064
375
503
-845
488
-237
-1028
-131
-169
-524
200
-66
664
265
-319
924
88
-371
536
-453
-125
-576
87
591
-35
11
-395
-373
-439
252
-123
4
-227
-533
200
-193
-481
713
179
606
-539
504
230
248
-157
388
427
-363
138
-1200
200
-426
-443
-702
-62
-40
-261
-322
66
-493
-222
-654
-434
-415
-6
-265
-311
-108
-111
-404
272
-121
612
-213
254
-529
197
-458
-348
-239
111
409
287
-302
25
32
449
-37
-177
228
620
-51
-235
89
334
-137
-452
316
-43
-913
98
-59
-809
59
-401
659
35
317
-76
47
-214
190
-279
419
149
-314
-534
-136
80
1250
-1371
-493
36
259
-498
-12
505
795
656
-342
-371
-574
211
-686
-327
79
235
463
-103
-216
-177
108
-364
405
121
-80
-284
600
578
427
-316
483
-31
-357
692
-388
958
193
156
-28
-314
-534
-129
182
-93
-353
303
-101
725
295
-592
-78
-358
-269
53
-149
105
400
-324
21
1003
-336
-149
684
310
-591
92
-300
33
-10
46
170
-171
554
142
-257
-971
-80
77
-529
-70
-655
-1058
-86
91
188
-20
-569
-85
87
549
-291
128
-137
-2
302
-434
3
309
539
268
61
-12
-283
341
226
685
-3
-388
-71
-25
403
-398
440
64
-195
-145
1025
397
-723
-257
-41
569
251
-144
-516
70
-617
557
624
-568
-130
76
-21
-68
44
260
149
473
446
338
-299
-324
-14
275
122
19
-652
124
-411
-83
528
516
238
421
107
116
-653
-401
-650
-215
-311
-104
256
-1037
280
-91
-426
383
-90
-732
593
-545
74
-471
-362
-300
-435
421
-2
600
-39
-484
-194
-621
-200
-280
536
89
-193
41
-206
-380
-168
232
-658
428
-7
-165
-674
-442
-107
-363
506
-242
-69
-2
-8
480
-169
6
549
-192
-563
244
-430
458
585
-529
-1020
-28
-567
-338
488
604
-276
483
378
45
366
675
-421
130
908
51
69
-332
238
405
-218
-692
310
189
338
568
1
-259
144
-198
187
421
334
11
-816
-816
-671
251
-487
106
-205
37
20
114
236
626
-391
-159
373
-11
-519
-322
-598
166
-199
216
205
-465
-588
-287
99
-249
-974
-87
-129
-597
605
924
57
-149
130
-230
795
-155
145
-138
-47
187
-419
85
177
192
-298
96
-297
-315
182
133
-258
667
-211
10
75
-78
-260
-967
-209
-21
479
21
-158
391
-290
304
-248
129
677
643
891
-231
-475
673
253
195
-194
145
458
-252
187
191
-421
-31
371
-207
-46
-651
566
-279
552
192
171
-1086
-294
627
-75
169
111
-394
515
-78
111
-97
-465
854
-259
703
-304
661
26
422
366
231
-406
254
278
-336
273
-123
-43
107
153
333
-131
-272
-526
-440
743
-258
-539
60
371
-376
106
428
49
-222
429
434
-162
-265
-15
493
-76
-152
-249
351
-269
493
32
602
380
202
-425
-264
-133
119
-54
275
-327
50
-219
529
-393
93
258
34
461
-258
16
276
92
-363
191
-644
494
448
-196
346
-635
-24
387
-351
-12
-285
148
30
262
-6
329
356
181
496
43
-827
784
240
-101
-1
-161
114
415
497
516
-220
-410
-332
-681
-156
250
-515
562
-16
-294
678
738
-372
-415
247
418
16
528
80
-120
-331
-120
-194
326
-167
399
-160
-430
215
-274
-207
-729
80
82
267
-369
363
371
897
52
-58
-31
-309
-206
546
-182
0
248
495
456
355
-124
-720
214
-133
-65
177
53
-140
596
275
-10
-107
1120
149
-2
-119
392
679
245
-513
376
152
702
-64
550
-248
358
1174
-554
445
1237
-429
33
-94
302
-153
-47
580
449
-317
46
220
564
239
554
109
649
-266
296
360
-280
793
25
-232
-540
150
930
-219
-216
-104
-609
82
223
184
-130
198
429
452
605
135
157
20
97
316
294
507
-269
129
-195
-943
-206
-122
192
-20
-30
123
-783
-526
553
-566
302
-651
-218
-790
572
287
-161
-319
-124
-989
240
76
289
187
195
-271
295
-139
23
295
245
244
-242
203
-12
-308
695
28
-138
-160
11
-300
632
836
-409
387
-196
-219
-493
-54
177
-434
-427
-40
461
512
346
-544
232
-437
-464
-504
-293
170
-302
-267
289
296
-52
420
23
-230
-425
630
48
-127
191
-606
481
557
-292
273
-585
331
407
-251
-592
-444
-237
182
-259
-398
117
77
209
463
833
-10
256
-8
-251
-3
116
568
281
75
57
-592
-445
-500
393
-78
-76
286
133
331
193
482
246
-531
-554
409
-570
319
114
305
-316
-368
-195
-25
260
-145
18
-109
-294
-508
-361
615
319
135
203
295
-718
131
171
-366
-206
-344
384
-615
-417
-490
26
-99
93
625
514
58
-382
941
24
239
-445
587
-83
-125
-92
-193
-710
-316
284
240
128
426
-780
-349
52
384
-509
262
-322
1157
99
-577
-155
-121
-446
-158
-28
26
-210
-85
-331
-26
294
846
371
104
128
-183
400
-636
599
-5
377
518
-97
-417
253
-620
239
-311
-143
-45
58
-229
-291
492
200
251
-207
18
-611
373
104
-412
375
-76
691
178
-43
885
372
162
202
-153
-533
-443
-42
470
-258
552
-303
555
327
-425
232
447
-164
621
-1014
135
86
-56
-595
-247
110
-748
-392
319
507
198
73
262
-169
318
328
-916
-140
141
-525
-1102
-526
-1
-150
-128
12
-41
-198
264
-59
-248
-14
666
329
-381
121
645
-94
-22
82
184
-196
327
-104
901
645
-944
-362
184
-405
31
254
94
283
349
-417
-392
-140
19
-313
-227
364
94
-434
-178
-179
-513
-283
-155
718
229
310
280
557
-83
-267
-841
-463
-445
113
1008
289
-240
-64
187
142
0
-303
-22
196
-175
-108
-82
283
-163
207
918
234
-265
84
326
-706
297
116
-389
-55
137
575
634
43
42
151
-104
158
-918
1199
172
-349
243
90
-226
405
498
-361
128
-273
-193
634
1020
-297
339
-329
-160
-288
-10
-90
-764
-325
-519
1
-523
-598
-77
320
43
-433
-554
238
549
-37
236
96
-77
85
-222
19
-112
-297
-858
277
-924
444
-410
-232
38
385
-228
640
193
-145
-210
830
-13
-120
-614
-80
-99
-1021
-166
-58
-1005
-134
-130
-841
-469
28
-495
214
613
-45
-50
-153
20
416
427
-212
1257
32
388
248
408
-195
-288
349
-449
304
17
273
104
-329
322
-59
-135
426
-171
-360
-559
548
558
126
-277
24
530
-194
-422
830
-204
189
527
-250
14
-301
-256
188
91
-41
-48
321
-739
-584
459
-159
207
309
494
-27
257
114
454
-8
-486
-727
-297
-192
-481
357
17
619
64
84
-978
-315
-94
261
-138
-264
546
16
216
-1425
-395
164
36
-488
-255
-99
-162
480
-154
293
-339
-899
-166
799
80
-426
-443
95
-267
47
245
-401
158
-800
247
16
-720
-605
-188
-680
117
-444
307
-352
-3
-255
482
-22
-486
139
-172
-205
395
431
-301
-278
-9
722
-109
144
-299
-424
-117
-405
7
23
-335
-145
-90
208
-553
257
212
688
341
230
-220
272
-550
-126
-223
-523
622
705
-192
351
232
-109
267
-18
1038
-37
257
-628
-145
110
-109
-354
45
-22
-97
5
216
631
132
286
141
40
258
392
-294
-91
-394
-137
-88
720
465
243
-338
102
559
384
-850
190
-215
-643
301
300
298
50
383
613
-327
-364
163
-492
-215
177
-618
-379
618
102
-704
293
-327
15
-16
455
549
-674
-506
103
-339
298
-74
-371
272
-62
-567
82
63
-469
210
-224
-46
-91
-387
844
-91
-573
424
-263
-287
208
702
68
477
254
-77
-644
351
-153
-75
-332
-167
-243
400
174
391
150
-499
-322
511
149
233
-27
188
-329
-599
584
-888
342
493
-48
-1134
487
-58
414
414
-253
678
-246
627
-168
658
-239
-199
313
-503
-290
-635
-152
-521
1131
-165
-786
34
435
593
-96
-71
-119
-423
-271
230
-274
453
140
36
-647
-198
-173
117
-478
148
369
416
-268
-261
439
80
768
452
115
-423
-598
166
134
581
-320
68
-558
-142
-477
723
-89
743
295
-114
134
-26
-116
-155
-107
-587
263
16
-127
134
341
460
-74
15
204
221
-441
-120
308
-57
620
-140
-386
240
-229
-154
462
118
-169
111
-337
-255
-896
192
-620
-175
341
-154
-558
-526
-47
394
680
-925
-168
-33
148
391
-26
176
-306
-361
-537
217
135
-429
-80
-144
-903
-2
-1042
119
294
-140
-139
159
-606
396
-82
28
362
-254
533
177
-5
50
-213
532
294
52
-291
-278
-565
447
254
-75
594
-1252
-572
-214
88
-204
-955
2
392
448
-618
-397
-374
398
159
-153
-191
-236
-267
-881
-1009
226
-378
171
819
-48
356
102
615
-192
-460
-123
818
-230
-268
-397
37
290
258
-59
-154
13
-25
-365
329
-69
-419
371
-486
-490
298
-914
-978
284
-130
-99
382
-851
606
217
921
-145
31
104
-494
-637
-871
-531
-131
611
411
195
302
-1116
-9
-579
38
1278
-326
364
4
186
6
193
598
492
147
838
-189
170
-209
177
252
-191
-625
-122
120
435
589
-118
-113
-379
263
269
-399
528
442
156
-25
-464
342
99
397
243
380
-398
-812
-850
-353
-285
-549
1046
89
502
307
-113
-74
-70
245
-211
-643
-635
494
568
-253
-548
-535
-443
832
732
656
-4
-6
463
-100
74
-216
-176
37
560
-132
-223
1
510
-297
-448
-207
154
309
-75
128
-299
59
247
-210
-573
-489
-5
-6
-341
304
28
-608
103
179
-61
-522
163
96
-281
-659
46
698
497
-410
250
146
159
58
-233
434
-67
-147
45
28
384
56
1058
-480
324
-96
17
-451
-186
-134
-433
-371
-249
227
650
374
-187
-723
271
-553
125
636
412
238
-168
-754
306
12
-476
-245
-86
247
458
77
-625
80
-546
135
-4
-195
-223
-71
457
137
1067
221
207
459
-16
166
234
36
70
-447
349
18
-372
-241
-51
259
-126
718
40
-392
-68
40
-70
706
-116
-184
-269
60
-294
-812
-802
68
-56
-259
-198
-190
-422
176
8
4
630
-146
-535
26
-367
-149
429
-97
443
368
-807
913
303
514
1109
255
311
232
674
-190
91
258
-151
158
-450
-208
-701
-307
-354
72
224
1050
19
496
354
-104
-24
-35
-749
184
-463
110
-223
314
51
-198
-213
-101
-435
875
-881
957
-370
29
58
163
459
-601
48
53
323
-4
-387
-784
29
-319
-264
11
-86
-179
170
245
578
592
-118
202
-82
394
363
-729
-352
63
-15
270
-37
255
61
585
-148
-386
-872
-1071
518
-401
-189
-177
-192
767
76
-760
1240
551
115
358
557
-97
-108
-204
886
195
894
-423
-549
-436
-28
-173
-358
99
-436
211
-119
-265
-346
-160
-409
-347
191
-35
9
395
173
141
114
530
-236
-310
153
599
737
-325
-463
565
335
345
-164
-285
-538
175
67
364
-527
-200
-404
-167
323
-618
243
-386
210
212
667
-329
-260
-434
-77
479
-570
-214
-48
44
-366
47
993
86
179
20
460
-5
-490
-146
-589
137
83
-110
-266
393
290
277
-204
-291
160
-445
-454
-289
-286
179
547
-113
-434
-134
-165
484
101
-114
11
-614
355
-228
99
494
56
127
-236
111
274
823
-123
-492
380
444
985
172
250
-849
-543
-578
218
863
292
-74
-259
200
-509
-496
-265
-476
-440
304
100
-1059
971
-791
-69
1031
-573
-155
17
195
-333
-429
181
454
-68
-77
-48
-277
215
108
166
-151
373
-778
408
-48
631
-564
-13
20
-70
-370
-738
-57
-37
-189
626
122
-203
75
225
375
99
405
-160
490
-396
336
-101
230
-331
769
335
230
19
-727
306
23
-326
779
-16
-293
-393
-198
172
27
26
37
321
125
707
-140
-539
-195
-127
-148
-98
399
572
-118
-480
-386
-551
-98
219
129
34
423
560
-224
-288
205
362
251
857
297
-440
-335
-703
182
109
352
-899
448
295
364
417
472
-62
-223
333
-165
41
-527
173
-205
101
-115
-817
-231
521
180
-364
-466
56
60
454
612
-264
154
104
37
201
-407
25
-93
281
103
-367
-33
-504
-829
333
542
300
288
-72
-313
1419
-259
555
-86
-458
-277
-154
-882
165
309
-46
-220
16
478
186
-367
-24
169
239
-137
-424
16
-198
294
-210
111
-310
-91
21
88
-663
-180
535
331
-341
-854
108
-401
271
659
-383
158
309
280
675
715
-430
310
47
539
286
-347
488
301
-4
-498
-109
-635
122
651
-100
343
141
-179
684
371
396
-308
200
92
363
-57
-269
-289
-166
523
648
-530
-450
-47
305
-476
-1220
-80
-274
677
533
-509
622
-640
348
-449
613
179
-12
957
663
-73
305
440
202
-591
157
-709
-332
-683
432
-110
-371
-97
532
-198
-315
381
-184
-164
393
-185
57
619
99
102
-602
-147
206
-323
396
420
234
546
-562
230
204
-197
7
-209
-591
198
-368
-416
306
566
232
166
-268
207
844
958
156
178
81
-44
612
-713
53
173
405
-104
158
18
-408
18
-598
880
370
-955
-445
36
-120
-19
327
443
412
-147
-1212
-321
-795
-319
-51
234
-503
-318
-503
-2
-129
546
-292
-778
-803
-395
505
-186
698
-134
-94
-239
-513
620
119
219
323
124
-150
-264
17
-405
922
-508
-30
198
-123
-233
-292
613
356
-464
118
-91
799
-489
344
-749
-323
-6
-319
66
71
361
-501
322
-142
599
177
386
-3
-41
-666
23
630
-506
71
22
-423
-138
0
-356
106
-1053
-692
-24
-389
644
-208
971
-15
-128
-757
484
-254
574
350
-538
-26
3
-266
248
133
-38
-83
25
-173
-626
268
-713
171
-35
180
246
109
-255
166
-40
232
-130
327
788
-558
-350
301
-617
634
672
-220
-158
-84
83
447
-9
-331
-197
-832
644
-251
367
86
-361
-354
654
-794
696
-94
227
-826
116
164
538
893
144
-423
-123
376
427
262
351
-334
-771
-503
-138
195
-753
79
100
-127
-356
-28
294
524
69
162
-209
288
-394
454
-6
172
-265
27
504
321
121
192
-55
-71
771
-411
634
-350
545
-308
-451
-214
-737
-200
-500
350
81
728
466
597
-46
371
-262
309
477
212
-44
-195
147
-94
71
60
-1002
-101
-159
-179
-335
368
308
-245
-574
96
-126
107
-263
-305
-276
-257
-265
474
399
-15
-431
153
-130
388
-267
-98
733
38
561
-522
-153
413
505
28
-237
-659
-299
947
659
265
-446
-906
371
-170
47
203
-151
-136
72
333
-321
84
-308
679
-281
271
527
374
-819
-70
391
-24
105
370
165
-197
57
130
142
-663
314
-187
-209
-603
-620
518
-462
-45
-752
571
219
-479
-960
339
853
-817
59
223
427
162
-279
463
415
235
-745
-42
-207
88
458
-391
345
329
401
-884
-202
65
-419
-224
-96
313
885
-150
-150
19
95
-280
63
315
-336
-496
-644
12
136
456
109
393
530
70
-220
-13
453
-403
-1315
-145
682
-364
126
790
67
201
119
-638
-55
-729
-95
812
-357
-344
-699
68
-375
-566
883
-270
378
25
-364
311
117
91
-221
256
312
-280
418
-91
193
511
18
356
-198
437
-201
-1116
-405
-710
-398
513
-322
410
-350
-392
115
-143
59
617
-197
500
-140
180
-304
708
292
-47
646
156
-835
470
-427
543
231
261
110
-145
202
20
294
-665
42
-279
-11
-399
-872
-381
-936
-461
-690
133
-278
72
269
250
-81
672
323
-462
-206
445
-35
528
172
-333
-135
-186
556
-437
433
239
263
532
-343
-305
-145
-39
21
303
-78
-565
-322
-780
102
345
-268
394
-320
221
-265
317
441
514
-372
-352
-134
-412
279
-612
-216
339
181
289
216
-64
267
-180
-496
259
-313
241
278
441
304
-204
-316
519
213
-268
252
-120
-400
317
-437
-156
-382
144
91
-229
-168
-220
455
-328
52
-192
-257
362
-512
99
-473
542
483
43
-208
597
-247
-490
709
273
214
-602
399
50
-562
387
753
153
177
145
-535
50
766
666
-420
-486
200
817
397
911
109
591
-130
225
-371
-445
336
-23
391
89
133
471
46
454
60
197
-586
72
-323
606
45
-521
-92
-706
-1036
-599
-233
-334
-53
336
-250
-265
-282
93
636
-220
645
-540
175
-345
7
360
218
-364
294
75
-556
-153
-241
-205
51
478
196
-68
-112
565
474
93
-97
314
-154
441
-658
-555
374
-130
270
-121
316
-298
249
141
118
-166
330
157
699
490
140
-61
-614
168
-9
-96
-699
337
715
435
-458
274
-53
280
348
-30
2
298
-467
271
551
-398
-767
-110
468
-406
39
-516
52
143
692
-191
-752
-638
-208
-235
-114
82
-563
1311
-247
-53
-70
-830
-46
-455
-608
-42
196
67
-497
-168
213
-474
-16
-440
-26
341
457
248
374
434
288
146
16
351
-138
-536
447
-127
-206
380
23
-236
-300
-255
438
-447
-306
-283
200
-310
517
-697
-263
469
213
267
-599
-588
-170
-61
-515
194
-254
268
408
-76
313
-720
593
153
-175
-30
-98
133
-610
75
-79
-379
-138
414
-80
196
-232
111
-15
38
-38
7
201
-153
-209
-84
98
-259
-248
327
61
439
125
-492
332
293
-114
265
-218
-139
45
69
-138
-279
188
41
-40
-603
-462
-524
-115
-168
-221
-633
-508
-97
266
-558
-7
-99
-96
195
66
-744
-84
-773
-106
197
-742
-480
616
-373
-273
-129
-202
-225
-40
135
-35
-340
-698
-521
165
185
187
182
525
-715
102
-152
12
-200
-43
-414
-208
-167
207
470
197
652
344
31
-231
-438
-209
-134
-222
233
-569
25
593
-345
450
1016
528
-123
484
142
569
131
-479
-341
133
-271
-36
-358
521
570
578
-337
362
390
370
-142
-149
42
130
-286
495
-454
603
-523
-589
501
403
140
555
-360
593
236
-425
144
-26
-766
345
-280
76
595
1106
125
-63
-579
-481
431
-216
-479
-163
-179
-536
-267
735
23
-118
824
558
-188
-653
-98
91
-275
270
-113
403
97
76
-144
85
-223
31
-394
-705
-310
23
469
203
-335
-94
369
228
-676
130
207
113
-360
722
246
307
-901
-551
-547
276
94
586
-105
-219
-337
251
-401
300
-442
601
-481
-89
-314
412
102
-9
-443
-2
140
142
-110
530
-59
223
476
-267
-328
-87
48
69
-58
-42
-145
-179
184
-551
-445
-394
-543
269
-421
-315
-968
525
-291
-585
42
430
-857
209
-125
323
395
-962
939
201
79
619
701
890
388
20
452
173
-199
-445
56
95
289
-264
260
15
263
-377
-227
418
437
207
203
53
16
541
-301
-479
-316
274
-602
-623
-686
333
168
-468
165
-182
-437
-413
-390
560
103
27
-344
-453
-309
-569
315
133
-43
132
487
-166
80
-577
-181
-60
-372
-111
-313
-194
-320
485
-610
82
413
60
-377
42
-747
305
58
-667
-144
331
223
107
566
359
510
701
310
-328
16
-513
-14
146
907
-421
110
105
-89
414
-331
-125
317
464
-233
-589
-458
76
-469
-197
180
251
-257
34
-665
-156
-188
488
-174
422
399
-79
-668
-926
1002
377
-824
202
-60
-706
251
-246
258
196
-40
284
-69
208
-641
-178
44
870
-421
178
432
-332
201
-654
53
-296
-207
155
-209
-402
237
-404
321
554
505
-107
180
-141
-265
341
-212
-604
-827
-87
-62
-222
298
245
87
208
-342
301
464
-386
33
153
-399
316
143
74
-182
390
432
-253
-186
325
286
-80
67
-107
-337
104
382
-6
83
-181
-183
355
295
-387
821
-424
-352
17
-470
-91
-557
453
-332
-235
-83
315
534
-233
176
17
118
575
-63
-573
-116
349
-78
259
-106
427
-67
290
465
480
407
490
491
336
-441
-127
-447
-51
-449
290
-125
-373
-354
1
-425
154
-45
61
-379
316
-366
-102
-238
-8
389
-936
-527
524
168
651
-656
-32
-380
-98
221
100
262
-440
-1010
62
-179
-592
-49
-750
169
-417
90
78
-241
-610
-921
464
-406
256
-248
121
-200
402
-569
870
-124
302
-341
270
-327
-447
-150
208
461
-534
475
-537
-8
-517
-321
231
-335
152
938
-241
87
-640
169
-179
-192
57
45
396
521
-73
-533
-246
-753
-41
699
491
-54
-460
343
679
353
495
162
-94
21
-210
54
-210
-629
462
141
-250
-185
113
-327
-175
-225
525
-654
-452
222
562
-22
489
49
-37
-209
-709
-435
-274
17
382
409
314
-985
112
-604
-119
310
-546
-202
703
-124
-17
-439
-146
-91
116
249
-791
662
-67
245
-341
-661
-341
144
541
475
-196
14
169
645
67
244
-724
-426
881
-396
-625
25
431
190
-275
442
-344
-500
211
-246
60
456
-109
-37
431
28
137
439
58
-182
261
34
88
146
-118
-333
53
30
767
284
-393
-45
33
-65
145
-497
239
16
-8
-336
-240
95
-19
-347
-190
261
-70
141
21
-443
730
-91
68
773
953
-141
488
68
326
28
-367
-153
-75
-630
-355
-448
483
-113
-365
-290
163
290
-501
-447
-301
-173
-461
81
-135
-322
-259
914
422
-38
-271
-818
466
87
-606
339
-640
-222
-47
118
353
416
135
-499
-138
-176
113
643
202
484
805
1127
2
220
-8
-662
-326
259
-88
284
555
525
311
-102
137
-545
269
331
192
12
587
-312
827
517
-129
-38
423
-320
372
79
-292
-564
-245
-330
325
-94
-115
691
-162
367
-43
-831
273
-52
-105
-138
-398
385
354
-241
-510
-429
155
-203
-166
407
-50
-101
508
124
322
-493
-415
-615
-516
144
97
-333
-160
585
-716
370
-510
145
-101
326
344
490
-144
333
346
-328
-225
30
-452
288
522
-598
-216
-207
73
643
175
-840
-16
-176
708
131
-880
662
-656
254
321
805
-61
-619
611
7
-242
502
-222
-150
231
549
499
188
-498
-467
-882
-386
-125
346
-434
517
652
-23
146
-575
-263
313
-85
63
952
-139
-82
-468
157
171
-272
-246
-308
-91
-229
-347
-428
-214
122
-966
-217
-205
-355
635
245
285
89
-246
-686
-596
-205
-89
