50 100 441
0 0
0 7
0 19
0 45
1 30
1 39
2 9
2 15
2 30
3 0
5 14
5 17
6 15
7 3
7 21
7 25
8 9
8 10
8 17
9 0
10 49
11 35
11 37
12 8
12 27
12 43
13 28
13 48
15 1
15 15
15 22
15 31
15 34
16 7
16 18
16 29
16 42
17 1
17 43
18 11
19 12
19 46
20 25
21 7
22 1
22 12
22 23
22 43
22 48
24 1
25 34
25 44
26 7
26 29
27 28
27 36
28 20
28 49
29 25
29 27
29 44
30 35
31 15
31 27
31 35
32 29
33 1
33 9
33 16
33 39
34 3
34 21
35 24
35 42
36 13
36 46
37 3
37 8
37 40
38 5
38 33
39 17
39 35
40 20
40 29
41 20
41 36
42 15
42 16
42 20
42 34
43 19
44 13
45 22
45 29
45 36
46 21
48 35
49 1
49 29
43
0
37
51
96
86
6
67
88
9
97
2
20
16
19
50
14
74
84
38
46
61
30
87
42
78
23
45
68
29
5
92
62
89
48
44
47
1
13
82
21
76
40
79
26
85
18
31
56
94
98
70
77
39
36
41
64
71
7
28
58
3
57
22
52
55
32
10
4
27
49
66
8
90
93
81
69
80
34
25
83
35
59
72
33
65
15
91
95
54
73
11
12
75
24
53
60
17
99
63
299
-58
-1237
-261
-371
211
499
-458
311
579
-89
-416
-59
440
-808
418
24
-534
17
677
-252
64
-383
-552
295
421
-653
-211
284
-446
939
73
32
225
-266
506
93
439
402
325
582
-511
-235
508
131
263
84
-257
-608
-743
683
352
630
-235
-143
279
-293
-495
-366
-63
471
-623
-105
572
155
-73
262
255
-67
242
119
692
157
14
-33
334
-313
207
174
75
731
851
647
218
428
91
-428
564
359
268
-588
418
-215
-331
74
-173
-627
659
67
-248
-532
-512
19
364
130
-93
601
-127
-469
-31
-348
-334
323
-103
873
-341
-821
62
-324
-1
236
-373
-243
248
854
66
431
688
463
27
-225
518
245
-610
381
-414
311
-158
-597
-402
279
-222
578
-110
258
142
-115
424
-138
425
-11
528
-32
224
268
184
584
-473
-381
446
193
-23
1172
202
452
-102
-213
436
-310
-866
315
273
62
-125
470
-343
823
-48
363
116
44
597
-367
107
-41
26
-492
171
554
-271
94
238
-109
-531
-105
450
289
350
-205
89
212
464
317
-123
117
-389
-355
121
-361
217
38
-47
-386
-308
-652
-139
-301
-19
45
-441
286
270
-729
101
47
-12
142
8
-1038
-227
-477
557
1077
-191
-635
-420
-994
-102
-4
-221
-1044
-170
-1015
-579
-227
-219
84
195
-473
-616
311
580
641
-140
680
-577
256
-126
-565
-189
-308
-732
-54
-300
-460
112
-110
271
-431
-184
-15
-176
-418
-477
75
-108
220
246
-118
-465
25
739
248
-29
-182
400
651
162
482
-135
583
-566
-204
-239
101
-412
-166
-488
-582
-652
-254
612
-496
-531
560
485
-17
451
778
-125
-833
-176
-595
-119
-58
87
1005
327
-117
-102
88
1013
893
471
-91
-363
-305
358
-57
534
-262
-818
-360
106
733
-19
-201
1
-238
-760
301
33
927
164
-196
-249
511
-471
51
-365
345
316
129
-507
642
-105
379
191
-437
-291
400
-89
181
515
198
-379
185
-182
-423
-118
-697
219
10
522
-832
187
221
157
5
2
325
-377
-41
-329
483
-326
709
323
-491
51
81
-322
714
-302
503
1107
259
-7
523
165
296
-292
263
-534
78
-122
-608
-734
45
-413
47
10
-161
598
59
-130
-682
-185
-250
-339
38
61
55
-327
-486
311
-14
-608
-708
-347
-514
-526
221
-123
-495
-130
17
217
581
725
-646
522
313
-470
-3
176
624
-337
8
-130
-236
-47
288
-139
-753
-2
-230
-169
793
-784
-736
144
374
47
147
-648
-559
16
461
-781
240
307
386
-262
68
-210
-163
-70
-8
208
446
177
-295
-97
92
57
-723
-159
-82
535
-375
113
159
143
61
340
-251
-149
36
383
-29
-291
410
-161
-533
483
167
188
-42
93
349
-452
-282
-85
51
-294
189
-485
-378
-279
645
254
56
526
-291
-265
-194
-304
-261
797
194
43
2
-193
44
242
527
-52
199
770
675
-467
-57
-94
-254
313
-141
571
605
-414
-114
124
1335
35
-845
860
598
-221
486
-76
618
-264
80
-54
182
390
-640
-40
-134
311
350
83
234
-16
-419
65
-426
469
-627
-15
186
232
121
653
153
58
120
-254
371
-38
14
-249
31
214
537
-175
-91
271
31
-36
494
-782
-403
132
-190
-1191
-405
-228
-277
681
-571
-454
99
-436
-222
-741
509
-389
290
-625
461
21
85
-58
1026
-126
-553
-706
1228
101
243
737
-51
589
-838
18
-839
-181
2
-181
434
1363
-256
-1017
-185
448
-123
-412
433
201
-1
-401
-449
-288
187
785
398
-43
851
417
-385
-40
423
-461
-600
-112
154
-5
324
-381
69
-269
373
-260
867
195
-213
-214
126
335
670
-115
39
-274
340
32
531
-755
645
336
1262
76
379
628
435
-529
-885
187
229
-227
724
117
151
800
9
-147
489
505
-312
362
-358
-386
309
-235
2
-189
-40
-729
57
-301
715
-376
347
40
645
-208
451
92
458
859
337
37
-628
546
-336
-28
67
561
-56
-231
131
876
-46
-333
-1001
-363
505
-74
-1317
945
522
275
9
429
-1234
158
-684
413
-16
-162
-474
-9
-120
31
11
365
373
610
500
122
-956
127
48
312
-553
-975
-77
129
-673
-15
988
-256
239
-469
318
76
-689
-292
174
-239
92
113
90
-482
509
286
181
318
-866
219
-123
-3
-712
398
84
-446
944
718
655
282
-352
365
-127
-508
335
453
-263
309
103
-504
-63
-510
20
180
538
566
61
-145
114
-451
481
-308
-357
-374
-11
200
-356
264
526
-427
-332
109
-19
674
-360
23
-270
806
539
-223
145
-98
652
-180
75
-243
-209
-209
-53
-13
-343
616
298
-653
288
990
40
-583
-232
-1218
370
-122
62
-24
1000
-466
168
151
166
-66
-101
148
-472
-194
-527
-304
399
-672
-629
-55
265
175
504
-24
190
44
-51
263
-646
360
291
-292
114
-285
-72
-202
-728
-302
-255
881
104
-141
347
331
633
-68
-360
254
-378
809
592
273
126
358
903
269
461
-375
-321
970
-546
747
5
-437
-402
-643
-138
35
264
582
-456
-561
379
-99
-218
-15
-597
453
-213
-779
-66
-44
-93
-368
-41
-523
162
541
-114
-227
-228
-235
252
163
-19
1006
-275
-82
-306
-141
258
197
1016
-385
454
70
-7
15
382
-860
-203
-321
920
-772
-520
264
750
-106
14
165
132
-21
-278
316
153
-577
311
-719
635
306
261
46
-49
-656
704
918
126
-549
-94
983
275
-511
262
90
-261
406
962
404
-521
377
190
-69
-91
132
-304
243
-86
0
87
-417
363
106
-2
-169
-418
-229
-771
-848
-680
-563
-2
553
894
-639
714
358
-122
-478
-241
412
-25
-374
-373
590
-509
123
-439
351
-400
-41
198
33
478
1162
1233
203
550
80
351
89
522
-220
127
437
589
-282
363
-279
3
158
-439
-942
752
718
-522
407
129
-893
-217
106
-941
-851
549
465
19
-375
-356
-331
-209
-238
-689
-76
600
1110
63
518
-525
-444
-463
-548
433
939
-149
237
-1265
693
-968
-159
662
-164
-233
-276
-554
344
-228
-69
-264
458
-452
189
255
-420
737
-168
105
94
-479
180
875
59
-427
957
-76
-368
-873
576
248
95
-248
-44
437
-92
348
-472
4
-536
-229
199
-913
53
-416
-83
-262
441
927
386
396
637
-256
402
144
-361
77
-303
36
347
-159
-118
-97
-25
-4
109
-72
25
-475
-421
308
527
-178
-476
14
-418
427
-123
-543
135
-18
-430
162
134
-175
-144
352
-549
-754
-91
771
26
-363
-374
100
161
-695
-538
27
472
-254
-388
-121
-919
-344
364
741
-385
-210
-233
288
1139
-457
7
-435
-616
-787
-109
369
224
108
232
-712
359
520
439
381
366
0
-370
310
-583
247
133
109
-270
492
271
-209
-793
-466
958
-118
483
109
-146
-360
379
153
322
49
-303
759
642
-318
-753
-447
-183
310
-518
1108
132
-170
7
410
-253
71
-250
668
-223
-45
-717
-405
56
595
432
692
436
-399
820
-397
100
-359
-201
380
509
29
39
-195
-492
256
504
389
141
235
169
865
24
-1141
349
-516
-362
176
46
-124
114
-360
339
1076
87
350
39
-882
-394
-609
-348
71
76
-267
-189
-158
-73
36
-667
289
-313
299
10
210
34
-917
26
-719
186
152
300
-293
-228
255
-140
647
-610
-103
-435
247
-364
1058
573
-162
210
966
-491
-96
335
1132
-104
104
64
-422
8
943
-116
167
507
475
-323
-242
-388
-1069
-343
-150
202
-21
23
-144
-230
-234
-441
703
387
-511
-15
-32
947
-14
787
-1312
-168
-532
76
-912
301
-878
127
494
-203
-595
56
-278
-735
510
-67
280
962
-229
36
-979
524
-746
318
815
4
-157
235
554
322
1193
-989
-540
-104
-99
102
-98
36
-636
133
-145
-1013
324
-147
-160
39
-73
204
346
113
-881
6
-114
-86
-905
190
165
-626
328
-143
-663
-16
-367
-686
-105
261
947
217
-113
-89
-248
-532
-625
-477
69
-648
5
-427
-347
177
770
511
131
-113
400
-843
446
448
392
342
-223
151
-723
-503
305
191
196
-1036
198
126
-491
-225
-1166
-340
376
-358
-94
-139
330
-530
274
-124
-604
107
-434
-94
-113
212
304
-278
-241
-371
-115
481
286
393
444
309
-650
281
-360
-488
-87
39
1045
691
370
128
60
-704
202
-471
298
358
684
474
188
-932
86
549
598
407
-699
-21
102
-478
-1188
-23
-579
-361
952
-158
-314
93
353
-84
-98
-366
66
479
-848
-210
-638
115
-537
37
637
36
-184
-27
389
48
14
-389
-649
-249
23
190
614
248
163
391
-523
420
-368
-535
-46
420
-533
-23
55
195
120
-622
241
-14
405
-138
-72
-262
-531
333
267
360
-815
723
284
-114
940
325
-189
83
320
-273
-597
801
57
-442
264
-173
283
23
-142
49
-86
204
-134
299
-1302
457
-214
138
178
224
477
144
458
1127
57
-137
-260
-12
-382
-695
205
-169
278
217
-48
-397
171
77
-685
-332
99
792
-487
10
-92
890
154
-106
-734
77
1212
547
-154
348
-41
190
129
-202
-299
-905
-325
-191
125
-80
-88
-111
251
777
237
83
210
291
639
-205
-170
270
-256
-371
-644
-48
-1201
427
-550
169
-134
-67
-1236
-134
-410
-1222
216
373
-513
610
278
499
-563
-465
-327
-293
108
-16
581
-94
-427
201
405
745
-603
-477
10
796
-1123
472
-805
-442
261
-70
325
-565
286
340
-122
-272
-1093
122
-232
-325
19
-277
-552
1077
-354
8
-63
116
213
-55
-47
-251
-177
230
88
222
262
-620
849
-869
-383
-182
15
-168
347
-7
34
-825
474
218
381
-305
-150
694
-39
652
835
-394
101
-340
368
1198
435
124
4
74
467
451
-186
-354
-443
-426
-989
-636
-613
-434
214
-523
-518
-139
-272
-719
269
109
-1249
83
-512
-23
-661
-477
572
-296
462
422
489
-316
37
-443
266
-103
599
-122
-833
19
-207
-232
824
-353
-727
-354
-738
-361
-249
-661
-484
-640
-309
55
-158
-73
-297
248
-306
-54
746
-252
461
-137
212
59
26
-16
495
-331
-236
40
-183
-286
-296
-358
-53
260
-432
-74
-120
320
857
-313
647
239
618
-643
-211
262
-292
-559
-214
528
-646
-161
-370
314
92
-416
222
547
472
641
-825
378
631
-152
497
331
245
-79
-1050
110
-587
921
364
-297
837
122
263
-738
116
162
-146
-661
333
-310
301
678
213
-666
69
772
-176
-104
-294
492
620
-726
-692
379
-208
290
82
314
2
-443
-249
-837
289
-470
-256
-373
-523
648
35
-704
-63
-398
-195
108
-86
-328
121
-503
187
-532
-473
106
25
-295
-104
274
-197
-987
45
-14
462
17
-220
279
-378
-180
334
965
-273
-63
-961
-395
-260
15
-145
-1124
-275
132
313
81
-245
-1679
-107
-72
-574
-771
-302
136
-72
-234
1229
367
1003
222
-125
101
213
361
-594
-186
-535
-445
-63
-210
-449
89
-672
-368
220
177
-309
316
-361
-531
824
-784
-110
88
-437
479
-131
562
-399
-568
356
45
-276
-394
481
-213
163
116
-116
184
-440
317
10
-330
352
-396
212
-234
219
123
146
-348
875
-565
506
-82
445
423
394
-511
26
-90
262
-702
83
267
922
248
-128
-391
-334
356
-456
407
-366
577
657
8
-876
-167
680
81
-736
572
-101
362
760
152
575
-3
-240
-460
-139
29
-435
-126
-51
222
194
-278
37
-328
743
315
95
569
-3
325
224
-299
-168
-267
-38
-299
645
-141
316
-399
-173
-514
76
-424
-166
-220
301
-444
-313
-305
1165
14
-310
-661
-378
-742
-494
322
-27
-405
-126
183
-674
-575
-244
178
-301
-468
159
20
719
376
-328
203
-243
687
-219
624
-434
132
-959
418
-809
69
420
336
-449
-789
361
-659
-101
321
-116
-1024
-277
390
588
-128
361
-512
105
-230
98
-177
188
301
-865
56
-272
313
-301
104
504
253
-113
709
316
860
-505
-452
132
536
294
322
249
787
159
-416
47
195
-440
-51
-349
-738
262
460
390
549
23
262
86
200
-507
536
-209
-121
370
102
148
419
-114
654
-292
-217
211
248
-591
936
448
67
344
131
41
577
105
-335
-468
-522
-709
196
-316
-152
203
-327
-161
998
-642
867
341
-527
152
-350
-712
-2
-182
-226
-506
-772
110
-759
-221
245
-324
-55
476
-248
456
-26
50
75
-154
167
-23
-180
470
9
571
226
227
482
116
275
-493
284
702
-398
-170
-152
214
-399
67
-439
544
-414
1050
-246
334
324
79
192
382
125
-91
219
-119
103
-124
-308
-182
64
-397
95
335
-599
121
632
567
-124
-765
-19
590
-820
-284
1079
-132
-293
-929
519
-62
-356
-133
-802
312
146
-102
336
80
170
126
780
717
303
-845
365
60
5
-472
870
-42
105
222
80
497
660
-838
-229
355
-73
469
-15
47
-313
526
-829
460
389
285
-469
-343
5
10
638
1027
690
-240
-370
-105
251
-321
-535
-146
-173
-3
157
-288
740
111
-569
-239
8
507
-540
281
-159
490
465
-95
186
229
222
1075
605
-1117
134
-565
-349
-37
-121
-553
364
-89
-390
832
-280
-407
353
-342
443
254
175
486
-130
-823
-195
-354
469
-407
-311
-140
-56
118
192
-357
-229
-368
-225
-46
304
-251
161
389
400
81
-612
115
565
48
110
-128
-388
447
10
1128
-197
-165
31
169
435
-190
-161
-167
-185
-469
-850
304
-234
-234
-204
-142
-423
361
145
361
553
-190
-979
622
200
588
-392
-772
178
194
646
-271
932
246
81
58
-160
560
-154
231
-46
-186
200
1005
186
90
317
-621
542
188
-178
111
89
159
-803
-794
-338
-1184
-321
359
-554
-109
-108
759
417
738
-343
293
-672
324
618
467
-241
-500
350
-498
160
462
-421
-174
-90
236
-610
-239
163
-42
265
-695
345
-61
169
-227
564
100
-47
237
103
16
-282
476
457
-338
218
393
-305
651
281
156
29
-90
-327
-263
690
-792
1841
300
-31
-119
422
347
-113
55
378
-563
-46
-669
-419
840
344
-23
91
234
22
505
-438
161
512
106
246
430
-128
33
388
-379
86
576
-402
-140
384
-88
153
-377
-579
214
481
-91
-78
-47
-602
630
-594
294
-85
174
148
-246
-129
-78
569
-265
437
506
-446
81
124
271
-158
595
92
38
-326
29
370
476
-445
-26
1066
-228
1
-168
-460
1
911
451
-534
244
652
11
-376
56
218
-343
382
224
114
515
-266
367
746
-364
-39
-861
29
-2
378
190
-2
-464
339
-181
-242
-287
-914
-1
1357
295
562
-650
-605
343
-307
218
448
-333
-445
-15
-281
75
455
-600
-194
489
387
-43
463
384
589
-458
230
69
603
-383
286
39
-224
29
856
186
188
-75
246
-750
-353
590
20
526
268
-557
-212
675
804
310
179
26
823
317
-361
-389
-181
129
871
182
-49
546
1044
406
275
52
-274
-175
-111
-513
-87
355
-415
-250
-364
125
-298
-751
-638
25
-125
-100
-247
200
22
298
261
24
-23
291
-329
-317
528
-190
-689
281
-324
37
206
-221
-165
160
244
-370
-206
440
63
-555
406
161
-119
272
-277
-299
0
470
317
-273
403
62
-846
158
-659
93
-29
-161
223
-827
434
19
270
-52
223
-115
876
-136
-139
274
-198
2
-722
243
-217
-929
35
-228
-730
146
337
-114
99
88
-80
-244
671
-751
-473
-1050
503
254
-230
232
26
48
284
-547
-173
-387
497
156
109
-71
121
-356
-284
151
-737
344
451
452
-232
-291
145
-671
128
-221
114
-74
-618
-185
170
-101
-357
-520
-146
-470
26
502
-390
-50
187
-18
64
-572
283
-58
-486
139
385
208
-722
-246
-340
1152
-450
14
111
265
366
243
1139
-310
-493
651
-780
-84
-562
104
-351
-252
-963
-282
-688
-36
535
-552
627
-79
-251
-27
113
-474
84
580
77
402
417
372
263
339
-805
-62
-128
237
206
394
-38
-452
-404
-1535
103
9
-553
435
-316
577
-118
139
50
-193
369
-57
281
310
436
456
380
52
83
-817
57
-649
293
-169
-690
813
-399
-297
766
-168
-310
75
179
323
258
91
-97
579
60
-192
58
763
287
139
-138
-224
-548
-9
702
-23
709
17
-784
157
-197
39
138
-385
-259
-818
584
-32
207
148
-759
32
-288
312
467
195
-180
211
-373
-287
-56
-607
-99
241
-181
76
863
-897
503
-158
170
300
-327
254
-619
616
-516
166
195
215
242
-170
-93
-321
-110
744
327
464
183
-1036
-361
205
867
-163
561
208
-392
-880
-659
528
420
-731
142
146
-148
-611
-183
256
585
-139
97
119
-141
-2
60
-158
-294
240
-509
-124
-204
889
60
-189
-196
239
-208
67
-242
388
-690
-93
81
-23
-1230
326
105
339
-29
108
-115
59
18
96
64
1190
-759
-324
-46
8
193
378
323
24
-361
324
148
99
707
-226
-291
368
491
-433
161
-121
-350
-362
-102
514
637
-358
-143
276
-865
-58
909
587
289
-296
-347
-395
-545
-680
440
722
-340
-123
-458
-300
-220
543
368
-422
-312
-268
526
-843
174
-43
-363
-198
344
692
-474
-615
624
-995
-401
-522
-36
694
135
-1213
-105
-230
-268
-259
251
-113
702
272
-346
4
490
-393
-76
-6
-290
194
582
-275
-7
-666
128
56
-636
204
-237
699
-842
314
-253
-846
21
-180
171
-90
-135
-350
174
-555
443
59
-127
-420
-479
229
30
-151
605
496
-140
-8
-283
-713
689
-41
81
37
-337
107
-805
-159
159
-86
135
-606
848
58
-31
-258
-220
-488
-204
451
429
351
-530
891
252
140
-69
564
77
-274
-96
-395
-721
14
195
-113
490
-260
-886
-392
-1084
954
3
543
309
565
-317
299
-294
-738
-135
-422
-207
196
7
336
271
1144
-144
889
-119
-180
-156
54
-966
45
229
235
-1
-149
637
-322
-36
-228
-660
2
-399
-30
567
-170
98
-83
53
-30
384
-346
-377
-692
-153
-585
-398
310
157
736
845
378
-449
500
201
177
410
-108
407
147
52
702
-25
139
264
-823
607
-419
28
-172
-72
-350
240
820
-283
-552
-545
-610
-36
-161
464
-189
-569
197
-70
-619
587
630
-123
103
-208
-24
-671
-181
-61
56
447
67
436
-147
-209
6
596
172
955
204
531
-1
-452
-303
698
-222
-250
-379
624
-485
0
1089
-123
212
366
721
-1629
1164
-131
74
-4
142
-381
-537
-131
68
-472
389
721
-774
-599
849
456
737
613
616
419
712
-598
165
373
681
-102
1298
63
-180
1069
863
596
200
-707
308
537
239
-80
-971
-475
-607
-449
-652
-252
947
90
-544
645
-635
374
-209
819
1382
-782
334
106
-46
89
766
181
611
333
-183
-402
613
1460
461
572
-121
489
-114
479
38
14
-26
421
-83
-12
-3
-28
659
590
-127
-366
-402
238
-264
-1008
-31
-173
-65
318
90
-584
-252
-611
458
-550
89
300
-27
382
-392
148
78
411
-8
-357
-463
553
-22
-77
-146
954
180
-582
178
841
-455
102
-161
107
403
421
119
336
14
901
-354
-61
798
644
-524
-218
654
145
64
493
749
21
266
148
745
245
391
-522
-670
307
58
-117
-497
-193
175
312
-34
278
396
406
-376
533
302
-1061
148
216
-413
-153
97
73
-68
-567
-99
841
-590
-259
50
171
-301
-71
74
-133
642
-520
160
168
-172
507
-766
-46
209
-1104
57
-350
121
809
-212
701
63
-649
170
-488
-444
331
345
651
355
-357
236
1137
428
-91
235
251
1116
194
442
424
27
103
442
552
75
-55
353
504
367
279
180
-170
-50
-342
457
-115
-501
505
558
-606
-23
-465
-444
718
-570
312
469
552
62
186
-346
290
467
-4
58
473
-470
330
-238
18
-179
220
-3
-157
107
228
-397
-102
-192
639
-411
838
368
655
-458
-350
470
585
-951
605
-17
-311
-596
-89
677
98
-48
-934
-787
202
-100
350
-118
-484
452
-437
-498
-597
698
-3
-227
163
-199
-280
-243
-318
-226
47
-987
520
347
-525
-972
-10
281
-352
-209
-229
-179
208
-289
465
199
-86
-547
890
-632
-145
243
-26
-382
-3
-496
-222
-479
-315
134
-403
-821
588
140
-521
17
205
750
-248
-249
427
-91
-350
50
-1094
1091
-355
-674
330
442
552
-483
-185
-327
-340
-70
312
-489
571
490
-133
-69
-151
63
-68
-101
153
390
-413
-202
127
574
622
-112
-450
-784
139
-301
534
637
-326
-221
-585
269
144
52
-330
350
103
-92
-316
-232
70
173
-101
-477
-953
-63
-104
667
-574
125
129
574
94
-305
-281
517
-1096
299
-168
-218
392
59
-374
-92
-398
-166
257
-249
171
-131
801
-240
1150
-423
406
-313
-44
-627
106
-241
-55
-200
-512
-32
-642
-40
138
308
-107
230
-463
1186
-161
-229
-309
217
-365
696
17
502
-72
777
-538
216
-117
-288
644
728
54
463
48
-106
321
-10
167
-49
664
122
-436
-610
1163
88
580
-137
491
-835
546
90
126
-592
-426
236
232
-689
-82
-423
336
-369
142
385
-328
40
6
-111
-217
-737
521
-150
-379
-140
-1386
148
-350
-461
826
-13
-619
-265
1160
-300
-373
-895
37
-509
189
492
332
-41
475
614
-74
332
321
609
367
1033
-229
198
-381
-173
576
241
-96
125
-62
74
501
110
-93
41
100
-213
457
-337
-433
404
163
125
-740
536
538
66
580
-662
-303
-314
590
-790
244
-132
-461
193
-647
904
-187
-108
353
638
188
745
-165
-369
278
1254
-210
-521
-796
-677
-313
-359
222
-1262
145
358
238
627
160
37
301
411
-105
-36
-158
24
65
169
261
-65
-777
229
169
1245
93
-114
-450
-653
591
62
57
45
270
64
4
-543
1089
76
-567
97
-280
-539
396
369
-1648
-504
139
506
621
288
-516
228
365
-82
158
151
23
84
-373
-459
-632
141
-187
898
-322
318
626
-461
579
-358
53
-706
635
-863
260
-455
545
-509
771
-123
-550
302
190
122
413
-550
418
-155
-171
-230
-18
-489
-725
-787
-308
-296
-272
-586
331
643
391
16
479
252
-211
-367
-264
394
-448
900
-10
195
-231
-173
62
-118
-313
-225
582
-595
-552
-169
-486
325
425
692
-680
106
-23
110
305
632
-246
15
911
214
-50
-418
132
-371
62
-101
38
608
282
243
-92
-28
276
-115
305
352
-362
9
205
523
-641
-166
-4
-265
99
203
-575
377
144
393
-165
224
-175
72
-291
-76
731
55
-272
-970
-240
-174
-1196
243
715
-521
230
-358
104
-540
271
17
200
-411
-483
23
605
-131
-46
1251
100
-573
-203
-329
-45
-389
30
141
330
-304
200
36
-395
-429
550
391
653
771
256
-165
-57
-240
440
116
301
-606
-152
-399
-808
-89
-506
-161
49
128
412
-560
-545
404
620
263
-150
215
-217
-184
-42
53
-1031
729
52
-91
-508
-183
-531
38
-630
179
8
-890
-326
210
174
-88
128
1050
-432
-840
-240
305
302
-470
-192
-570
-524
9
-1031
734
-649
208
-861
-224
126
280
-465
-706
-300
-139
355
-104
1081
299
-346
-119
120
400
-589
-274
-919
16
-1329
571
404
-199
-522
142
-905
260
625
922
73
-377
-212
-535
-394
-207
-340
231
165
367
429
-279
48
-164
704
1167
-379
588
-419
-701
-554
305
985
-224
-79
531
1029
-107
-368
-533
-241
-296
-244
348
104
-1033
85
557
-55
-337
-444
515
-964
19
591
-524
370
-916
203
144
583
81
606
461
130
986
749
414
308
178
-668
-425
142
-961
381
38
159
324
100
-394
427
399
-748
157
110
-21
-119
-8
-275
-70
-54
351
247
791
279
-5
-452
376
674
-291
-231
-50
743
-6
158
42
320
-477
-435
96
483
1099
-749
280
-49
66
186
-238
-318
-17
-102
180
226
-417
513
-182
525
169
-295
107
521
-209
119
-382
-420
-163
625
861
297
-68
-181
-886
-26
-499
416
-457
-60
388
919
357
592
609
-45
-535
-393
240
-783
127
-266
-306
-534
-643
617
-147
-860
-371
-262
-356
-510
63
-195
720
-6
245
-992
-440
-554
41
68
-419
-29
-312
43
-347
680
-235
-792
-516
240
-593
-789
-326
22
623
140
-338
663
651
-958
-74
345
144
525
-474
-249
-132
628
-568
-8
-79
-237
-76
-394
270
-23
-140
159
-508
573
-44
-234
328
-277
193
-966
-513
-81
-333
-31
-381
42
267
229
513
-165
-610
213
85
-169
31
119
447
72
193
388
612
49
-38
-192
-781
153
-163
808
85
-652
-94
947
23
-581
-200
142
477
52
75
842
-470
544
230
526
-49
-537
-149
15
-224
531
187
-496
135
590
-59
-580
-365
343
-492
-118
252
419
28
4
-327
103
725
-238
-1051
22
933
258
0
-71
18
-39
141
-132
-595
75
-616
-669
-420
14
689
287
-146
-473
-136
231
159
-286
129
5
-145
723
143
216
498
181
569
-109
315
129
192
-511
244
787
394
-371
-350
25
140
-23
521
-201
331
-28
-46
-91
-166
-427
434
72
159
-197
-222
4
501
118
724
253
100
234
576
332
-346
537
-27
449
-626
649
-336
126
823
580
14
-503
-791
-92
-50
-51
-3
495
230
-25
-594
-547
1233
-313
266
-781
-466
441
171
-300
-45
476
206
-122
410
167
-532
-115
-684
-336
-472
508
345
-284
-451
-267
72
90
-455
-435
131
473
-56
699
-221
883
-201
-279
-701
-185
-324
-590
-41
-170
194
-714
60
248
-169
-145
-629
1104
-863
-68
182
-693
-273
-214
657
-343
-617
494
-490
-210
-335
556
-921
57
423
-802
-489
-731
536
-208
-23
-8
140
-331
508
513
36
-267
-494
-539
-108
586
222
293
41
728
472
441
267
11
-4
-28
-96
661
386
649
-254
162
265
-43
-731
192
132
403
811
512
-324
-296
288
93
-671
-295
520
755
377
9
435
470
364
-447
162
836
-254
-409
-93
-456
615
-669
356
-506
-429
-55
-185
-97
-264
-179
-744
-162
-664
239
-320
32
317
43
24
324
730
-1241
-688
705
-42
-591
506
-160
-247
-89
642
73
1187
522
-510
-336
-218
-773
3
661
-94
48
-81
-422
212
-397
-895
280
-47
-122
-1108
-107
265
-161
-130
-484
-542
-499
-288
2
-13
-411
202
251
469
346
-595
263
568
-409
657
-765
690
-378
86
624
3
-438
-98
-36
-601
263
481
-101
906
-312
-22
144
-72
63
72
-273
124
137
-29
-83
363
600
1
-274
-466
-552
121
-116
-295
697
-571
-15
-340
661
-646
466
172
238
-441
93
921
-319
-123
-235
84
24
-373
426
157
52
-213
222
-594
-172
-261
604
270
-220
363
473
561
-928
-520
-142
-1047
-33
-16
488
252
-569
907
464
1303
-862
804
599
926
-83
-813
322
446
265
-225
400
-988
316
-61
320
1003
-309
-152
-259
-240
462
-380
-199
-1084
-549
-38
207
-58
-45
186
177
-232
-457
-709
-305
438
-279
93
-901
348
-348
-155
-298
-236
425
248
261
-523
-199
-388
-413
472
1040
-39
211
-348
63
707
163
-72
-1172
2
-105
-34
311
-660
-464
146
673
572
324
-1505
-179
-526
219
-250
-202
-202
503
201
-255
840
400
-108
290
521
-12
-156
451
-40
-54
426
-439
337
-207
-738
86
-270
269
-128
151
636
-773
-204
179
455
-162
-235
363
-207
-247
34
-987
-130
1239
132
352
87
420
-38
79
-23
392
-344
975
212
332
-298
190
460
54
-12
67
511
155
-46
1204
-146
196
171
270
469
-57
62
62
-43
-283
400
-645
911
-167
-262
-646
531
194
111
935
-51
-337
500
-552
344
594
658
-547
343
-117
1409
335
170
-390
383
-61
-4
-443
-483
297
447
29
-50
134
273
197
-442
-297
-370
-226
448
-448
79
414
187
-472
112
147
394
601
-377
-69
366
266
-226
278
572
525
234
347
831
321
670
438
662
539
25
-151
-804
737
-663
127
-95
-57
-155
757
429
254
-17
36
119
387
-505
-273
325
95
-419
-84
-194
-178
166
591
652
-1
-291
363
499
-294
-258
164
-401
45
71
726
-100
-198
-509
416
416
-285
370
-498
-110
-138
-312
-88
409
-652
537
147
393
271
973
-220
136
276
-240
-492
-829
-111
766
585
243
-856
329
-3
-434
-261
190
-380
45
339
-160
124
-612
-154
76
62
-157
755
20
-299
194
-296
424
-105
-637
21
512
179
187
149
350
109
571
-249
-102
234
-125
-919
-860
486
-795
-664
317
-284
180
-184
1031
-509
-321
-139
14
-420
23
688
437
-628
156
618
732
336
-534
961
17
281
301
-356
-285
-239
-236
-472
-408
-95
995
129
-487
-103
-82
-322
-88
-416
55
12
574
-474
81
-56
46
-261
3
813
-414
-560
1440
-621
-366
894
-177
477
-74
296
198
-210
-79
-800
-157
-14
218
-636
416
-150
420
88
325
-375
490
114
-118
-403
521
328
269
-581
803
106
-1041
-143
-508
-449
342
601
-274
-53
-65
550
177
916
-524
121
-168
350
-231
289
574
495
-398
26
-8
292
387
-416
-445
289
593
-320
132
-852
-141
-185
256
-193
-342
-168
155
-542
-248
414
-54
217
-283
28
181
37
-22
-667
219
-138
-389
-324
433
-349
-337
380
591
-166
-621
527
-385
-63
-128
551
161
574
470
186
120
-155
-269
14
-129
69
341
-295
-314
-429
406
466
135
304
-133
222
-496
299
-323
-266
98
-447
40
432
-68
662
-462
51
347
-204
-190
136
384
-234
-302
6
-349
-306
83
350
-648
-562
423
1014
446
-257
-168
-236
20
251
40
780
391
-307
-270
256
460
135
-85
521
712
-96
282
218
-153
-696
-183
-472
1000
643
581
1029
-721
-211
-688
-85
804
519
67
33
-224
641
-20
-112
723
-622
102
319
506
-155
-59
39
-148
615
-330
610
362
239
492
-653
-905
-192
-537
-216
-262
111
-270
-169
-3
472
-254
-421
-160
-185
-219
-9
180
299
-46
-27
174
-17
-96
455
285
582
-4
402
-224
465
-40
-315
-255
514
-314
-376
-633
-282
-414
836
360
-79
-120
-742
8
95
-73
390
778
29
-517
-736
-384
232
405
656
-1074
170
126
-1243
-103
527
503
-500
-1277
-63
33
172
169
-445
-510
494
-113
-192
81
491
407
-292
-149
-74
50
213
254
-528
-153
-164
-50
-734
-509
673
176
-560
450
-723
101
309
291
697
-52
-299
554
263
-217
22
-11
-312
387
573
-204
-422
209
109
-177
-246
376
847
177
431
-101
236
21
614
-209
-953
-161
-521
56
-183
-11
205
882
-575
-582
-130
-177
408
-988
132
-616
35
-342
1
-974
510
-129
63
-42
246
373
38
760
-636
-284
657
-905
147
374
76
-49
724
594
241
-399
-344
-330
-32
276
77
494
-422
-90
-256
298
104
-64
-537
-20
105
236
288
997
-514
88
-74
93
467
61
-314
-415
187
-536
-561
-222
357
-216
224
-334
157
-118
309
-333
-351
472
-676
55
-484
-261
183
375
-434
-189
-251
-5
76
-958
202
286
196
-1012
202
-30
-77
-822
136
-26
-462
-318
184
192
269
608
-472
0
-1367
-140
-382
518
-913
293
223
85
-333
-44
306
-86
14
56
-252
-455
-637
1122
-882
78
-100
-759
64
7
-29
-525
-127
83
27
477
-14
567
-396
-142
279
944
36
-681
-590
-980
-154
416
303
77
-519
902
687
-838
176
-709
222
198
140
338
156
252
31
1010
-383
-425
-22
-219
60
-307
413
-471
-1
466
1002
-116
-407
-266
-774
-719
415
682
-228
143
62
-138
-292
-38
-70
259
438
230
875
-357
500
465
-123
702
285
364
-232
478
800
-142
647
-116
6
-33
57
490
753
956
189
154
-573
-409
-419
490
819
-317
64
-236
-39
-269
408
585
918
523
-640
327
519
611
44
205
-316
179
24
285
-479
1124
-284
723
323
718
205
0
-77
285
-841
-461
51
-6
1640
215
41
-326
528
497
-704
293
-302
-164
178
786
-751
-387
30
-475
243
65
333
259
-326
622
19
75
254
207
-211
371
-406
407
236
137
525
793
-355
-135
351
-54
83
-411
-438
454
-814
-290
806
80
-1173
413
555
-932
538
-261
-1133
-145
-186
-577
221
-72
732
293
-352
1018
97
-409
591
-500
-138
-635
96
651
-39
12
-436
-412
-484
278
-135
5
-251
-587
220
-212
-530
786
197
668
-594
556
253
274
-173
427
470
-400
152
-1323
220
-470
-488
-774
-68
-45
-288
-355
72
-543
-244
-721
-478
-457
-7
-292
-343
-120
-122
-446
300
-133
675
-234
280
-583
217
-504
-384
-264
122
451
317
-333
27
35
495
-41
-195
252
684
-57
-259
98
369
-151
-498
349
-47
-1007
108
-65
-892
65
-442
726
38
349
-84
52
-236
210
-308
462
164
-347
-589
-150
88
1378
-1511
-544
40
285
-549
-14
557
877
724
-377
-409
-632
233
-756
-360
87
259
510
-113
-238
-195
119
-401
447
133
-88
-313
662
637
471
-348
533
-35
-394
763
-428
1056
213
172
-31
-346
-589
-142
201
-102
-389
334
-112
800
326
-652
-86
-395
-296
58
-164
116
441
-357
23
1106
-371
-164
754
342
-651
102
-331
36
-11
50
188
-189
611
157
-284
-1071
-88
84
-583
-77
-722
-1166
-95
100
207
-22
-627
-94
96
606
-321
141
-151
-2
333
-478
3
341
594
296
67
-13
-312
376
249
755
-3
-428
-79
-28
444
-439
485
71
-215
-160
1130
438
-798
-283
-45
627
277
-158
-569
77
-681
614
688
-626
-143
84
-24
-75
48
287
164
521
492
372
-330
-357
-16
303
135
21
-719
137
-453
-92
582
569
262
465
118
128
-720
-442
-717
-237
-343
-114
282
-1144
309
-101
-470
422
-100
-807
653
-601
82
-519
-399
-331
-480
464
-3
662
-43
-533
-213
-685
-220
-309
590
98
-213
45
-227
-419
-185
256
-726
471
-8
-181
-743
-488
-118
-401
558
-267
-76
-3
-8
529
-187
6
605
-212
-620
269
-474
505
645
-583
-1124
-30
-625
-372
538
665
-304
532
417
49
403
745
-464
143
1001
56
76
-366
262
446
-240
-763
342
208
373
626
1
-286
158
-218
206
464
368
12
-900
-899
-740
277
-537
117
-226
40
22
126
260
690
-431
-175
411
-12
-573
-355
-660
183
-219
238
226
-513
-648
-317
109
-274
-1074
-95
-142
-658
668
1019
63
-164
143
-253
876
-171
160
-152
-52
206
-462
94
195
212
-328
106
-328
-348
201
146
-285
735
-233
11
83
-86
-287
-1066
-231
-23
528
24
-174
432
-319
336
-273
142
747
709
982
-255
-524
742
279
215
-213
160
505
-278
206
210
-464
-34
409
-228
-51
-718
625
-308
609
212
189
-1198
-324
692
-82
186
123
-434
568
-86
122
-107
-513
941
-286
775
-335
728
28
466
404
255
-447
280
306
-370
301
-136
-47
118
169
367
-145
-300
-580
-485
820
-284
-594
67
409
-414
117
472
54
-244
473
478
-178
-292
-17
543
-84
-168
-274
387
-297
543
36
664
419
223
-468
-291
-147
131
-60
303
-361
55
-242
583
-433
103
285
38
509
-284
18
305
101
-400
211
-710
544
494
-216
382
-700
-26
426
-387
-14
-314
164
33
289
-7
363
392
199
547
47
-912
864
265
-111
-1
-178
126
458
547
568
-243
-452
-366
-751
-172
275
-568
619
-18
-324
747
814
-410
-457
272
461
18
582
88
-132
-365
-132
-213
360
-184
440
-176
-474
237
-302
-228
-803
88
90
294
-407
400
409
989
58
-64
-34
-341
-228
602
-201
0
274
545
503
391
-137
-794
236
-147
-71
195
58
-155
657
304
-11
-118
1235
164
-2
-131
432
748
270
-565
415
168
773
-70
607
-274
395
1294
-611
490
1364
-473
36
-104
333
-168
-52
639
495
-350
51
242
622
264
611
120
716
-294
326
397
-309
875
28
-256
-596
165
1025
-242
-238
-115
-671
91
246
203
-143
218
472
498
667
149
173
22
107
348
324
559
-297
142
-215
-1039
-227
-134
211
-22
-33
136
-863
-580
609
-624
333
-718
-240
-871
631
316
-178
-351
-137
-1090
265
83
319
207
215
-299
326
-153
26
325
271
269
-267
224
-13
-339
766
31
-152
-176
12
-331
696
922
-451
427
-216
-242
-543
-59
195
-479
-471
-44
508
564
382
-600
256
-482
-512
-556
-324
187
-333
-294
319
326
-57
463
26
-253
-468
694
53
-140
211
-668
530
614
-322
301
-645
365
449
-277
-652
-489
-261
201
-286
-439
129
85
230
511
918
-11
283
-9
-276
-3
128
626
310
83
63
-653
-491
-552
434
-86
-83
315
146
365
213
532
271
-586
-611
451
-628
351
126
336
-349
-406
-215
-27
287
-159
20
-120
-325
-560
-398
678
352
149
224
325
-791
145
188
-404
-227
-379
424
-678
-459
-541
28
-109
103
689
567
64
-421
1037
26
263
-490
647
-92
-137
-102
-213
-782
-348
313
265
141
470
-860
-384
58
424
-561
289
-355
1276
109
-636
-171
-133
-492
-174
-31
29
-231
-93
-365
-29
325
932
409
114
141
-202
441
-701
660
-5
415
571
-107
-460
279
-683
264
-343
-158
-49
64
-252
-321
543
221
277
-229
20
-674
411
115
-455
414
-84
762
196
-48
976
411
179
223
-169
-587
-488
-47
518
-284
609
-334
612
360
-469
256
493
-181
685
-1117
148
95
-62
-656
-272
121
-825
-432
351
559
218
81
289
-186
351
362
-1010
-154
155
-579
-1215
-580
-1
-165
-141
14
-45
-219
291
-65
-273
-16
734
363
-420
133
711
-103
-25
91
203
-217
360
-115
993
711
-1041
-400
202
-447
34
280
104
312
385
-460
-432
-154
21
-345
-250
401
104
-479
-196
-197
-565
-312
-171
791
252
342
309
614
-92
-295
-927
-511
-490
125
1111
318
-265
-71
206
156
0
-334
-24
217
-193
-119
-91
312
-179
228
1012
258
-292
93
360
-778
327
128
-429
-61
151
634
699
47
47
166
-115
175
-1012
1322
190
-385
268
99
-250
446
549
-398
142
-301
-212
699
1124
-327
374
-363
-176
-318
-11
-99
-842
-358
-572
2
-577
-659
-84
353
48
-477
-611
262
606
-41
261
106
-84
94
-245
21
-124
-327
-946
305
-1019
490
-452
-255
42
424
-252
706
213
-160
-231
915
-14
-133
-677
-88
-110
-1126
-183
-64
-1108
-148
-143
-927
-517
30
-545
235
676
-49
-55
-168
22
458
471
-234
1386
35
428
274
450
-215
-318
385
-495
335
19
301
115
-363
355
-66
-149
470
-188
-397
-617
604
615
139
-305
26
584
-214
-465
915
-225
208
582
-276
16
-332
-282
208
100
-46
-53
354
-814
-643
506
-175
228
341
545
-29
283
126
500
-9
-536
-801
-327
-212
-531
393
19
682
70
92
-1079
-347
-103
287
-152
-291
601
18
238
-1571
-435
181
39
-538
-281
-110
-179
529
-170
323
-373
-991
-183
881
88
-470
-488
104
-294
52
270
-442
174
-882
273
18
-794
-667
-208
-750
129
-490
338
-388
-3
-281
532
-25
-536
153
-190
-226
435
475
-332
-306
-10
796
-120
159
-330
-468
-129
-447
7
26
-370
-160
-99
230
-610
283
233
758
376
254
-243
300
-606
-139
-246
-576
685
777
-212
387
256
-120
295
-19
1144
-41
284
-692
-160
121
-120
-390
49
-25
-107
5
238
695
146
315
156
44
285
432
-324
-100
-434
-151
-97
793
513
268
-373
113
617
423
-937
210
-237
-709
332
331
328
55
422
676
-360
-401
180
-542
-237
195
-681
-418
681
112
-776
323
-361
17
-18
501
606
-743
-558
114
-374
329
-81
-409
300
-68
-625
90
70
-517
232
-247
-51
-100
-427
931
-101
-631
468
-290
-316
230
774
75
526
280
-85
-710
387
-169
-83
-366
-184
-268
441
192
432
165
-550
-355
564
164
257
-29
207
-363
-661
644
-980
377
544
-52
-1250
537
-64
456
456
-278
748
-271
692
-185
726
-263
-219
346
-555
-320
-700
-168
-575
1246
-182
-867
37
479
654
-105
-78
-131
-466
-299
253
-302
499
154
39
-714
-218
-191
129
-527
163
407
459
-296
-287
484
88
846
498
127
-467
-659
183
148
641
-352
75
-615
-156
-526
797
-98
819
326
-126
147
-29
-128
-170
-118
-647
290
18
-140
147
376
507
-81
16
225
244
-486
-133
339
-62
684
-154
-426
265
-252
-169
509
130
-186
122
-372
-281
-988
211
-684
-192
376
-170
-615
-580
-52
435
750
-1019
-185
-36
163
431
-29
194
-337
-398
-592
240
149
-473
-88
-158
-995
-2
-1149
131
324
-154
-153
175
-668
437
-90
31
399
-280
587
196
-6
55
-235
587
324
57
-321
-306
-623
493
280
-82
655
-1380
-631
-236
97
-225
-1053
3
432
494
-682
-438
-412
438
175
-169
-210
-260
-295
-972
-1112
249
-416
188
903
-52
393
112
678
-212
-507
-135
902
-254
-296
-437
41
319
284
-65
-170
14
-27
-403
363
-77
-462
409
-536
-541
328
-1008
-1078
313
-143
-110
421
-938
668
239
1015
-160
34
115
-545
-703
-961
-586
-145
673
453
215
332
-1231
-10
-639
42
1409
-359
401
4
205
7
212
659
543
162
924
-209
188
-231
195
277
-210
-689
-134
132
479
649
-130
-125
-418
290
297
-440
582
488
172
-28
-512
377
109
438
268
419
-439
-896
-937
-389
-315
-605
1153
98
554
339
-125
-81
-78
270
-232
-709
-700
544
626
-279
-604
-590
-488
918
807
723
-5
-7
511
-110
82
-238
-194
41
617
-145
-246
1
563
-328
-494
-228
170
341
-83
141
-330
65
272
-232
-632
-539
-6
-6
-375
335
31
-670
113
197
-67
-576
179
106
-310
-727
51
770
548
-452
276
161
175
64
-257
479
-74
-162
49
31
423
62
1166
-529
357
-106
19
-497
-205
-147
-478
-409
-275
250
716
413
-206
-797
299
-610
137
701
454
262
-186
-831
338
13
-524
-270
-95
273
505
85
-689
88
-602
149
-4
-215
-246
-78
504
151
1177
244
228
506
-18
183
257
40
77
-493
385
20
-410
-266
-56
286
-139
791
44
-432
-75
44
-77
779
-128
-203
-296
66
-324
-895
-884
75
-62
-286
-219
-210
-465
194
9
4
695
-160
-590
28
-405
-164
473
-107
489
406
-890
1006
334
567
1223
281
343
256
743
-210
101
285
-166
174
-496
-229
-773
-339
-390
79
247
1158
21
547
390
-115
-26
-39
-826
203
-511
121
-246
346
57
-218
-235
-111
-479
965
-972
1055
-408
32
64
179
507
-662
53
59
356
-5
-426
-865
32
-352
-291
12
-95
-197
187
270
637
653
-131
223
-90
434
400
-804
-388
70
-16
298
-40
282
67
645
-163
-426
-961
-1181
572
-442
-209
-195
-212
846
84
-838
1367
607
127
395
614
-107
-119
-225
977
215
985
-466
-605
-481
-31
-190
-395
109
-481
232
-131
-292
-382
-176
-451
-382
211
-38
10
435
190
155
126
585
-261
-342
168
660
812
-359
-511
623
369
380
-181
-314
-593
193
74
401
-581
-221
-445
-184
356
-681
268
-426
231
233
736
-363
-286
-478
-85
528
-628
-236
-53
48
-404
52
1094
95
198
22
507
-5
-541
-161
-649
151
91
-122
-293
433
320
305
-225
-321
176
-491
-501
-319
-316
197
604
-124
-479
-148
-181
533
111
-125
12
-677
391
-252
109
545
62
140
-261
123
302
907
-136
-542
419
489
1086
189
276
-936
-599
-637
240
951
322
-82
-286
220
-562
-547
-292
-525
-485
336
111
-1167
1071
-872
-76
1137
-632
-171
19
215
-367
-473
199
501
-75
-85
-53
-305
237
119
183
-167
411
-858
450
-52
696
-622
-15
22
-77
-408
-814
-63
-40
-208
690
135
-223
82
248
413
109
446
-176
540
-436
370
-111
253
-365
847
369
253
21
-801
337
26
-359
858
-18
-323
-433
-218
190
30
28
41
354
138
779
-154
-594
-215
-140
-163
-108
440
631
-131
-530
-426
-608
-108
242
142
37
466
617
-247
-317
226
399
277
945
327
-485
-369
-775
201
120
388
-992
494
325
401
460
520
-69
-245
367
-182
46
-581
191
-226
111
-127
-900
-255
575
199
-401
-514
62
66
501
675
-292
170
114
40
222
-449
28
-103
310
113
-404
-36
-556
-914
368
598
330
317
-79
-345
1565
-286
611
-95
-505
-305
-170
-972
182
341
-51
-243
17
527
205
-404
-27
187
263
-151
-468
17
-218
324
-231
123
-342
-100
23
98
-731
-198
589
365
-376
-941
119
-442
299
727
-423
174
340
309
744
788
-475
342
52
594
315
-382
538
332
-4
-549
-120
-700
134
718
-111
379
156
-198
755
410
436
-339
220
101
400
-62
-296
-318
-183
576
714
-584
-496
-51
336
-525
-1345
-88
-302
747
588
-561
686
-706
384
-495
676
197
-13
1055
731
-80
336
486
222
-652
174
-782
-366
-752
476
-122
-409
-107
586
-218
-347
420
-203
-181
433
-204
63
682
109
112
-663
-162
227
-356
437
463
258
602
-619
254
225
-217
7
-230
-651
218
-406
-459
337
625
256
183
-295
228
931
1056
172
197
90
-49
675
-786
58
191
446
-114
174
20
-450
20
-660
970
408
-1052
-491
40
-132
-21
360
488
454
-162
-1336
-354
-876
-352
-56
258
-555
-351
-555
-2
-142
602
-322
-857
-886
-435
557
-205
770
-147
-103
-263
-566
684
131
241
356
137
-166
-291
18
-447
1017
-560
-33
218
-135
-257
-322
676
393
-512
130
-101
881
-539
379
-825
-356
-7
-352
73
78
398
-552
355
-156
660
196
426
-3
-45
-734
26
694
-558
79
25
-466
-153
0
-392
117
-1161
-763
-26
-429
710
-230
1071
-17
-141
-835
534
-280
633
386
-593
-28
3
-294
273
147
-41
-92
28
-191
-690
296
-786
189
-39
198
271
120
-281
183
-44
256
-144
361
869
-615
-386
331
-680
699
741
-242
-174
-93
92
493
-10
-365
-218
-917
710
-277
405
95
-398
-391
721
-875
767
-104
250
-910
128
181
593
984
159
-467
-135
414
471
289
387
-368
-850
-555
-153
215
-830
87
110
-140
-393
-31
324
578
77
178
-231
318
-435
501
-7
189
-293
30
556
354
134
212
-60
-78
851
-453
699
-386
601
-340
-498
-236
-813
-221
-551
386
89
802
514
658
-51
409
-289
340
526
233
-48
-215
162
-104
78
66
-1105
-111
-175
-198
-370
406
340
-270
-633
106
-139
118
-290
-337
-304
-284
-292
522
440
-17
-476
169
-143
428
-294
-108
808
42
619
-576
-169
456
557
30
-261
-726
-330
1044
726
292
-492
-999
409
-188
52
224
-167
-150
79
367
-354
93
-339
749
-310
298
581
412
-903
-77
431
-26
116
408
182
-217
63
143
156
-731
347
-206
-231
-665
-683
571
-510
-50
-829
630
242
-528
-1058
374
940
-900
66
246
471
178
-308
510
457
259
-821
-47
-228
97
505
-431
380
362
442
-974
-223
71
-462
-247
-106
345
976
-166
-166
20
104
-309
70
348
-370
-547
-710
13
150
503
120
433
584
77
-243
-14
500
-444
-1449
-160
752
-401
138
871
74
222
131
-704
-61
-803
-104
895
-394
-379
-771
75
-414
-624
973
-298
417
28
-402
343
129
100
-244
283
344
-309
461
-100
212
564
20
393
-218
482
-222
-1230
-447
-783
-439
565
-355
452
-386
-433
127
-158
65
680
-218
551
-155
198
-336
780
322
-52
712
172
-920
518
-471
599
255
288
121
-160
223
22
324
-733
46
-308
-12
-440
-962
-420
-1032
-508
-761
146
-306
80
297
275
-90
741
356
-509
-228
491
-38
582
189
-367
-149
-205
613
-482
477
263
290
587
-378
-336
-160
-43
23
334
-86
-623
-355
-860
112
380
-296
434
-353
244
-292
350
487
567
-410
-388
-148
-454
308
-675
-238
374
199
319
239
-70
295
-198
-547
285
-345
266
307
486
335
-225
-349
572
235
-295
278
-133
-441
350
-481
-172
-421
159
101
-253
-185
-243
502
-362
57
-212
-283
399
-565
109
-522
598
533
48
-229
659
-272
-540
782
301
236
-663
440
55
-620
427
830
168
196
160
-589
55
845
734
-463
-535
220
901
437
1005
120
651
-144
249
-409
-491
370
-25
431
98
147
519
51
501
66
217
-646
79
-356
668
49
-575
-102
-779
-1142
-660
-257
-369
-58
371
-275
-292
-310
103
702
-243
711
-595
193
-381
8
397
240
-401
324
83
-613
-169
-266
-226
57
527
216
-75
-123
623
523
103
-107
346
-170
487
-726
-611
413
-144
298
-133
348
-329
275
155
130
-183
364
173
771
541
154
-67
-677
186
-10
-106
-771
371
788
479
-505
303
-59
309
383
-33
2
328
-515
299
608
-439
-846
-122
515
-447
43
-569
57
158
763
-210
-829
-703
-230
-259
-126
91
-621
1445
-273
-58
-77
-915
-51
-502
-670
-47
217
74
-548
-186
235
-522
-17
-485
-28
376
504
274
412
479
318
161
18
386
-152
-591
492
-140
-227
419
25
-260
-330
-281
483
-493
-337
-312
220
-342
570
-769
-289
517
235
294
-661
-649
-188
-67
-568
214
-280
295
450
-84
345
-794
654
168
-193
-33
-108
147
-672
82
-88
-418
-152
456
-88
216
-256
122
-17
42
-42
8
222
-169
-231
-93
108
-285
-273
361
67
484
137
-542
367
323
-125
292
-241
-153
50
76
-152
-308
207
45
-44
-665
-510
-578
-127
-185
-244
-698
-560
-107
293
-615
-8
-109
-106
215
72
-820
-92
-852
-117
217
-818
-529
679
-411
-301
-142
-223
-248
-44
149
-39
-375
-770
-574
182
204
206
201
579
-788
112
-168
13
-221
-48
-456
-229
-184
228
518
217
718
379
34
-255
-483
-231
-148
-245
257
-628
27
654
-380
496
1120
582
-135
534
157
627
145
-528
-376
147
-299
-40
-395
575
628
637
-372
399
430
408
-157
-164
47
144
-315
546
-501
664
-576
-649
553
444
154
612
-396
654
260
-469
159
-29
-844
381
-308
84
656
1219
138
-70
-639
-530
475
-238
-528
-179
-197
-591
-294
810
25
-130
908
615
-207
-720
-109
100
-303
298
-125
444
106
84
-159
94
-246
34
-435
-777
-342
25
517
224
-369
-104
407
251
-746
143
228
125
-397
797
271
338
-993
-607
-603
304
104
646
-115
-241
-371
277
-442
331
-488
663
-530
-98
-346
454
112
-10
-489
-2
155
157
-121
584
-65
246
524
-295
-361
-96
53
76
-64
-46
-160
-197
203
-608
-490
-435
-598
297
-465
-347
-1067
579
-321
-645
46
474
-945
231
-138
356
435
-1061
1036
222
87
682
772
982
428
22
499
190
-219
-490
62
104
319
-292
286
16
290
-416
-251
460
482
229
224
58
18
596
-332
-529
-349
302
-664
-687
-756
368
185
-516
182
-201
-482
-455
-430
618
114
30
-379
-500
-341
-627
348
146
-47
146
537
-183
89
-636
-200
-66
-410
-122
-345
-213
-353
535
-673
90
455
66
-415
46
-823
337
64
-735
-158
365
246
118
624
395
562
773
341
-361
18
-566
-15
161
1000
-465
122
116
-98
456
-365
-138
350
511
-257
-650
-505
84
-517
-218
198
277
-283
37
-734
-172
-207
538
-192
465
440
-87
-737
-1020
1104
415
-908
223
-66
-779
276
-271
285
216
-44
313
-76
229
-707
-196
49
959
-464
196
477
-366
222
-722
58
-327
-228
171
-231
-443
261
-446
354
611
556
-118
199
-155
-292
376
-234
-666
-912
-96
-68
-244
329
270
96
229
-377
331
511
-425
36
169
-440
348
158
82
-201
430
476
-279
-206
358
315
-88
74
-118
-372
114
421
-7
91
-200
-202
391
326
-426
906
-467
-388
18
-518
-101
-614
499
-366
-259
-92
347
589
-257
194
19
130
634
-69
-632
-128
385
-86
285
-117
470
-73
320
513
529
449
540
541
370
-486
-140
-492
-56
-496
320
-138
-411
-390
1
-468
169
-50
67
-418
348
-404
-113
-263
-8
429
-1032
-581
578
185
717
-723
-36
-419
-108
244
110
289
-485
-1114
68
-198
-653
-54
-827
187
-459
99
86
-266
-672
-1015
512
-448
282
-273
134
-220
443
-627
959
-137
333
-376
297
-361
-493
-165
229
508
-588
523
-592
-9
-570
-354
254
-370
168
1035
-266
96
-705
186
-197
-212
63
49
437
574
-81
-588
-271
-830
-45
771
541
-60
-507
378
749
389
545
179
-104
23
-232
59
-232
-694
509
156
-276
-204
124
-360
-193
-248
578
-721
-499
244
620
-25
539
54
-40
-230
-782
-479
-302
19
421
451
347
-1086
123
-665
-131
342
-602
-223
775
-137
-19
-484
-161
-100
128
275
-872
730
-74
270
-376
-728
-376
159
597
524
-216
15
186
711
74
269
-798
-470
971
-436
-689
28
475
209
-303
487
-379
-551
232
-272
66
503
-120
-41
475
31
151
485
64
-200
288
38
97
161
-130
-368
58
33
846
313
-433
-49
37
-72
160
-548
263
17
-9
-371
-265
104
-21
-382
-209
288
-77
156
23
-489
804
-100
75
852
1050
-155
538
75
359
31
-405
-169
-82
-694
-391
-494
532
-125
-403
-319
180
319
-553
-493
-332
-191
-508
90
-149
-356
-285
1008
465
-42
-299
-902
514
96
-669
374
-705
-244
-52
131
389
459
149
-550
-152
-194
124
709
223
534
888
1242
2
243
-9
-730
-359
286
-97
313
612
578
342
-113
151
-601
297
365
212
13
647
-344
912
570
-142
-42
467
-352
410
87
-322
-621
-270
-364
358
-103
-127
762
-179
404
-47
-916
301
-57
-116
-152
-438
424
390
-266
-562
-473
170
-224
-183
449
-55
-112
560
136
356
-543
-458
-678
-568
158
107
-367
-176
645
-789
408
-562
160
-111
359
380
541
-159
367
382
-362
-248
33
-498
318
575
-659
-238
-228
80
708
193
-927
-18
-195
780
144
-970
730
-723
280
354
887
-67
-683
673
7
-267
554
-244
-166
254
605
550
207
-550
-515
-972
-425
-138
381
-478
571
719
-25
161
-633
-290
345
-93
69
1050
-153
-90
-516
174
189
-299
-271
-340
-101
-252
-382
-472
-235
135
-1065
-239
-226
-392
701
271
314
98
-271
-756
-658
-226
-99
