50 100 484
0 0
0 7
0 19
0 45
1 30
1 39
2 9
2 15
2 30
3 0
5 14
5 17
6 15
7 3
7 21
7 25
8 9
8 10
8 17
9 0
10 49
11 35
11 37
12 8
12 27
12 43
13 28
13 48
15 1
15 15
15 22
15 31
15 34
16 7
16 18
16 29
16 42
17 1
17 43
18 11
19 12
19 46
20 25
21 7
22 1
22 12
22 23
22 43
22 48
24 1
25 34
25 44
26 7
26 29
27 28
27 36
28 20
28 49
29 25
29 27
29 44
30 35
31 15
31 27
31 35
32 29
33 1
33 9
33 16
33 39
34 3
34 21
35 24
35 42
36 13
36 46
37 3
37 8
37 40
38 5
38 33
39 17
39 35
40 20
40 29
41 20
41 36
42 15
42 16
42 20
42 34
43 19
44 13
45 22
45 29
45 36
46 21
48 35
49 1
49 29
43
0
37
51
96
86
6
67
88
9
97
2
20
16
19
50
14
74
84
38
46
61
30
87
42
78
23
45
68
29
5
92
62
89
48
44
47
1
13
82
21
76
40
79
26
85
18
31
56
94
98
70
77
39
36
41
64
71
7
28
58
3
57
22
52
55
32
10
4
27
49
66
8
90
93
81
69
80
34
25
83
35
59
72
33
65
15
91
95
54
73
11
12
75
24
53
60
17
99
63
328
-64
-1357
-286
-407
231
547
-503
341
636
-97
-457
-65
483
-887
458
26
-586
19
743
-276
71
-421
-606
324
462
-716
-231
312
-490
1030
80
35
247
-292
555
102
482
441
357
639
-561
-258
558
143
289
92
-282
-668
-815
749
387
691
-258
-157
306
-322
-544
-402
-69
517
-684
-116
628
170
-80
287
280
-73
265
130
760
173
15
-36
366
-343
227
192
82
802
934
710
239
470
99
-470
619
394
294
-645
458
-236
-363
81
-190
-688
724
73
-272
-583
-562
21
400
142
-102
659
-140
-515
-34
-381
-367
354
-113
958
-374
-901
68
-356
-1
259
-409
-267
273
937
73
473
755
508
30
-247
568
269
-669
418
-455
341
-174
-655
-442
307
-243
634
-121
283
156
-127
466
-151
467
-12
580
-36
246
294
202
641
-520
-418
490
212
-25
1286
222
496
-112
-234
478
-341
-950
346
300
68
-137
516
-376
904
-52
399
127
48
655
-403
117
-46
28
-540
188
608
-298
104
261
-120
-583
-115
494
317
384
-225
98
233
509
348
-135
129
-427
-390
133
-397
239
41
-52
-423
-338
-716
-153
-330
-20
49
-484
314
297
-800
111
51
-14
155
9
-1139
-249
-523
612
1182
-209
-697
-461
-1091
-112
-5
-243
-1145
-186
-1114
-636
-249
-240
92
214
-519
-676
342
636
703
-154
747
-633
281
-139
-620
-207
-338
-804
-59
-329
-505
123
-121
298
-473
-202
-16
-193
-458
-524
82
-119
241
270
-130
-511
27
811
272
-32
-200
439
714
178
530
-148
640
-621
-224
-262
111
-452
-183
-535
-639
-716
-279
672
-544
-583
615
533
-19
495
853
-137
-914
-194
-653
-131
-64
95
1103
359
-128
-112
97
1111
980
517
-99
-398
-335
393
-63
586
-288
-898
-395
117
805
-21
-221
1
-262
-834
330
36
1017
179
-215
-274
561
-517
56
-400
378
346
142
-557
704
-115
416
209
-480
-319
439
-98
199
565
217
-416
203
-200
-465
-130
-765
240
11
572
-913
205
242
172
6
2
357
-414
-45
-361
531
-357
778
354
-539
56
88
-353
784
-332
552
1215
284
-8
574
181
324
-321
288
-586
85
-134
-667
-806
50
-453
52
11
-177
656
65
-143
-748
-203
-274
-372
42
67
60
-359
-533
341
-16
-668
-778
-381
-564
-577
243
-135
-543
-143
19
238
638
795
-709
572
343
-516
-3
193
685
-369
9
-143
-260
-51
316
-153
-826
-3
-252
-185
870
-860
-808
158
411
52
161
-711
-614
17
506
-857
263
337
424
-287
75
-230
-179
-77
-9
229
489
194
-323
-106
101
63
-793
-174
-90
587
-412
124
174
157
67
374
-276
-164
40
421
-32
-319
450
-177
-585
530
183
206
-46
102
383
-496
-309
-93
56
-323
208
-532
-415
-306
708
279
61
577
-320
-291
-213
-334
-286
874
213
48
2
-212
49
266
578
-57
219
845
741
-513
-63
-103
-279
343
-155
626
665
-454
-125
136
1465
39
-927
944
656
-243
534
-83
678
-290
88
-60
200
428
-703
-44
-147
341
384
92
257
-17
-460
72
-467
515
-689
-16
204
255
133
716
168
64
131
-279
408
-41
16
-273
34
235
589
-192
-99
297
33
-39
542
-858
-443
145
-208
-1308
-445
-250
-304
747
-626
-498
109
-479
-244
-814
559
-427
319
-686
506
23
93
-64
1127
-138
-607
-775
1348
111
266
809
-56
647
-919
19
-920
-199
2
-198
476
1496
-281
-1116
-203
492
-135
-453
475
221
-1
-440
-493
-316
205
862
436
-48
934
457
-422
-44
465
-506
-658
-123
169
-6
356
-418
75
-295
409
-285
952
214
-234
-235
138
368
736
-126
42
-301
373
35
582
-829
708
369
1385
84
416
689
478
-581
-971
205
251
-249
795
128
166
878
10
-161
537
554
-342
397
-393
-424
339
-258
2
-208
-44
-800
63
-331
785
-413
381
44
707
-228
495
101
503
942
370
41
-689
599
-369
-31
73
615
-62
-253
144
961
-50
-366
-1099
-398
554
-81
-1445
1037
573
302
10
470
-1354
173
-751
453
-18
-178
-520
-10
-132
34
12
401
410
669
549
134
-1049
140
53
342
-607
-1070
-84
142
-738
-16
1085
-281
262
-514
349
83
-756
-320
191
-262
101
124
99
-529
559
313
198
349
-951
240
-135
-3
-781
437
93
-490
1036
788
719
310
-386
401
-140
-558
368
497
-289
340
114
-553
-69
-560
22
198
590
622
67
-159
125
-494
528
-338
-392
-410
-12
219
-391
289
577
-468
-364
120
-21
740
-395
25
-296
885
592
-244
160
-108
716
-197
82
-267
-230
-230
-58
-15
-376
676
327
-717
316
1087
44
-640
-255
-1337
406
-133
68
-26
1098
-511
184
166
183
-72
-111
162
-519
-212
-578
-334
438
-738
-691
-60
291
192
553
-26
209
48
-56
289
-708
395
320
-320
125
-313
-79
-222
-799
-331
-280
967
115
-155
381
363
694
-75
-395
279
-415
888
650
299
138
393
991
295
506
-411
-353
1064
-600
820
6
-479
-441
-706
-152
38
290
639
-500
-615
416
-109
-239
-17
-655
497
-234
-855
-72
-49
-102
-404
-45
-574
178
594
-125
-249
-250
-258
276
179
-21
1104
-302
-89
-336
-155
283
216
1115
-422
498
77
-8
17
420
-944
-223
-353
1010
-848
-571
290
823
-116
15
182
145
-23
-306
347
168
-634
342
-789
697
336
287
50
-54
-720
773
1008
138
-602
-103
1079
302
-561
288
99
-286
446
1056
443
-572
413
209
-76
-100
144
-334
267
-94
0
96
-458
399
116
-2
-185
-459
-251
-846
-931
-747
-618
-2
607
981
-701
784
393
-134
-524
-265
453
-28
-410
-409
647
-558
135
-482
385
-439
-45
217
36
525
1275
1353
223
603
87
386
98
573
-241
139
479
646
-310
399
-307
3
174
-482
-1033
825
788
-573
446
141
-980
-238
116
-1033
-934
603
510
20
-412
-391
-363
-230
-261
-757
-83
658
1218
69
569
-577
-488
-508
-602
475
1031
-164
260
-1388
761
-1062
-175
727
-180
-255
-303
-608
377
-251
-76
-290
503
-496
207
280
-461
809
-185
115
104
-526
197
960
65
-469
1050
-83
-404
-958
632
272
104
-273
-48
480
-101
382
-518
5
-588
-252
218
-1002
59
-457
-91
-287
484
1018
424
435
699
-281
442
159
-396
84
-333
39
381
-175
-130
-106
-27
-4
120
-79
28
-522
-462
338
578
-195
-523
15
-459
469
-135
-596
149
-19
-472
178
147
-192
-158
386
-602
-828
-100
847
29
-399
-410
110
177
-763
-591
29
518
-279
-425
-133
-1009
-378
399
814
-423
-230
-255
316
1250
-501
8
-477
-676
-864
-119
405
246
119
255
-781
394
570
482
419
401
0
-406
340
-640
271
146
120
-297
540
298
-229
-871
-512
1051
-129
530
119
-160
-395
416
168
353
54
-333
834
704
-349
-826
-490
-201
340
-568
1216
145
-187
8
450
-278
78
-274
733
-245
-49
-787
-445
61
653
474
759
478
-438
900
-435
110
-394
-221
417
558
31
43
-214
-540
281
553
427
154
258
186
949
26
-1253
383
-567
-397
193
50
-136
125
-395
372
1181
95
385
43
-968
-433
-668
-382
78
84
-293
-208
-174
-80
40
-732
317
-344
328
11
231
38
-1006
28
-789
204
166
330
-321
-251
280
-154
711
-669
-113
-477
271
-399
1161
629
-178
231
1060
-538
-106
368
1242
-114
114
71
-463
9
1035
-128
183
556
521
-354
-265
-426
-1173
-377
-165
222
-23
25
-158
-253
-257
-484
772
425
-561
-17
-35
1039
-16
864
-1440
-184
-584
83
-1001
330
-964
139
543
-223
-653
62
-305
-807
560
-74
307
1056
-252
39
-1074
575
-819
349
895
4
-172
258
608
353
1310
-1085
-593
-114
-109
112
-108
39
-698
146
-159
-1112
355
-162
-175
43
-80
223
380
124
-966
7
-125
-94
-993
208
181
-687
360
-157
-728
-18
-402
-753
-115
286
1040
239
-124
-98
-272
-584
-686
-524
76
-711
6
-469
-381
195
845
560
144
-124
440
-925
490
492
431
376
-245
165
-794
-552
335
209
216
-1137
218
138
-539
-246
-1280
-373
413
-393
-103
-152
362
-581
301
-136
-663
117
-477
-103
-124
232
334
-305
-264
-407
-126
528
314
431
488
339
-713
308
-395
-535
-95
43
1147
758
406
141
66
-773
222
-517
327
393
751
520
207
-1023
94
603
657
446
-767
-23
112
-525
-1303
-25
-636
-396
1045
-173
-345
102
387
-93
-108
-401
72
526
-930
-231
-700
126
-589
41
699
40
-202
-30
427
53
16
-427
-712
-273
25
208
673
272
179
429
-574
461
-404
-587
-50
461
-585
-26
61
214
131
-683
264
-16
444
-152
-79
-288
-583
365
293
396
-895
793
312
-125
1031
357
-207
91
351
-299
-656
879
62
-485
289
-190
310
25
-155
53
-94
224
-148
328
-1429
502
-235
151
196
246
524
159
503
1237
62
-150
-285
-13
-420
-763
225
-185
305
238
-53
-436
188
84
-752
-365
109
869
-535
11
-101
977
169
-116
-805
85
1330
600
-169
382
-46
208
142
-222
-328
-994
-357
-210
137
-88
-97
-122
275
853
261
91
230
320
701
-224
-187
297
-280
-407
-707
-53
-1318
468
-604
186
-147
-73
-1357
-147
-450
-1341
238
409
-563
670
305
547
-618
-511
-359
-322
118
-18
637
-103
-469
221
444
817
-662
-523
11
873
-1232
518
-883
-486
286
-77
357
-620
314
373
-134
-299
-1199
134
-255
-357
20
-304
-606
1182
-389
8
-70
127
234
-60
-52
-276
-194
253
96
244
288
-680
932
-954
-420
-199
17
-184
380
-7
37
-906
520
239
418
-334
-164
761
-42
716
916
-432
110
-373
404
1314
477
136
5
82
512
496
-204
-389
-486
-468
-1085
-698
-673
-477
235
-574
-569
-153
-299
-789
295
120
-1371
91
-562
-25
-726
-523
628
-324
507
463
536
-347
41
-487
292
-113
658
-134
-914
21
-227
-255
905
-388
-797
-388
-810
-396
-273
-725
-531
-702
-339
60
-173
-80
-326
272
-335
-60
818
-277
506
-150
232
65
29
-18
543
-364
-259
44
-201
-314
-325
-393
-58
286
-474
-81
-132
351
940
-343
710
262
678
-706
-231
287
-321
-613
-235
579
-709
-177
-407
345
101
-456
244
600
518
704
-906
415
693
-167
545
363
268
-87
-1153
120
-645
1010
400
-326
919
134
289
-810
127
178
-160
-726
365
-341
330
744
234
-731
76
848
-193
-114
-322
540
681
-797
-759
416
-228
318
90
345
3
-486
-274
-919
317
-516
-281
-410
-574
711
39
-773
-69
-436
-214
118
-94
-360
133
-552
206
-584
-519
116
28
-323
-115
301
-216
-1083
49
-15
507
19
-241
306
-415
-198
367
1060
-299
-69
-1055
-434
-285
16
-159
-1233
-302
145
343
89
-269
-1843
-118
-79
-630
-846
-332
149
-79
-256
1348
402
1100
244
-137
111
234
397
-652
-205
-588
-489
-69
-231
-493
98
-737
-404
241
194
-339
346
-396
-583
904
-861
-121
97
-480
526
-144
616
-438
-624
390
50
-303
-433
528
-234
179
128
-128
202
-483
348
11
-362
386
-435
233
-257
240
135
160
-381
961
-620
556
-90
489
465
433
-561
28
-99
288
-771
91
294
1012
272
-140
-429
-367
391
-500
447
-402
633
721
9
-961
-183
746
89
-807
628
-111
397
835
167
631
-3
-263
-505
-153
32
-478
-138
-57
244
213
-305
41
-360
816
346
105
624
-3
357
246
-328
-184
-293
-41
-328
708
-155
346
-437
-189
-565
84
-465
-183
-242
330
-487
-343
-335
1279
16
-341
-726
-415
-814
-542
354
-30
-444
-139
201
-740
-632
-267
196
-330
-514
175
22
789
413
-360
223
-267
754
-240
684
-476
145
-1052
459
-888
76
460
368
-493
-866
396
-723
-111
352
-127
-1124
-304
428
645
-141
397
-562
115
-252
107
-194
206
330
-949
61
-298
344
-331
114
553
278
-124
778
347
944
-554
-497
145
589
323
353
273
863
175
-456
52
214
-482
-56
-383
-810
287
505
428
603
25
287
94
220
-557
588
-229
-133
406
112
162
460
-125
718
-320
-238
231
272
-649
1027
492
74
378
144
45
634
115
-368
-513
-573
-778
215
-347
-166
222
-359
-176
1095
-704
951
375
-579
167
-384
-781
-2
-199
-248
-555
-847
120
-833
-243
269
-355
-61
522
-272
500
-29
55
82
-169
183
-25
-198
516
10
627
248
249
529
127
302
-542
311
771
-436
-187
-167
235
-438
73
-482
597
-454
1152
-270
366
356
86
210
419
137
-100
241
-131
113
-136
-338
-199
70
-435
104
368
-657
133
694
622
-136
-839
-21
648
-900
-312
1185
-145
-322
-1019
570
-68
-391
-146
-881
343
160
-112
369
87
187
138
856
787
333
-927
401
66
6
-518
954
-47
116
243
88
545
724
-919
-251
390
-80
515
-17
51
-343
578
-910
505
427
313
-515
-376
6
11
701
1127
757
-264
-406
-115
276
-353
-587
-160
-190
-3
172
-316
812
122
-624
-262
8
556
-593
308
-174
538
511
-104
204
252
243
1180
664
-1226
148
-620
-383
-41
-133
-607
400
-97
-428
913
-307
-446
388
-375
486
278
192
533
-143
-904
-214
-388
515
-447
-341
-154
-62
130
211
-392
-252
-403
-247
-50
333
-275
177
427
439
89
-671
127
620
53
120
-140
-426
491
11
1238
-217
-182
34
185
477
-209
-177
-183
-203
-515
-933
333
-257
-257
-224
-156
-465
396
159
396
607
-208
-1074
683
219
645
-430
-848
195
213
709
-298
1023
270
89
64
-175
615
-169
254
-50
-204
220
1103
204
98
348
-682
594
206
-196
122
98
174
-881
-872
-371
-1299
-352
394
-608
-119
-118
833
458
810
-376
322
-737
355
679
512
-264
-549
385
-547
175
507
-462
-191
-99
259
-670
-263
179
-46
291
-762
379
-67
185
-249
619
109
-51
260
114
17
-310
522
502
-371
239
431
-334
714
309
172
32
-99
-359
-289
757
-869
2020
329
-35
-130
463
381
-124
60
415
-618
-50
-734
-460
922
377
-25
100
257
24
555
-481
177
562
116
270
472
-140
36
426
-416
94
632
-441
-154
421
-96
168
-414
-636
235
528
-100
-86
-52
-661
691
-652
322
-93
191
163
-270
-141
-85
624
-291
480
556
-490
89
136
298
-173
653
101
42
-357
32
406
522
-488
-28
1170
-250
1
-184
-505
1
999
495
-587
268
715
12
-412
61
239
-376
419
246
125
565
-292
403
818
-399
-42
-945
32
-3
415
208
-2
-509
372
-199
-265
-315
-1003
-2
1489
323
617
-714
-664
377
-336
240
491
-366
-488
-16
-309
82
500
-659
-213
536
424
-47
508
421
646
-503
253
76
662
-420
314
42
-246
31
939
204
207
-82
270
-824
-387
648
22
578
294
-612
-233
741
882
341
197
29
903
348
-396
-426
-198
142
956
200
-53
599
1145
445
302
57
-301
-192
-122
-563
-96
390
-455
-274
-399
137
-327
-824
-700
27
-138
-110
-272
220
24
327
287
26
-26
320
-361
-348
579
-209
-756
309
-355
40
227
-243
-182
175
268
-406
-226
483
69
-609
445
176
-130
298
-304
-329
0
516
348
-299
442
68
-928
174
-723
102
-32
-177
245
-908
476
21
297
-57
245
-126
961
-149
-152
300
-217
2
-792
267
-238
-1019
39
-250
-801
160
369
-125
108
97
-88
-268
737
-824
-520
-1152
552
279
-252
255
29
53
312
-600
-190
-424
545
171
119
-78
132
-390
-312
166
-809
378
495
496
-255
-319
159
-736
141
-242
125
-81
-678
-203
186
-111
-392
-571
-160
-516
29
551
-428
-55
205
-20
70
-627
311
-64
-534
153
423
228
-792
-270
-373
1265
-494
16
122
291
402
266
1250
-340
-541
715
-856
-93
-617
114
-385
-277
-1057
-309
-755
-40
587
-606
689
-87
-276
-30
124
-520
92
637
84
441
458
408
289
372
-884
-68
-141
260
226
432
-42
-496
-444
-1685
113
10
-606
477
-346
634
-129
153
55
-212
405
-63
309
340
479
501
417
57
92
-897
62
-713
321
-186
-757
892
-438
-326
840
-184
-340
83
196
354
283
100
-107
636
66
-211
63
838
315
153
-151
-246
-602
-10
770
-25
778
19
-861
172
-217
43
152
-423
-285
-898
641
-35
227
162
-834
35
-316
342
513
214
-197
232
-409
-315
-62
-666
-108
264
-199
84
947
-984
552
-174
186
330
-359
279
-680
676
-566
183
214
236
266
-187
-102
-352
-120
816
359
509
201
-1138
-396
225
952
-179
616
229
-430
-965
-723
579
461
-802
156
160
-162
-671
-201
281
641
-153
106
131
-155
-3
66
-174
-323
264
-559
-136
-223
976
66
-208
-215
262
-228
73
-265
426
-757
-102
89
-25
-1350
358
115
372
-32
119
-127
65
20
105
70
1306
-833
-356
-51
9
211
415
355
27
-396
356
163
109
776
-248
-320
404
539
-475
177
-133
-384
-397
-112
564
699
-393
-157
303
-950
-64
997
644
317
-325
-381
-433
-599
-746
483
792
-374
-135
-503
-329
-242
596
404
-463
-342
-295
578
-925
192
-47
-398
-218
378
760
-520
-675
685
-1092
-440
-573
-39
762
149
-1332
-115
-253
-294
-285
275
-124
771
299
-380
4
537
-431
-83
-7
-319
212
639
-302
-8
-731
140
62
-698
224
-260
768
-924
345
-277
-929
23
-198
188
-99
-149
-384
191
-609
486
65
-139
-461
-525
251
33
-166
664
545
-154
-9
-310
-783
756
-45
89
41
-370
118
-883
-174
174
-94
148
-665
931
64
-34
-283
-242
-535
-224
495
470
385
-582
978
277
154
-75
619
85
-301
-106
-433
-792
15
214
-124
538
-285
-972
-430
-1190
1047
3
596
339
620
-348
328
-323
-810
-148
-464
-227
215
8
369
297
1256
-158
975
-131
-198
-171
60
-1060
49
252
258
-1
-164
699
-354
-40
-251
-725
2
-438
-33
623
-187
108
-91
58
-32
422
-380
-413
-759
-167
-642
-437
340
173
808
927
414
-492
549
221
194
450
-118
447
162
57
771
-28
152
290
-903
666
-460
31
-189
-79
-384
263
900
-311
-606
-598
-670
-39
-176
509
-208
-625
217
-76
-679
644
691
-135
113
-228
-27
-737
-199
-66
62
490
73
479
-162
-230
6
654
188
1048
224
583
-1
-496
-332
766
-244
-274
-416
685
-533
0
1195
-134
233
402
791
-1787
1277
-144
81
-4
156
-419
-590
-144
75
-519
427
791
-849
-657
932
501
809
673
676
460
781
-657
181
409
747
-112
1425
69
-197
1173
947
654
219
-776
338
590
263
-88
-1065
-522
-666
-493
-715
-277
1039
98
-597
707
-697
410
-230
899
1517
-858
366
117
-50
98
841
199
670
365
-201
-441
673
1602
506
628
-132
537
-125
526
41
15
-28
462
-91
-14
-3
-31
723
648
-139
-402
-441
262
-290
-1106
-34
-190
-72
349
99
-641
-277
-670
503
-604
98
329
-29
420
-430
163
86
451
-9
-392
-508
607
-24
-84
-161
1047
198
-639
196
923
-499
112
-177
117
443
462
131
369
15
989
-389
-67
876
707
-576
-240
718
159
70
541
822
23
292
162
817
269
429
-573
-735
337
63
-129
-545
-211
192
343
-38
305
434
446
-413
585
332
-1164
162
237
-453
-167
107
80
-74
-623
-108
923
-647
-284
55
187
-330
-77
81
-146
705
-571
176
184
-189
557
-840
-51
229
-1211
63
-385
133
888
-233
769
69
-713
186
-535
-488
363
378
715
389
-392
259
1248
470
-100
258
276
1224
213
485
466
30
113
485
606
82
-61
388
553
403
306
197
-186
-55
-375
502
-126
-550
554
612
-665
-25
-510
-487
788
-626
343
514
606
68
204
-380
318
513
-4
64
519
-516
362
-261
19
-196
241
-3
-172
117
251
-435
-112
-210
701
-451
920
404
719
-503
-385
516
642
-1044
664
-18
-341
-654
-98
743
108
-52
-1025
-864
222
-110
384
-130
-531
496
-479
-546
-656
766
-4
-249
179
-219
-308
-267
-350
-248
51
-1083
570
381
-576
-1067
-11
308
-386
-230
-251
-196
229
-317
510
218
-95
-601
977
-694
-159
266
-28
-419
-4
-544
-243
-526
-346
148
-442
-901
645
153
-571
18
225
823
-272
-273
469
-100
-384
55
-1200
1198
-390
-739
362
486
606
-530
-203
-359
-373
-77
342
-537
627
538
-146
-76
-165
69
-74
-111
168
428
-453
-222
139
630
682
-123
-494
-861
152
-331
586
699
-357
-242
-642
295
158
57
-362
384
113
-101
-347
-254
76
189
-111
-524
-1046
-69
-114
732
-630
137
141
630
103
-335
-308
568
-1203
328
-184
-240
430
65
-410
-101
-437
-182
282
-273
188
-144
879
-264
1262
-465
445
-344
-48
-688
117
-264
-60
-220
-562
-35
-705
-44
151
338
-117
252
-508
1302
-177
-252
-339
238
-400
764
19
551
-80
852
-590
237
-129
-316
707
799
59
509
53
-116
352
-11
184
-54
728
133
-479
-670
1277
97
637
-150
539
-916
600
99
138
-650
-467
259
255
-756
-90
-464
368
-405
156
422
-360
44
7
-122
-238
-809
572
-165
-415
-154
-1521
163
-384
-506
907
-15
-680
-291
1273
-329
-409
-982
41
-559
207
540
364
-45
521
674
-81
364
353
668
403
1134
-252
218
-418
-190
632
265
-105
137
-68
81
550
121
-102
45
110
-234
502
-370
-475
443
179
138
-813
589
591
72
637
-726
-332
-345
648
-867
268
-145
-506
212
-711
993
-205
-119
387
700
206
817
-181
-405
306
1377
-231
-572
-873
-743
-343
-394
243
-1385
159
393
261
688
176
41
330
451
-116
-39
-173
26
71
185
286
-72
-853
251
186
1367
102
-126
-494
-717
649
68
62
50
296
70
5
-596
1195
84
-622
106
-307
-591
434
405
-1809
-553
153
555
682
316
-566
250
401
-90
174
165
25
93
-409
-504
-694
155
-205
985
-353
349
687
-506
635
-393
58
-774
697
-947
285
-500
598
-559
846
-135
-603
332
209
134
454
-604
458
-171
-188
-253
-20
-537
-796
-864
-338
-325
-299
-643
363
706
429
18
525
277
-231
-403
-289
432
-492
988
-11
214
-254
-189
68
-129
-343
-247
638
-653
-606
-185
-534
356
466
760
-746
116
-25
121
335
693
-270
17
999
235
-55
-458
145
-407
68
-111
42
667
310
267
-101
-31
303
-127
335
386
-397
9
225
574
-703
-182
-5
-291
108
222
-631
413
159
432
-181
246
-192
79
-320
-84
802
60
-298
-1065
-263
-191
-1313
266
784
-572
252
-393
115
-593
298
19
219
-451
-530
26
664
-143
-50
1373
110
-629
-223
-361
-49
-427
33
154
362
-333
219
39
-433
-471
604
430
716
846
281
-181
-63
-264
483
127
330
-665
-167
-438
-887
-98
-556
-176
53
141
452
-615
-598
443
681
289
-165
236
-238
-202
-46
58
-1131
800
58
-100
-558
-201
-583
41
-691
197
9
-976
-358
230
191
-96
140
1153
-474
-922
-264
335
331
-515
-211
-625
-575
10
-1132
806
-713
228
-944
-246
138
308
-511
-775
-329
-153
389
-114
1187
328
-380
-131
132
439
-646
-300
-1009
17
-1458
626
443
-219
-573
156
-993
286
686
1012
81
-414
-233
-587
-432
-228
-373
253
181
403
471
-306
53
-180
773
1281
-416
646
-460
-769
-608
334
1081
-246
-87
583
1129
-118
-403
-585
-264
-325
-268
382
114
-1133
93
611
-60
-370
-487
566
-1058
20
649
-575
406
-1005
223
158
640
89
665
506
143
1082
822
455
338
196
-734
-467
156
-1055
419
42
175
355
110
-433
468
438
-821
172
121
-23
-131
-9
-302
-76
-59
385
271
868
307
-6
-496
413
740
-319
-254
-54
816
-6
173
46
352
-523
-478
106
530
1206
-822
307
-54
72
204
-261
-349
-19
-112
198
248
-458
563
-199
577
186
-324
117
572
-229
130
-419
-461
-179
686
945
326
-74
-199
-973
-28
-548
456
-501
-66
426
1009
392
650
668
-49
-587
-431
264
-859
140
-292
-336
-586
-705
678
-161
-944
-407
-287
-390
-560
69
-214
790
-6
269
-1088
-483
-608
45
74
-460
-32
-343
47
-381
747
-258
-869
-566
263
-651
-866
-358
24
683
153
-371
727
714
-1051
-82
379
158
576
-520
-273
-145
689
-624
-9
-87
-260
-83
-433
297
-25
-154
175
-558
629
-48
-256
360
-304
212
-1060
-563
-89
-366
-34
-418
47
293
252
563
-181
-669
234
94
-186
34
131
491
79
212
426
671
54
-42
-210
-858
168
-179
887
93
-716
-103
1040
26
-638
-220
155
524
58
82
924
-516
597
253
578
-54
-589
-163
16
-246
582
205
-545
148
648
-65
-637
-401
377
-541
-129
277
460
31
4
-359
113
796
-261
-1153
24
1024
284
0
-78
19
-43
155
-145
-653
83
-676
-734
-461
16
757
315
-161
-520
-149
253
174
-314
142
6
-160
794
157
237
546
199
624
-120
346
142
211
-561
268
863
432
-407
-384
27
153
-26
571
-220
364
-31
-50
-100
-182
-469
476
80
175
-217
-244
4
550
130
794
278
110
257
633
364
-379
589
-30
493
-687
712
-369
138
903
637
16
-552
-868
-101
-55
-56
-3
543
253
-28
-652
-600
1353
-344
292
-858
-511
484
188
-329
-50
523
226
-134
450
183
-583
-127
-751
-369
-518
558
378
-312
-495
-293
79
99
-499
-477
144
519
-62
767
-242
969
-220
-306
-770
-203
-356
-647
-45
-186
213
-783
66
272
-185
-160
-690
1212
-948
-75
200
-760
-300
-235
721
-377
-677
542
-537
-231
-367
610
-1011
63
464
-880
-537
-802
588
-228
-25
-8
153
-363
558
563
40
-293
-543
-591
-119
643
244
322
45
798
518
484
293
12
-4
-31
-106
725
423
712
-279
178
291
-48
-803
211
144
443
890
562
-355
-325
316
102
-737
-324
571
828
414
10
478
516
400
-491
178
918
-279
-449
-102
-500
675
-735
390
-555
-471
-61
-203
-107
-290
-196
-816
-178
-728
262
-351
35
348
47
26
356
801
-1362
-755
774
-46
-649
555
-176
-271
-98
704
80
1303
572
-560
-368
-239
-848
4
725
-103
53
-88
-463
233
-436
-982
308
-51
-133
-1216
-118
291
-176
-143
-531
-594
-548
-316
2
-14
-451
221
276
515
379
-653
288
624
-449
721
-840
757
-415
94
685
4
-480
-107
-39
-659
289
527
-111
995
-343
-24
157
-79
69
79
-300
137
151
-31
-91
399
659
1
-300
-512
-606
133
-127
-324
764
-626
-17
-374
725
-709
512
189
262
-484
102
1010
-351
-135
-258
93
27
-410
467
172
57
-234
243
-652
-188
-286
663
296
-241
398
519
615
-1019
-571
-156
-1149
-36
-18
536
277
-625
995
510
1430
-946
882
657
1016
-91
-893
353
489
291
-247
439
-1084
346
-67
351
1100
-339
-167
-285
-263
507
-417
-218
-1190
-602
-41
228
-64
-49
204
194
-255
-501
-778
-334
480
-307
102
-989
382
-382
-170
-327
-259
466
272
286
-574
-218
-426
-454
518
1142
-42
232
-382
69
775
179
-79
-1286
2
-115
-37
342
-725
-509
161
739
627
355
-1652
-197
-577
240
-274
-222
-222
552
221
-280
922
439
-119
319
572
-13
-171
495
-44
-59
467
-482
370
-227
-810
95
-296
295
-140
166
698
-848
-224
197
500
-178
-258
399
-228
-271
37
-1084
-142
1360
145
387
96
461
-41
87
-25
430
-378
1070
233
365
-327
208
505
59
-13
74
560
170
-51
1321
-161
215
188
296
515
-62
68
68
-47
-310
439
-708
1000
-183
-288
-709
583
213
122
1026
-56
-370
549
-606
377
652
722
-600
376
-128
1546
367
186
-428
420
-67
-4
-487
-530
326
491
32
-55
148
300
216
-485
-326
-406
-248
491
-491
87
455
205
-518
123
161
433
660
-414
-76
402
292
-249
305
627
576
257
380
912
352
736
481
727
591
27
-165
-883
809
-728
140
-104
-63
-170
831
471
278
-18
39
130
424
-554
-300
357
104
-460
-92
-213
-195
182
649
716
-2
-319
398
547
-322
-283
180
-440
50
78
797
-110
-218
-558
456
456
-313
406
-547
-121
-152
-342
-97
449
-716
590
161
431
297
1068
-242
149
303
-263
-540
-910
-122
841
642
266
-940
361
-4
-477
-287
209
-417
50
372
-175
137
-671
-169
83
68
-173
828
22
-328
213
-325
466
-115
-699
23
561
196
205
164
384
120
626
-273
-112
256
-137
-1008
-944
533
-873
-729
348
-312
197
-202
1131
-559
-353
-153
16
-461
26
755
480
-690
171
678
803
368
-586
1055
19
309
330
-390
-313
-262
-259
-518
-448
-104
1092
142
-535
-113
-90
-353
-96
-457
61
14
630
-521
89
-61
50
-287
3
892
-455
-614
1580
-682
-402
981
-194
523
-81
325
218
-230
-87
-878
-172
-16
239
-698
456
-165
461
97
357
-411
538
125
-130
-443
572
360
296
-638
881
117
-1143
-157
-558
-492
375
659
-301
-59
-71
603
194
1005
-575
133
-185
384
-253
317
630
543
-437
29
-8
321
425
-456
-488
317
651
-351
145
-935
-155
-203
281
-212
-376
-185
171
-594
-272
455
-59
238
-311
31
198
40
-25
-732
241
-152
-427
-356
475
-383
-370
418
648
-182
-682
578
-423
-69
-141
605
176
630
516
204
132
-170
-295
15
-142
76
374
-324
-344
-471
445
512
148
334
-146
243
-544
328
-354
-291
107
-491
44
474
-75
727
-507
56
381
-223
-209
149
422
-257
-331
7
-383
-336
91
384
-712
-617
464
1113
489
-282
-185
-259
22
275
44
856
429
-337
-296
281
505
149
-93
572
782
-105
310
239
-168
-764
-201
-518
1098
706
637
1129
-792
-231
-755
-94
882
569
73
36
-246
704
-22
-123
793
-683
112
351
555
-170
-65
43
-162
675
-362
669
397
263
540
-717
-993
-211
-590
-237
-288
122
-297
-186
-3
518
-279
-462
-175
-204
-240
-10
198
328
-51
-30
191
-18
-105
500
313
638
-4
442
-246
510
-44
-345
-280
565
-344
-413
-695
-310
-455
917
395
-87
-132
-815
8
104
-80
428
854
32
-567
-808
-421
254
445
720
-1179
187
139
-1365
-113
579
552
-549
-1401
-69
36
189
185
-489
-559
542
-124
-211
89
539
447
-320
-164
-82
54
234
279
-579
-168
-180
-55
-805
-559
739
194
-615
494
-793
111
339
319
765
-58
-328
608
289
-238
25
-12
-342
425
629
-224
-463
229
120
-194
-270
412
930
195
473
-111
259
23
674
-229
-1046
-177
-572
61
-201
-13
225
968
-631
-639
-143
-195
448
-1084
144
-676
38
-375
1
-1069
560
-141
69
-47
270
410
41
834
-698
-312
721
-993
162
410
83
-54
795
652
265
-438
-377
-362
-36
303
84
542
-463
-99
-280
327
114
-70
-590
-22
116
259
316
1095
-564
97
-82
102
513
67
-344
-455
205
-588
-616
-244
392
-237
246
-366
172
-130
340
-365
-385
518
-742
61
-532
-287
201
412
-477
-207
-275
-5
83
-1052
222
313
215
-1111
221
-33
-85
-902
150
-29
-507
-349
202
211
295
667
-518
0
-1500
-153
-420
569
-1002
322
245
93
-366
-48
336
-94
15
61
-277
-499
-699
1232
-968
85
-110
-833
70
8
-32
-577
-140
91
30
523
-16
622
-434
-156
306
1036
40
-748
-647
-1075
-169
457
332
84
-569
990
754
-920
194
-778
243
217
153
371
172
277
34
1109
-420
-467
-24
-240
66
-337
453
-517
-1
511
1099
-128
-447
-292
-849
-789
455
749
-250
157
68
-151
-321
-42
-77
284
480
252
960
-392
549
511
-135
770
313
400
-255
525
877
-156
710
-128
7
-36
62
537
827
1049
208
169
-628
-448
-460
537
899
-348
70
-259
-43
-295
448
642
1008
574
-702
359
569
670
48
225
-347
197
26
313
-526
1234
-311
794
355
788
225
1
-84
313
-923
-506
56
-6
1800
236
45
-358
580
545
-773
322
-331
-179
196
863
-824
-425
33
-521
266
71
365
284
-358
682
21
82
279
227
-231
407
-445
447
258
151
576
870
-389
-148
385
-59
91
-451
-481
498
-893
-318
884
88
-1287
453
609
-1022
591
-287
-1244
-159
-205
-634
242
-80
804
321
-386
1118
107
-449
649
-548
-151
-696
105
715
-42
13
-478
-452
-531
305
-148
5
-275
-645
241
-233
-581
862
216
733
-652
610
278
300
-190
469
516
-439
167
-1452
241
-515
-536
-849
-75
-49
-316
-389
79
-596
-268
-791
-525
-502
-8
-321
-377
-131
-134
-489
329
-146
741
-257
307
-640
239
-554
-421
-289
134
495
347
-365
30
38
544
-45
-214
276
751
-62
-284
108
405
-166
-547
383
-52
-1105
119
-71
-979
71
-485
797
42
383
-92
57
-259
230
-338
507
180
-380
-646
-164
96
1513
-1659
-597
44
313
-603
-15
611
962
794
-414
-448
-694
256
-830
-396
95
284
560
-124
-261
-214
131
-440
490
146
-96
-344
726
699
517
-382
585
-38
-432
838
-469
1159
233
189
-34
-380
-646
-156
220
-112
-427
367
-123
878
357
-716
-95
-434
-325
64
-180
127
484
-392
25
1214
-407
-180
827
375
-715
112
-363
40
-12
55
206
-207
670
172
-312
-1175
-96
93
-640
-84
-793
-1280
-104
110
228
-24
-688
-103
106
665
-352
155
-165
-2
365
-525
3
374
652
324
74
-14
-342
413
273
829
-3
-470
-86
-31
487
-482
532
78
-236
-175
1240
481
-875
-310
-49
688
304
-174
-625
85
-747
673
755
-687
-157
92
-26
-82
53
315
180
572
540
408
-362
-392
-18
333
148
23
-789
150
-498
-101
638
625
288
510
130
141
-790
-485
-787
-260
-376
-125
310
-1255
339
-110
-516
463
-109
-885
717
-659
90
-569
-438
-363
-526
510
-3
726
-47
-585
-234
-752
-241
-339
648
108
-233
49
-249
-460
-203
280
-797
517
-9
-199
-816
-535
-130
-440
613
-293
-84
-3
-9
581
-205
7
664
-233
-681
296
-520
554
708
-640
-1234
-33
-686
-409
590
730
-333
584
457
54
443
817
-509
157
1098
62
83
-402
287
490
-263
-838
375
228
409
687
1
-314
174
-239
226
510
404
13
-988
-987
-812
304
-589
128
-247
44
25
138
285
757
-473
-192
452
-13
-628
-390
-724
201
-240
261
248
-563
-711
-347
120
-301
-1178
-105
-156
-722
733
1118
69
-180
157
-278
962
-188
176
-167
-57
227
-507
103
214
232
-360
116
-360
-381
221
160
-313
807
-256
12
91
-95
-315
-1170
-253
-25
579
26
-192
474
-350
368
-300
156
819
778
1078
-279
-575
815
306
236
-234
176
554
-305
226
231
-509
-38
449
-250
-56
-788
685
-338
668
233
207
-1315
-355
759
-90
204
135
-477
623
-94
134
-118
-563
1033
-314
850
-367
799
31
511
443
280
-491
308
336
-406
331
-149
-52
129
186
403
-159
-330
-636
-532
900
-312
-652
73
449
-454
129
518
59
-268
519
525
-196
-321
-18
596
-92
-184
-301
425
-325
596
39
728
460
245
-514
-320
-161
144
-66
333
-396
60
-266
640
-475
113
313
42
558
-312
19
334
111
-439
231
-779
597
543
-237
419
-768
-29
468
-424
-15
-345
179
36
317
-8
398
431
219
600
52
-1001
949
291
-122
-2
-195
138
502
601
624
-266
-496
-401
-824
-189
302
-623
680
-20
-355
820
893
-450
-502
298
505
19
639
97
-145
-400
-145
-234
395
-202
483
-194
-520
260
-332
-250
-881
97
99
323
-446
439
449
1085
63
-70
-38
-374
-250
660
-221
0
301
598
552
429
-150
-871
259
-161
-78
214
64
-170
721
333
-12
-130
1355
180
-2
-144
475
821
297
-621
455
184
849
-77
666
-300
434
1420
-671
538
1497
-519
40
-114
366
-185
-57
701
543
-384
55
266
682
289
671
131
786
-322
358
435
-339
960
30
-281
-654
181
1125
-265
-261
-126
-737
100
270
223
-157
239
518
547
732
164
190
24
118
382
355
613
-326
156
-236
-1141
-249
-147
232
-24
-36
149
-947
-637
669
-684
365
-788
-264
-956
692
347
-195
-385
-150
-1196
291
91
350
227
236
-328
358
-168
28
357
297
295
-293
246
-14
-372
840
34
-167
-193
13
-363
764
1011
-495
468
-237
-265
-596
-65
214
-525
-517
-48
557
619
419
-659
281
-529
-562
-610
-355
205
-366
-323
350
358
-63
509
28
-278
-514
762
58
-154
231
-734
582
674
-354
330
-708
400
493
-304
-716
-537
-287
221
-314
-482
142
94
253
561
1008
-12
310
-10
-303
-3
141
687
340
91
69
-716
-538
-605
476
-94
-92
346
161
401
234
583
298
-643
-671
495
-689
386
138
369
-383
-445
-236
-30
314
-175
22
-132
-356
-615
-437
745
386
164
246
357
-868
159
207
-443
-250
-416
465
-744
-504
-593
31
-120
113
756
622
70
-463
1139
28
289
-538
711
-101
-151
-112
-233
-859
-382
344
291
155
516
-944
-422
63
465
-616
317
-389
1400
119
-698
-188
-146
-540
-191
-34
31
-254
-102
-401
-32
356
1023
449
126
155
-221
484
-769
725
-6
456
626
-118
-504
306
-750
290
-377
-173
-54
70
-277
-352
596
242
304
-251
22
-739
451
126
-499
454
-92
836
215
-53
1071
451
196
245
-186
-645
-536
-51
569
-312
668
-367
672
395
-514
281
541
-198
751
-1226
163
104
-68
-720
-299
133
-905
-474
386
613
239
88
317
-204
385
397
-1109
-169
171
-636
-1334
-636
-1
-181
-155
15
-49
-240
320
-72
-300
-17
806
398
-461
146
780
-113
-27
100
223
-238
395
-126
1090
780
-1142
-439
222
-490
37
307
114
342
423
-505
-475
-169
23
-379
-275
441
114
-526
-215
-216
-620
-342
-188
868
277
375
339
674
-101
-324
-1018
-560
-538
137
1219
349
-291
-77
226
171
0
-366
-26
238
-212
-130
-100
343
-197
250
1110
284
-320
102
395
-854
359
141
-471
-67
166
696
768
52
51
182
-126
192
-1111
1451
208
-423
294
109
-274
490
602
-437
155
-330
-233
767
1234
-359
410
-399
-193
-348
-12
-109
-924
-393
-628
2
-633
-723
-93
388
52
-523
-670
288
665
-45
286
117
-93
103
-269
23
-136
-359
-1038
335
-1118
537
-496
-280
46
466
-276
775
234
-175
-254
1005
-15
-146
-743
-97
-120
-1236
-201
-70
-1216
-162
-157
-1017
-568
33
-598
258
742
-54
-60
-185
24
503
517
-257
1521
39
469
300
494
-236
-349
422
-543
368
21
331
126
-398
390
-72
-163
516
-207
-436
-677
663
675
153
-335
28
641
-235
-511
1004
-247
229
638
-303
17
-364
-310
228
110
-50
-58
389
-894
-706
556
-192
251
374
598
-32
311
138
549
-9
-589
-880
-359
-232
-582
432
21
748
77
101
-1184
-381
-114
315
-167
-319
660
20
261
-1724
-477
198
43
-590
-308
-120
-196
581
-187
355
-410
-1088
-200
967
97
-516
-536
115
-323
57
297
-485
191
-968
299
19
-872
-732
-228
-823
142
-538
371
-426
-4
-308
584
-27
-588
168
-209
-248
478
521
-365
-336
-11
873
-132
175
-362
-513
-142
-491
8
28
-406
-176
-109
252
-670
311
256
832
413
279
-266
329
-665
-152
-270
-632
752
853
-233
424
281
-132
324
-21
1256
-45
311
-760
-176
133
-132
-428
54
-27
-117
6
261
763
160
345
171
48
312
474
-356
-110
-476
-166
-106
871
563
295
-409
124
677
464
-1029
230
-260
-778
364
363
360
61
463
742
-395
-440
197
-595
-260
214
-748
-458
748
123
-851
354
-396
18
-20
550
665
-815
-613
125
-410
361
-89
-449
329
-75
-686
99
76
-567
254
-271
-56
-110
-469
1022
-110
-693
514
-318
-347
252
849
82
577
307
-93
-779
424
-185
-91
-401
-202
-294
484
211
474
181
-603
-389
619
180
282
-32
227
-398
-725
707
-1075
413
597
-57
-1372
589
-70
501
501
-306
820
-298
759
-203
796
-289
-241
379
-609
-351
-768
-184
-631
1368
-200
-952
41
526
718
-116
-86
-144
-512
-328
278
-331
548
169
43
-783
-239
-209
141
-579
179
447
503
-325
-315
531
96
929
547
139
-512
-723
200
163
703
-387
82
-675
-171
-577
875
-108
899
357
-138
162
-32
-140
-187
-129
-710
318
19
-154
162
413
557
-89
18
247
268
-534
-146
373
-68
751
-169
-468
291
-277
-186
559
143
-204
134
-408
-308
-1085
232
-751
-211
413
-186
-675
-637
-57
477
823
-1119
-203
-40
179
473
-32
213
-370
-436
-649
263
163
-520
-97
-174
-1092
-2
-1261
143
356
-169
-168
192
-733
479
-99
34
438
-307
644
215
-7
60
-258
644
355
63
-353
-336
-684
541
307
-90
719
-1515
-693
-259
106
-247
-1155
3
474
543
-748
-481
-453
481
192
-186
-231
-285
-323
-1067
-1220
274
-457
206
991
-58
431
123
744
-233
-557
-148
990
-278
-325
-480
45
351
312
-72
-186
15
-30
-442
398
-84
-507
449
-588
-593
360
-1106
-1183
344
-157
-120
463
-1030
733
262
1114
-176
38
126
-598
-771
-1054
-643
-159
739
498
236
365
-1351
-11
-701
46
1546
-394
440
4
225
8
233
723
596
177
1014
-229
206
-253
214
304
-231
-757
-147
145
526
713
-143
-137
-459
319
325
-483
639
535
189
-31
-561
413
120
481
294
459
-482
-983
-1028
-427
-345
-664
1266
108
608
372
-137
-89
-85
296
-255
-778
-768
598
687
-307
-663
-647
-536
1007
885
793
-5
-7
560
-121
90
-261
-213
45
677
-159
-270
2
618
-360
-542
-251
187
374
-91
155
-362
72
299
-254
-694
-592
-6
-7
-412
367
34
-735
125
216
-74
-632
197
117
-341
-798
56
845
601
-496
303
176
192
70
-282
525
-81
-178
54
34
464
68
1280
-581
392
-116
21
-546
-226
-162
-524
-449
-302
274
786
453
-226
-875
328
-670
151
770
498
288
-204
-912
371
15
-575
-297
-105
299
555
93
-756
96
-661
164
-5
-236
-270
-86
554
166
1291
267
250
555
-19
201
283
44
84
-541
422
22
-450
-292
-62
314
-152
869
48
-474
-82
48
-85
855
-140
-223
-325
73
-356
-982
-970
82
-68
-314
-240
-230
-511
213
10
5
762
-176
-647
31
-445
-180
519
-118
537
445
-977
1105
367
622
1342
309
376
281
815
-230
111
313
-182
191
-544
-251
-849
-372
-428
87
271
1271
23
600
428
-126
-29
-43
-906
223
-560
133
-270
380
62
-239
-258
-122
-526
1059
-1066
1158
-447
35
70
197
556
-727
58
65
390
-5
-468
-949
35
-387
-320
13
-105
-216
205
296
699
717
-143
245
-99
477
439
-882
-426
76
-18
327
-44
309
74
708
-179
-467
-1055
-1296
627
-485
-229
-214
-233
929
92
-919
1501
667
139
434
674
-117
-131
-247
1072
236
1082
-512
-664
-528
-34
-209
-434
119
-528
255
-144
-321
-419
-193
-495
-419
231
-42
11
477
209
170
138
642
-286
-375
185
724
891
-394
-560
683
405
417
-199
-345
-650
212
81
440
-637
-242
-489
-202
391
-748
294
-467
254
256
807
-398
-314
-525
-93
579
-689
-259
-58
53
-443
57
1201
105
217
24
556
-6
-593
-176
-712
165
100
-133
-322
475
351
335
-246
-352
193
-539
-549
-350
-346
216
662
-137
-525
-162
-199
585
122
-138
13
-743
429
-276
120
598
68
154
-286
134
331
996
-149
-595
460
537
1192
208
303
-1027
-657
-699
263
1044
353
-90
-313
242
-616
-600
-321
-576
-532
368
121
-1281
1175
-957
-83
1248
-694
-187
21
236
-403
-519
219
550
-82
-93
-58
-335
260
131
201
-183
451
-941
494
-58
764
-683
-16
25
-85
-448
-893
-69
-44
-228
757
148
-245
90
273
454
120
490
-194
592
-479
406
-122
278
-401
930
405
278
23
-879
370
28
-394
942
-19
-354
-475
-239
209
33
31
45
389
151
855
-169
-652
-236
-154
-179
-119
483
692
-143
-581
-467
-667
-119
265
156
41
512
677
-271
-348
248
438
304
1037
359
-533
-405
-851
221
132
426
-1088
542
356
440
505
571
-75
-269
403
-200
50
-638
209
-248
122
-140
-988
-279
631
218
-440
-564
68
73
550
740
-320
187
126
44
244
-493
31
-113
340
124
-444
-40
-610
-1003
403
656
362
348
-87
-378
1717
-314
671
-104
-554
-335
-186
-1067
200
374
-56
-266
19
579
226
-444
-29
205
289
-166
-513
19
-240
355
-254
135
-376
-110
25
107
-803
-218
647
401
-413
-1033
131
-485
328
797
-464
191
373
339
817
865
-521
375
57
652
346
-419
591
364
-4
-602
-132
-768
147
788
-121
415
171
-217
828
449
479
-372
241
111
439
-69
-325
-349
-201
633
784
-641
-545
-57
369
-576
-1476
-97
-331
820
645
-616
753
-775
422
-543
741
216
-14
1158
803
-88
369
533
244
-715
190
-858
-401
-826
522
-134
-449
-118
643
-240
-381
461
-223
-198
476
-224
69
749
120
123
-728
-178
249
-391
480
508
283
661
-680
278
247
-238
8
-252
-715
239
-446
-504
370
685
281
201
-324
250
1022
1159
189
216
98
-54
741
-863
64
209
490
-125
191
22
-494
22
-724
1065
448
-1155
-539
44
-145
-23
395
536
498
-178
-1466
-388
-962
-387
-62
284
-609
-385
-609
-2
-156
661
-353
-941
-972
-478
611
-225
845
-162
-113
-289
-621
750
144
265
390
150
-182
-319
20
-491
1116
-615
-36
240
-148
-282
-354
742
431
-562
143
-111
967
-591
416
-906
-391
-8
-386
80
86
437
-606
389
-172
725
215
467
-4
-50
-806
28
762
-612
86
27
-512
-167
0
-431
128
-1274
-838
-28
-471
779
-252
1175
-18
-155
-916
586
-307
695
423
-651
-31
3
-322
300
161
-45
-101
31
-210
-758
325
-863
207
-43
217
297
132
-308
201
-48
281
-158
396
954
-675
-424
364
-746
767
813
-266
-191
-102
101
541
-11
-400
-239
-1007
779
-304
445
104
-437
-429
791
-961
842
-114
275
-999
140
198
651
1080
175
-512
-149
454
516
317
425
-404
-933
-609
-168
236
-911
95
121
-153
-431
-34
355
635
84
196
-253
349
-477
549
-8
208
-321
33
610
388
147
232
-66
-86
934
-497
768
-423
660
-373
-546
-259
-892
-242
-605
424
98
880
564
722
-56
448
-317
373
577
256
-53
-236
177
-114
86
73
-1213
-122
-192
-217
-406
445
373
-297
-694
116
-153
129
-319
-369
-334
-311
-320
573
483
-18
-522
185
-157
469
-323
-119
887
46
679
-632
-186
500
611
33
-286
-797
-362
1145
797
320
-540
-1096
449
-206
57
246
-183
-164
87
403
-388
102
-372
822
-340
327
637
453
-991
-84
473
-29
127
448
200
-238
69
157
171
-802
380
-227
-253
-730
-750
627
-559
-55
-910
691
265
-579
-1162
410
1032
-988
72
270
517
196
-338
560
502
285
-901
-51
-250
107
554
-473
417
398
485
-1069
-245
78
-508
-271
-116
379
1071
-182
-182
22
115
-339
77
382
-406
-601
-779
15
164
552
131
476
641
85
-267
-16
548
-488
-1591
-175
826
-440
152
955
81
243
144
-772
-67
-882
-114
982
-432
-416
-846
82
-454
-685
1068
-327
458
31
-441
376
141
110
-268
310
378
-339
506
-110
233
618
22
431
-239
529
-243
-1350
-491
-859
-482
620
-389
496
-423
-475
140
-173
72
747
-239
605
-170
217
-368
856
354
-57
781
189
-1010
568
-517
657
280
316
133
-176
245
24
355
-805
50
-338
-13
-483
-1056
-461
-1133
-558
-835
160
-336
87
326
302
-98
813
390
-559
-250
539
-42
638
208
-403
-164
-225
673
-528
524
289
318
644
-415
-369
-176
-47
25
366
-94
-683
-390
-944
123
417
-325
477
-388
268
-321
384
534
622
-450
-426
-162
-498
338
-741
-261
410
219
350
262
-77
324
-218
-600
313
-379
292
337
533
368
-247
-383
628
257
-324
305
-146
-484
384
-528
-189
-462
174
110
-277
-203
-266
551
-397
63
-233
-311
438
-620
120
-573
656
585
52
-252
723
-299
-593
858
331
259
-728
483
60
-680
468
911
185
215
175
-647
61
927
806
-508
-588
242
988
480
1103
132
715
-158
273
-449
-539
406
-27
473
108
161
570
56
550
72
238
-709
87
-391
733
54
-631
-112
-854
-1254
-725
-282
-405
-64
407
-302
-321
-341
113
770
-267
781
-653
212
-418
9
435
264
-440
355
91
-673
-185
-292
-248
62
579
237
-82
-135
684
574
113
-117
379
-186
534
-796
-671
453
-158
327
-146
382
-361
301
171
143
-201
399
190
846
593
169
-74
-743
204
-11
-116
-846
407
865
526
-554
332
-65
339
421
-36
2
360
-565
328
667
-482
-928
-134
566
-491
47
-624
62
174
837
-231
-910
-772
-252
-285
-138
99
-682
1586
-299
-64
-85
-1004
-56
-551
-735
-51
238
82
-602
-204
258
-573
-19
-532
-31
413
553
301
453
526
348
177
20
424
-167
-649
540
-154
-249
460
27
-285
-363
-309
530
-541
-370
-343
242
-376
626
-844
-318
568
258
323
-725
-712
-206
-74
-623
235
-307
324
493
-92
378
-872
717
185
-212
-36
-118
161
-738
90
-96
-458
-167
500
-96
238
-280
134
-19
46
-46
8
243
-185
-253
-102
118
-313
-300
396
74
531
151
-595
402
354
-138
320
-264
-168
55
83
-166
-338
227
50
-48
-729
-559
-634
-140
-203
-268
-766
-615
-117
321
-675
-9
-120
-117
236
79
-900
-101
-935
-129
238
-898
-580
745
-451
-330
-156
-245
-272
-48
163
-43
-412
-845
-630
199
224
226
221
635
-865
123
-184
15
-242
-52
-501
-251
-202
250
568
239
788
416
38
-280
-530
-253
-162
-268
282
-689
30
718
-417
544
1229
639
-148
586
172
688
159
-579
-413
161
-328
-44
-433
631
689
700
-408
438
472
448
-172
-180
51
158
-346
599
-550
729
-632
-712
606
487
169
671
-435
718
286
-515
174
-32
-927
418
-338
92
720
1338
151
-77
-701
-582
521
-261
-580
-197
-216
-648
-323
889
27
-143
997
675
-227
-790
-119
110
-333
327
-137
488
117
93
-175
103
-270
38
-477
-853
-375
27
567
246
-405
-114
447
276
-818
157
251
137
-436
874
297
371
-1090
-666
-662
334
114
709
-127
-264
-407
304
-485
363
-535
728
-582
-108
-380
498
123
-11
-536
-3
170
172
-133
641
-72
270
575
-323
-396
-105
58
84
-71
-51
-175
-216
223
-667
-538
-477
-657
326
-510
-381
-1171
635
-352
-707
50
520
-1037
253
-152
391
478
-1164
1137
243
95
748
848
1078
470
24
547
209
-240
-538
68
115
350
-320
314
18
318
-456
-275
505
529
251
245
64
19
654
-364
-580
-383
331
-728
-754
-830
403
203
-566
200
-220
-528
-500
-472
678
125
33
-416
-548
-374
-689
382
161
-52
160
589
-200
97
-698
-219
-72
-450
-134
-379
-234
-387
587
-739
99
499
72
-456
50
-903
370
70
-807
-174
400
270
130
685
434
617
849
375
-396
20
-621
-17
177
1097
-510
133
127
-108
501
-400
-151
384
561
-282
-713
-554
92
-567
-239
217
304
-311
41
-805
-188
-228
590
-211
510
483
-96
-809
-1120
1212
456
-997
245
-73
-855
303
-297
313
237
-48
343
-84
251
-775
-215
53
1052
-509
215
523
-401
244
-792
64
-359
-250
187
-253
-487
286
-489
389
671
611
-129
218
-170
-320
413
-257
-731
-1001
-105
-75
-268
361
297
105
252
-414
364
561
-467
40
185
-483
382
173
90
-220
472
523
-306
-226
393
346
-96
81
-129
-408
125
462
-8
100
-219
-221
430
357
-468
994
-513
-426
20
-568
-111
-674
548
-402
-284
-101
381
646
-282
213
20
143
695
-76
-693
-141
423
-94
313
-129
516
-81
351
563
581
492
593
594
406
-534
-154
-540
-62
-544
351
-152
-451
-428
1
-514
186
-55
73
-459
382
-443
-124
-288
-9
471
-1132
-637
634
203
787
-793
-39
-460
-119
268
121
317
-532
-1223
75
-217
-716
-59
-908
205
-504
109
94
-291
-738
-1114
562
-492
310
-300
147
-242
487
-688
1053
-150
366
-413
326
-396
-541
-181
251
557
-646
574
-650
-10
-626
-388
279
-406
184
1135
-292
105
-774
204
-217
-233
69
54
480
630
-89
-645
-298
-911
-50
846
594
-66
-557
415
822
427
599
197
-114
25
-254
65
-255
-761
559
171
-303
-223
136
-395
-211
-272
635
-791
-547
268
681
-27
591
59
-44
-253
-858
-526
-331
21
462
495
380
-1192
135
-730
-144
375
-661
-245
850
-150
-21
-531
-177
-110
140
301
-957
801
-82
297
-412
-799
-413
174
655
575
-237
17
204
780
81
295
-875
-516
1066
-479
-756
30
521
230
-332
535
-416
-605
255
-298
73
552
-132
-45
521
34
166
532
70
-220
316
41
106
176
-143
-403
64
36
929
343
-475
-54
40
-79
176
-602
289
19
-10
-407
-291
114
-23
-419
-229
316
-84
171
25
-536
883
-110
82
935
1153
-171
591
82
394
34
-444
-185
-90
-762
-429
-542
584
-137
-442
-350
197
351
-607
-541
-364
-210
-558
98
-164
-390
-313
1106
511
-46
-328
-990
564
105
-734
410
-774
-268
-57
143
427
504
163
-604
-167
-213
136
778
245
586
974
1363
3
267
-10
-801
-394
314
-107
344
671
635
376
-124
165
-660
326
401
232
15
710
-377
1001
625
-156
-46
512
-387
450
96
-354
-682
-297
-399
393
-113
-140
837
-196
444
-52
-1006
330
-63
-127
-167
-481
465
428
-292
-617
-520
187
-246
-201
492
-60
-122
615
149
390
-596
-502
-744
-624
174
118
-403
-193
708
-866
448
-617
176
-122
394
417
593
-174
403
419
-397
-272
37
-547
349
631
-723
-261
-251
88
778
212
-1017
-20
-213
857
158
-1065
801
-794
308
389
974
-74
-749
739
8
-293
608
-268
-182
279
664
604
227
-603
-565
-1067
-467
-151
418
-525
626
789
-27
177
-695
-319
378
-102
76
1153
-168
-99
-566
190
207
-329
-298
-373
-111
-277
-419
-518
-258
148
-1169
-263
-248
-430
769
297
345
107
-297
-830
-722
-248
-108
