50 100 529
0 0
0 7
0 19
0 45
1 30
1 39
2 9
2 15
2 30
3 0
5 14
5 17
6 15
7 3
7 21
7 25
8 9
8 10
8 17
9 0
10 49
11 35
11 37
12 8
12 27
12 43
13 28
13 48
15 1
15 15
15 22
15 31
15 34
16 7
16 18
16 29
16 42
17 1
17 43
18 11
19 12
19 46
20 25
21 7
22 1
22 12
22 23
22 43
22 48
24 1
25 34
25 44
26 7
26 29
27 28
27 36
28 20
28 49
29 25
29 27
29 44
30 35
31 15
31 27
31 35
32 29
33 1
33 9
33 16
33 39
34 3
34 21
35 24
35 42
36 13
36 46
37 3
37 8
37 40
38 5
38 33
39 17
39 35
40 20
40 29
41 20
41 36
42 15
42 16
42 20
42 34
43 19
44 13
45 22
45 29
45 36
46 21
48 35
49 1
49 29
43
0
37
51
96
86
6
67
88
9
97
2
20
16
19
50
14
74
84
38
46
61
30
87
42
78
23
45
68
29
5
92
62
89
48
44
47
1
13
82
21
76
40
79
26
85
18
31
56
94
98
70
77
39
36
41
64
71
7
28
58
3
57
22
52
55
32
10
4
27
49
66
8
90
93
81
69
80
34
25
83
35
59
72
33
65
15
91
95
54
73
11
12
75
24
53
60
17
99
63
359
-70
-1484
-313
-445
253
598
-549
373
695
-106
-499
-71
528
-970
501
29
-641
21
812
-302
77
-460
-662
354
504
-783
-253
341
-535
1126
88
38
270
-319
607
111
527
482
390
698
-613
-282
610
157
316
101
-309
-730
-891
819
423
756
-282
-171
335
-352
-594
-439
-75
565
-747
-126
686
186
-88
314
306
-80
290
143
831
189
16
-39
400
-375
249
209
90
877
1021
776
262
514
109
-514
677
430
321
-705
501
-258
-397
89
-208
-752
791
80
-297
-638
-614
23
437
155
-112
720
-153
-563
-37
-417
-401
387
-123
1048
-409
-984
74
-389
-1
283
-447
-291
298
1025
79
517
826
556
32
-270
621
294
-731
457
-497
373
-190
-716
-483
335
-266
693
-132
309
170
-138
509
-165
510
-14
633
-39
269
322
221
700
-568
-457
535
232
-28
1406
242
542
-123
-256
522
-372
-1038
378
328
74
-150
564
-411
988
-57
436
139
53
716
-441
128
-50
31
-591
205
665
-325
113
285
-131
-637
-126
540
347
420
-246
107
255
556
380
-147
140
-467
-426
146
-433
261
45
-56
-463
-370
-782
-167
-361
-22
54
-529
343
324
-875
121
56
-15
170
10
-1245
-272
-572
669
1292
-229
-762
-504
-1193
-122
-5
-265
-1252
-204
-1218
-695
-272
-262
100
234
-567
-738
374
695
769
-168
816
-692
307
-152
-678
-226
-369
-878
-64
-360
-552
135
-132
326
-517
-220
-18
-211
-501
-572
89
-130
264
295
-142
-558
30
886
298
-35
-218
480
780
194
579
-162
699
-679
-245
-287
121
-494
-200
-585
-698
-783
-305
735
-595
-637
672
582
-21
541
933
-150
-999
-212
-714
-143
-69
104
1206
392
-140
-122
106
1215
1072
565
-109
-435
-366
430
-68
640
-314
-981
-432
128
880
-23
-241
1
-286
-912
361
40
1112
196
-235
-299
613
-565
61
-437
414
379
155
-609
770
-126
455
229
-525
-349
480
-107
217
617
237
-455
222
-218
-508
-142
-836
262
12
626
-998
224
265
188
6
2
390
-452
-50
-394
580
-391
850
387
-590
62
97
-386
857
-363
603
1328
310
-9
627
198
354
-350
315
-640
93
-147
-729
-881
54
-495
57
12
-194
717
71
-157
-818
-222
-300
-406
46
73
66
-392
-582
373
-17
-730
-850
-417
-617
-631
265
-148
-594
-156
21
261
697
869
-775
626
375
-564
-3
211
748
-404
10
-156
-284
-56
345
-167
-903
-3
-276
-202
951
-940
-883
173
449
57
176
-777
-671
19
553
-936
288
368
463
-314
82
-252
-195
-84
-10
250
535
212
-353
-116
111
69
-867
-190
-98
641
-450
136
191
172
73
408
-301
-179
44
460
-35
-349
492
-193
-640
579
200
225
-50
111
419
-542
-338
-102
61
-353
227
-582
-454
-335
774
305
67
631
-350
-318
-233
-365
-313
956
233
52
2
-232
53
290
632
-62
239
923
809
-560
-69
-113
-305
375
-169
685
726
-496
-137
149
1602
43
-1014
1032
717
-265
583
-91
741
-317
96
-65
219
468
-768
-48
-161
373
420
100
281
-19
-502
78
-511
563
-753
-18
223
278
146
783
183
70
144
-305
445
-45
17
-299
37
257
644
-210
-109
325
37
-43
593
-938
-484
159
-228
-1429
-486
-273
-332
817
-685
-545
119
-523
-266
-889
611
-466
348
-750
554
25
101
-70
1231
-151
-664
-847
1473
122
291
884
-62
707
-1005
21
-1006
-218
2
-217
520
1635
-307
-1220
-222
538
-148
-495
519
241
-2
-481
-539
-345
224
942
477
-52
1021
500
-462
-48
508
-553
-719
-134
185
-6
389
-457
82
-323
447
-312
1040
234
-256
-257
151
402
804
-138
46
-328
408
39
637
-906
774
403
1514
92
455
753
522
-635
-1062
225
275
-272
869
140
181
960
10
-176
587
606
-374
434
-429
-463
370
-282
2
-227
-48
-875
69
-361
858
-452
417
48
773
-249
541
110
550
1030
404
45
-753
655
-403
-34
80
673
-68
-277
157
1050
-55
-400
-1201
-435
606
-88
-1580
1133
627
330
11
514
-1480
189
-820
495
-19
-194
-568
-11
-144
37
14
438
448
731
600
146
-1147
153
58
374
-663
-1169
-92
155
-807
-18
1185
-307
286
-562
382
91
-826
-350
209
-286
110
136
108
-578
611
343
217
382
-1039
263
-147
-4
-854
477
101
-535
1132
862
786
338
-422
438
-153
-610
402
543
-316
371
124
-605
-75
-612
24
216
645
679
73
-173
137
-540
577
-369
-429
-448
-13
240
-428
316
631
-512
-398
131
-22
808
-432
27
-324
967
647
-267
174
-118
782
-216
90
-292
-251
-251
-63
-16
-411
739
358
-783
345
1188
48
-699
-278
-1461
444
-146
74
-28
1200
-558
201
181
200
-79
-121
177
-567
-232
-632
-365
479
-806
-755
-66
318
210
604
-29
228
52
-62
316
-774
432
349
-350
136
-342
-87
-243
-873
-362
-306
1057
125
-169
416
397
759
-82
-432
305
-453
971
710
327
151
429
1083
322
553
-450
-386
1163
-655
896
7
-524
-482
-772
-166
42
317
699
-547
-673
455
-119
-261
-18
-716
543
-256
-934
-79
-53
-112
-442
-49
-627
194
649
-137
-272
-273
-281
302
196
-23
1206
-330
-98
-367
-169
309
236
1219
-462
544
84
-9
18
459
-1032
-243
-386
1104
-926
-624
317
899
-127
17
198
158
-25
-334
379
184
-693
374
-862
761
367
313
55
-59
-787
845
1101
151
-658
-112
1179
330
-613
314
108
-313
487
1154
484
-625
452
228
-83
-109
158
-365
291
-103
0
105
-500
436
127
-3
-203
-501
-274
-925
-1018
-816
-675
-2
663
1072
-766
856
429
-147
-573
-290
495
-30
-448
-447
707
-610
148
-526
421
-480
-50
237
40
574
1394
1478
244
660
95
422
107
626
-263
152
524
706
-338
436
-335
4
190
-527
-1130
902
861
-626
488
154
-1071
-260
127
-1129
-1021
659
558
22
-450
-427
-397
-251
-285
-827
-91
719
1332
76
622
-630
-533
-555
-658
519
1127
-179
284
-1517
831
-1161
-191
795
-197
-279
-331
-665
412
-274
-83
-317
550
-542
226
306
-504
884
-202
125
113
-574
216
1050
71
-512
1148
-91
-442
-1047
691
298
114
-298
-52
525
-110
418
-566
5
-643
-275
238
-1095
64
-499
-99
-314
529
1112
463
475
764
-307
483
173
-433
92
-363
43
417
-191
-142
-116
-30
-4
131
-86
31
-570
-505
369
632
-214
-571
17
-501
512
-147
-652
163
-21
-516
194
161
-210
-172
422
-658
-905
-109
925
31
-436
-449
120
193
-834
-646
32
566
-305
-465
-146
-1102
-413
437
889
-462
-251
-279
345
1367
-548
9
-521
-739
-945
-130
442
269
130
278
-854
431
623
526
457
439
0
-444
372
-699
296
160
131
-324
590
325
-251
-951
-559
1149
-142
580
130
-175
-431
455
184
386
59
-363
911
770
-381
-903
-536
-220
372
-621
1329
159
-204
9
491
-304
86
-299
801
-268
-54
-860
-486
67
714
518
830
523
-479
984
-476
120
-431
-242
455
610
34
47
-234
-590
308
604
467
169
282
203
1037
28
-1369
418
-619
-434
211
55
-149
136
-431
406
1291
104
420
47
-1058
-473
-730
-417
85
91
-321
-227
-190
-88
43
-800
346
-376
358
12
252
41
-1099
31
-862
223
182
360
-351
-274
306
-168
777
-731
-123
-521
296
-437
1269
688
-194
252
1159
-588
-115
402
1358
-125
125
77
-506
10
1131
-140
201
608
570
-387
-290
-466
-1282
-412
-180
243
-26
28
-172
-276
-281
-529
843
464
-613
-18
-38
1136
-17
944
-1574
-201
-638
91
-1095
361
-1054
152
593
-244
-713
67
-333
-882
612
-80
336
1154
-275
43
-1174
629
-895
381
978
5
-188
282
665
386
1432
-1186
-648
-124
-119
123
-118
43
-763
160
-174
-1216
389
-177
-192
46
-87
244
415
136
-1056
8
-137
-103
-1086
227
197
-751
394
-172
-796
-19
-440
-823
-126
313
1136
261
-135
-107
-297
-638
-750
-572
83
-777
6
-512
-417
213
924
613
158
-136
480
-1011
535
538
471
411
-268
181
-868
-603
366
229
236
-1243
238
151
-589
-269
-1399
-407
451
-429
-113
-166
396
-636
329
-149
-725
128
-521
-113
-136
254
365
-333
-289
-445
-138
577
344
471
533
370
-780
337
-431
-585
-104
47
1254
829
444
154
72
-845
242
-565
357
429
821
568
226
-1118
103
659
718
488
-838
-25
123
-574
-1424
-27
-695
-433
1142
-190
-377
111
423
-101
-118
-439
79
575
-1017
-252
-766
137
-644
44
764
44
-220
-33
467
58
17
-467
-778
-299
27
227
736
298
196
469
-627
503
-441
-642
-55
504
-640
-28
67
233
144
-746
289
-17
486
-166
-86
-314
-637
399
320
432
-978
867
341
-137
1127
390
-226
99
384
-327
-717
961
68
-530
316
-208
339
27
-170
58
-103
244
-161
359
-1562
548
-257
165
214
269
573
173
550
1352
68
-164
-312
-14
-459
-834
246
-202
334
260
-57
-476
205
92
-822
-399
119
949
-584
12
-110
1068
185
-127
-880
93
1454
656
-184
417
-50
228
155
-243
-358
-1086
-390
-230
150
-96
-106
-134
301
933
285
99
251
349
766
-245
-204
324
-306
-445
-773
-58
-1441
512
-660
203
-160
-80
-1483
-161
-492
-1466
260
447
-615
732
333
598
-675
-558
-393
-352
130
-19
697
-112
-513
242
485
893
-724
-572
12
954
-1347
566
-965
-531
313
-84
390
-678
344
408
-147
-326
-1311
147
-278
-390
22
-333
-663
1292
-425
9
-76
139
256
-66
-57
-301
-212
276
105
266
315
-743
1019
-1043
-459
-218
18
-201
416
-8
41
-990
569
262
457
-365
-179
832
-46
782
1001
-473
121
-408
441
1437
522
149
5
89
560
542
-223
-425
-531
-512
-1186
-763
-735
-521
257
-627
-622
-167
-327
-863
323
131
-1499
100
-614
-28
-793
-572
686
-354
554
506
586
-379
45
-532
319
-123
719
-147
-999
23
-248
-279
989
-424
-872
-424
-886
-433
-299
-793
-581
-768
-371
66
-189
-87
-356
297
-367
-65
894
-303
553
-164
254
71
31
-19
593
-398
-283
48
-220
-343
-355
-430
-63
312
-518
-89
-144
383
1028
-375
776
287
741
-771
-253
314
-350
-670
-257
633
-775
-194
-444
377
110
-499
267
656
566
769
-990
454
757
-183
596
397
293
-95
-1260
132
-705
1104
437
-356
1004
146
316
-885
139
195
-175
-793
399
-372
361
813
256
-799
83
927
-211
-125
-352
590
744
-871
-830
455
-249
348
98
377
3
-531
-299
-1004
347
-564
-307
-448
-627
777
42
-845
-75
-477
-234
129
-103
-394
145
-604
225
-638
-567
127
30
-353
-125
329
-236
-1184
54
-17
554
20
-263
334
-454
-216
401
1158
-327
-75
-1153
-474
-312
18
-173
-1348
-330
158
375
97
-294
-2014
-129
-86
-689
-925
-363
163
-87
-280
1474
440
1203
266
-150
121
256
434
-713
-224
-642
-534
-75
-252
-539
107
-806
-441
264
212
-370
379
-433
-637
988
-941
-133
106
-525
575
-158
674
-478
-682
427
55
-331
-473
577
-255
196
140
-139
221
-528
381
12
-395
422
-475
254
-281
262
147
175
-417
1050
-678
608
-99
534
508
473
-613
31
-109
314
-843
99
321
1106
297
-153
-469
-401
427
-547
488
-439
692
788
10
-1050
-201
815
97
-882
686
-122
434
912
183
689
-4
-287
-552
-167
34
-522
-151
-62
267
233
-333
45
-394
892
378
114
682
-3
390
269
-359
-201
-321
-45
-359
774
-169
379
-478
-207
-617
92
-509
-200
-264
361
-532
-375
-366
1398
17
-372
-793
-454
-890
-592
386
-32
-485
-152
219
-809
-690
-292
214
-361
-562
191
24
863
451
-394
244
-291
824
-262
748
-520
159
-1150
501
-970
83
503
403
-539
-947
433
-790
-122
385
-139
-1228
-333
467
705
-154
434
-615
125
-276
117
-212
225
361
-1037
67
-326
376
-362
124
605
304
-136
851
379
1032
-606
-543
158
643
353
386
299
944
191
-499
57
234
-527
-61
-418
-886
314
552
468
659
27
314
103
240
-608
642
-251
-146
444
122
177
502
-137
785
-350
-260
253
297
-709
1122
537
81
413
158
49
693
126
-402
-561
-626
-851
235
-379
-182
243
-393
-193
1197
-770
1040
409
-633
183
-420
-854
-2
-218
-271
-607
-926
132
-911
-265
294
-388
-66
571
-297
547
-31
60
90
-184
201
-27
-216
564
11
685
271
272
578
139
330
-592
340
842
-477
-205
-183
257
-479
80
-527
653
-496
1259
-295
400
389
94
230
458
150
-109
263
-143
123
-149
-369
-218
76
-476
114
402
-719
145
758
680
-149
-917
-23
708
-984
-341
1295
-159
-351
-1114
623
-74
-427
-160
-963
375
175
-122
403
96
204
151
935
860
364
-1013
438
72
6
-566
1043
-51
126
266
96
596
792
-1005
-274
426
-88
562
-18
56
-375
631
-995
552
467
342
-563
-411
7
12
766
1232
827
-288
-444
-125
301
-385
-642
-175
-208
-4
188
-346
888
134
-682
-287
9
608
-648
337
-191
588
558
-114
223
275
266
1290
726
-1340
161
-677
-419
-45
-145
-663
437
-106
-468
997
-336
-488
424
-410
532
304
210
583
-156
-988
-234
-424
563
-488
-373
-168
-68
142
231
-429
-275
-441
-270
-55
364
-301
193
467
480
97
-734
139
677
58
131
-153
-466
536
12
1353
-237
-198
37
203
522
-228
-194
-200
-222
-563
-1020
364
-281
-281
-245
-170
-508
432
173
432
664
-228
-1174
746
239
705
-470
-926
213
233
775
-325
1119
295
97
69
-191
672
-184
278
-55
-224
240
1205
223
108
381
-746
650
225
-214
133
107
191
-963
-953
-406
-1420
-385
431
-665
-130
-129
911
501
885
-411
352
-806
388
742
560
-289
-600
420
-598
191
555
-505
-209
-108
283
-732
-287
195
-51
318
-833
414
-74
203
-272
677
120
-56
284
124
19
-339
571
549
-406
261
471
-366
781
337
188
35
-108
-392
-316
827
-950
2208
360
-38
-142
506
416
-136
66
453
-675
-55
-803
-503
1007
412
-27
110
280
27
606
-525
194
614
127
295
516
-153
39
466
-454
103
691
-482
-168
460
-105
184
-453
-695
257
577
-109
-94
-57
-722
756
-712
352
-102
208
178
-295
-154
-93
682
-318
524
607
-535
97
149
326
-189
714
111
46
-391
35
443
571
-533
-31
1279
-273
1
-202
-552
1
1092
541
-641
293
782
13
-451
67
261
-412
458
268
137
617
-319
441
895
-436
-46
-1032
35
-3
454
228
-2
-556
407
-218
-290
-344
-1096
-2
1627
354
674
-780
-726
412
-368
262
537
-400
-533
-18
-338
90
546
-720
-233
586
464
-52
555
460
706
-549
276
83
724
-460
343
46
-269
34
1027
223
226
-90
295
-900
-423
708
24
631
322
-668
-254
810
964
372
215
32
987
380
-433
-466
-217
155
1045
218
-58
655
1252
486
330
62
-328
-210
-133
-616
-104
426
-497
-300
-436
150
-357
-900
-765
30
-150
-120
-297
240
27
357
313
28
-28
349
-395
-380
633
-228
-826
337
-388
44
248
-265
-198
191
293
-443
-247
528
76
-665
486
193
-142
326
-332
-359
0
564
380
-327
483
75
-1015
190
-790
111
-35
-193
268
-992
521
23
324
-62
268
-138
1051
-163
-167
328
-237
2
-866
292
-261
-1114
42
-273
-876
175
404
-136
118
106
-96
-293
805
-901
-568
-1259
603
305
-276
279
31
57
341
-656
-208
-464
596
187
130
-85
145
-427
-341
181
-884
413
541
542
-279
-349
173
-805
154
-265
137
-89
-741
-222
204
-121
-428
-624
-175
-564
31
602
-468
-60
224
-22
77
-686
340
-70
-583
167
462
250
-866
-295
-407
1382
-540
17
133
318
439
291
1366
-371
-591
781
-936
-101
-674
124
-420
-302
-1155
-338
-825
-43
641
-662
753
-95
-301
-32
136
-568
101
696
92
482
500
446
316
407
-966
-75
-154
285
247
472
-45
-542
-485
-1842
124
11
-663
521
-379
693
-141
167
60
-232
443
-69
337
371
523
547
456
63
100
-980
68
-779
351
-203
-827
975
-479
-356
919
-201
-371
90
215
387
309
109
-117
695
72
-230
69
916
344
167
-165
-268
-658
-11
842
-27
850
21
-941
188
-237
47
166
-462
-311
-982
700
-38
248
177
-911
38
-345
374
561
234
-215
253
-448
-345
-67
-728
-119
289
-217
91
1035
-1076
604
-190
204
360
-393
304
-743
739
-618
199
234
258
291
-204
-112
-385
-132
892
392
557
220
-1243
-433
246
1040
-196
673
250
-470
-1055
-790
633
504
-877
171
175
-177
-733
-220
307
701
-167
116
143
-169
-3
72
-190
-353
288
-611
-149
-244
1066
72
-227
-235
286
-249
80
-290
465
-827
-112
98
-27
-1475
391
126
407
-35
130
-138
71
21
115
77
1427
-910
-389
-55
10
231
454
388
29
-433
389
178
119
848
-271
-350
442
589
-519
193
-146
-420
-434
-122
616
764
-429
-171
331
-1038
-70
1090
704
346
-355
-416
-474
-654
-816
528
866
-408
-148
-549
-359
-264
651
441
-506
-374
-322
632
-1011
209
-52
-435
-238
413
830
-569
-738
749
-1194
-481
-627
-43
833
162
-1456
-126
-276
-321
-311
301
-136
842
327
-415
5
587
-471
-91
-7
-348
232
698
-330
-8
-799
153
67
-763
245
-284
839
-1010
377
-303
-1015
25
-216
205
-108
-162
-420
209
-666
531
71
-152
-504
-574
274
36
-182
726
595
-168
-10
-339
-855
826
-49
97
45
-404
129
-965
-190
191
-103
162
-726
1017
70
-37
-310
-264
-585
-245
541
514
421
-636
1069
303
168
-82
676
93
-329
-115
-473
-865
17
234
-136
588
-312
-1063
-470
-1300
1144
3
651
370
678
-380
358
-353
-885
-162
-507
-248
235
9
404
325
1373
-173
1066
-143
-216
-187
65
-1159
54
275
282
-1
-179
764
-386
-43
-274
-792
3
-479
-36
681
-204
118
-99
64
-35
461
-415
-452
-830
-183
-702
-477
372
189
883
1013
453
-538
600
241
212
492
-129
488
177
62
842
-30
166
317
-987
728
-503
34
-206
-86
-420
287
983
-339
-662
-654
-732
-43
-193
556
-227
-683
237
-84
-742
704
755
-147
124
-250
-29
-805
-217
-73
68
536
80
523
-177
-251
7
715
206
1145
245
637
-1
-542
-363
838
-267
-300
-455
748
-582
0
1306
-147
255
439
865
-1954
1396
-157
88
-5
170
-458
-645
-157
82
-567
466
865
-928
-718
1018
547
884
735
739
503
854
-718
198
447
817
-122
1558
75
-216
1282
1035
715
239
-848
369
644
287
-96
-1164
-570
-728
-539
-782
-303
1136
107
-653
773
-762
448
-251
983
1658
-938
400
128
-55
107
919
218
733
399
-220
-482
736
1751
553
687
-145
587
-137
575
45
16
-31
505
-100
-15
-3
-34
790
708
-152
-439
-482
286
-317
-1209
-37
-208
-78
382
108
-700
-302
-733
550
-660
107
359
-32
459
-470
178
94
493
-9
-429
-555
663
-26
-92
-176
1145
216
-698
214
1009
-545
123
-193
128
484
505
143
403
16
1081
-425
-73
957
773
-629
-262
785
174
77
591
898
25
319
177
893
294
469
-626
-804
368
69
-141
-596
-231
210
375
-41
333
475
487
-451
640
362
-1272
178
259
-495
-183
117
88
-81
-681
-118
1009
-707
-311
60
205
-361
-85
89
-159
770
-624
192
202
-206
608
-918
-55
250
-1324
69
-420
145
971
-254
841
75
-779
204
-585
-533
397
413
781
425
-428
283
1364
513
-109
282
301
1338
233
530
509
33
123
530
662
90
-66
424
605
440
335
216
-204
-61
-410
549
-138
-601
606
669
-726
-27
-557
-533
861
-684
374
562
663
74
223
-416
347
560
-5
70
567
-564
396
-286
21
-214
264
-3
-188
128
274
-476
-122
-230
766
-493
1006
442
786
-550
-420
564
702
-1141
726
-20
-373
-715
-107
812
118
-57
-1121
-944
243
-120
420
-142
-580
542
-524
-597
-717
838
-4
-272
196
-239
-336
-291
-382
-272
56
-1184
623
416
-630
-1166
-12
337
-422
-251
-275
-215
250
-346
558
239
-103
-657
1068
-759
-174
291
-31
-458
-4
-595
-266
-574
-378
161
-483
-985
705
167
-624
20
246
900
-297
-298
512
-109
-420
60
-1312
1309
-426
-808
396
531
663
-579
-222
-392
-408
-84
374
-586
685
588
-159
-83
-181
75
-81
-121
183
468
-496
-243
152
688
746
-134
-540
-941
167
-362
641
764
-391
-265
-701
322
173
62
-396
420
123
-110
-379
-278
84
207
-121
-572
-1143
-76
-124
800
-689
150
155
688
113
-366
-337
620
-1315
358
-201
-262
470
71
-448
-111
-477
-199
308
-298
206
-157
961
-288
1379
-508
487
-376
-52
-752
128
-289
-66
-240
-615
-38
-771
-48
165
369
-128
276
-556
1423
-193
-275
-371
260
-438
835
21
602
-87
931
-645
259
-141
-346
772
874
64
556
58
-127
385
-12
201
-59
796
146
-523
-732
1395
106
696
-164
589
-1001
656
108
151
-711
-511
283
278
-826
-98
-507
402
-443
170
461
-394
48
7
-133
-260
-885
625
-180
-454
-168
-1662
178
-420
-553
991
-16
-743
-318
1391
-360
-447
-1074
45
-611
226
590
398
-49
569
736
-88
398
385
731
441
1239
-275
238
-457
-207
691
290
-115
150
-74
89
601
132
-111
49
120
-256
549
-404
-519
484
195
150
-888
644
646
79
696
-794
-363
-377
708
-947
292
-159
-554
231
-777
1085
-224
-130
423
765
226
893
-198
-443
334
1505
-252
-625
-954
-812
-375
-431
266
-1514
174
430
285
752
192
45
360
493
-126
-43
-190
29
78
202
313
-78
-933
274
203
1494
111
-137
-540
-783
709
74
68
54
324
77
5
-652
1306
92
-680
116
-336
-646
475
442
-1977
-604
167
607
745
346
-619
273
438
-99
190
181
28
101
-447
-551
-759
170
-224
1077
-386
381
751
-553
694
-429
63
-846
762
-1035
312
-546
654
-611
925
-148
-659
363
228
147
496
-660
501
-186
-205
-276
-22
-587
-870
-945
-370
-355
-326
-703
397
772
469
20
574
303
-253
-440
-316
472
-538
1079
-12
234
-277
-207
75
-141
-375
-270
698
-713
-662
-203
-583
389
509
830
-816
127
-27
132
366
758
-295
19
1092
256
-61
-501
158
-445
74
-121
46
729
339
292
-110
-34
331
-138
366
422
-434
10
246
627
-769
-199
-5
-318
118
243
-690
452
173
472
-197
269
-210
86
-349
-92
877
66
-326
-1164
-288
-209
-1435
291
857
-626
276
-429
125
-648
325
20
240
-493
-580
28
726
-157
-55
1500
120
-688
-244
-395
-54
-467
36
169
395
-364
239
43
-473
-514
660
470
783
925
307
-198
-68
-288
528
139
361
-727
-183
-478
-969
-107
-607
-193
58
154
494
-672
-654
484
744
315
-180
258
-260
-221
-50
63
-1237
874
63
-110
-610
-220
-637
45
-755
215
10
-1067
-392
252
209
-105
153
1260
-518
-1007
-288
366
362
-563
-230
-683
-629
11
-1237
881
-779
249
-1032
-269
151
336
-558
-847
-360
-167
426
-125
1297
358
-415
-143
144
480
-706
-328
-1103
19
-1594
685
484
-239
-627
170
-1086
312
750
1106
88
-452
-255
-642
-472
-249
-408
277
198
440
515
-335
58
-197
844
1400
-455
706
-502
-841
-664
365
1181
-269
-95
637
1234
-129
-441
-639
-289
-355
-293
418
125
-1239
102
668
-66
-404
-532
618
-1157
22
709
-629
444
-1098
244
173
700
97
727
554
156
1183
898
497
370
214
-802
-510
171
-1153
457
45
191
388
120
-473
512
478
-897
188
132
-25
-143
-10
-330
-83
-65
421
296
949
335
-7
-542
451
809
-349
-277
-59
892
-7
190
51
384
-572
-522
115
579
1318
-898
336
-59
79
223
-286
-381
-21
-122
216
271
-501
616
-218
630
203
-354
128
625
-251
142
-458
-504
-196
750
1032
356
-81
-218
-1063
-31
-598
498
-548
-72
465
1103
428
710
730
-53
-641
-471
288
-939
153
-319
-367
-640
-771
741
-176
-1031
-445
-314
-427
-612
75
-234
864
-7
294
-1189
-528
-665
49
81
-503
-35
-374
52
-416
816
-282
-950
-619
287
-712
-947
-391
26
747
167
-406
795
780
-1149
-89
414
172
630
-568
-298
-158
753
-682
-9
-95
-285
-91
-473
324
-27
-168
191
-610
688
-52
-280
393
-332
231
-1159
-615
-97
-400
-37
-457
51
320
275
616
-198
-731
256
102
-203
37
143
536
87
231
465
734
58
-46
-230
-937
183
-196
969
102
-783
-113
1137
28
-697
-240
170
572
63
90
1010
-564
653
276
632
-59
-644
-178
18
-269
636
224
-596
162
708
-71
-696
-438
412
-591
-141
302
503
34
4
-392
124
870
-285
-1260
26
1119
310
0
-86
21
-47
169
-158
-713
90
-738
-803
-503
17
827
344
-176
-568
-163
277
191
-343
155
7
-174
867
171
259
597
217
682
-131
378
155
230
-613
292
944
472
-445
-419
29
168
-28
625
-241
398
-34
-55
-109
-199
-512
521
87
191
-237
-266
4
602
142
868
304
120
280
691
398
-414
644
-33
538
-751
778
-403
151
987
696
17
-604
-949
-111
-60
-61
-4
593
276
-30
-713
-656
1479
-375
319
-937
-559
530
205
-360
-54
571
247
-146
492
200
-638
-138
-821
-403
-566
609
413
-341
-541
-321
86
108
-546
-521
157
567
-68
838
-265
1059
-241
-335
-841
-222
-389
-707
-49
-203
233
-856
72
297
-203
-174
-754
1325
-1036
-82
219
-831
-328
-257
788
-412
-740
593
-587
-252
-402
667
-1105
69
507
-962
-587
-876
643
-249
-27
-9
167
-397
610
616
44
-320
-593
-646
-130
703
267
352
49
873
567
529
321
14
-4
-34
-115
793
463
778
-305
195
318
-52
-877
231
158
484
972
614
-388
-355
345
112
-805
-354
624
905
452
11
522
564
437
-536
194
1003
-305
-491
-112
-547
738
-803
427
-606
-515
-67
-222
-117
-317
-214
-892
-195
-796
286
-383
38
381
52
29
389
875
-1488
-826
846
-50
-709
607
-192
-296
-107
770
87
1424
626
-612
-403
-261
-927
4
793
-113
58
-97
-506
254
-477
-1073
336
-56
-146
-1329
-129
318
-193
-156
-580
-650
-599
-346
3
-15
-493
242
301
563
415
-714
315
682
-491
788
-918
828
-454
103
749
4
-525
-117
-43
-721
316
577
-121
1087
-375
-27
172
-86
75
87
-328
149
165
-34
-99
436
720
1
-328
-559
-662
145
-139
-354
836
-685
-18
-408
793
-775
559
206
286
-529
112
1104
-383
-147
-282
101
29
-448
511
188
62
-256
266
-713
-206
-313
725
323
-264
435
567
673
-1113
-624
-170
-1256
-39
-19
585
302
-683
1087
557
1563
-1034
964
719
1111
-100
-976
386
535
318
-270
479
-1185
379
-74
384
1203
-371
-183
-311
-287
554
-456
-239
-1300
-658
-45
249
-70
-54
223
212
-278
-548
-850
-365
525
-335
112
-1081
418
-418
-186
-357
-283
510
298
313
-627
-238
-465
-496
566
1248
-46
253
-417
75
848
195
-86
-1406
2
-126
-40
373
-792
-556
176
808
686
388
-1806
-215
-631
262
-300
-243
-243
603
241
-306
1008
480
-130
348
625
-14
-187
541
-48
-64
511
-527
404
-248
-886
104
-324
323
-153
181
763
-927
-245
215
546
-194
-282
436
-249
-296
41
-1185
-156
1487
159
423
104
504
-45
95
-27
470
-413
1169
254
399
-358
227
551
65
-14
81
613
186
-55
1444
-175
235
205
324
562
-68
74
74
-51
-339
480
-774
1093
-201
-315
-775
637
232
133
1121
-62
-404
600
-662
412
713
789
-656
411
-140
1690
401
203
-467
459
-73
-4
-532
-579
356
537
35
-60
161
328
236
-531
-356
-443
-271
537
-537
95
497
224
-566
134
176
473
721
-453
-83
439
320
-272
334
686
630
281
416
996
385
804
526
794
646
29
-181
-965
884
-796
153
-114
-68
-186
908
515
304
-20
43
142
464
-606
-328
390
113
-503
-100
-233
-214
199
709
782
-2
-349
435
598
-352
-309
197
-481
55
86
871
-120
-238
-610
499
499
-342
443
-597
-132
-166
-374
-106
490
-782
645
176
471
325
1167
-264
163
331
-287
-590
-995
-134
919
702
291
-1027
395
-4
-521
-314
228
-456
54
406
-192
149
-734
-185
91
75
-189
905
24
-359
233
-355
509
-126
-764
25
614
215
224
179
419
131
685
-299
-122
280
-150
-1102
-1032
583
-954
-797
380
-341
216
-221
1237
-611
-385
-167
17
-504
28
826
524
-754
187
741
878
403
-640
1153
20
337
361
-427
-342
-287
-283
-566
-489
-113
1194
155
-584
-123
-98
-386
-105
-499
66
15
689
-569
97
-67
55
-313
4
975
-497
-672
1727
-745
-440
1073
-212
572
-89
355
238
-251
-95
-960
-188
-17
261
-763
499
-180
504
106
390
-450
588
137
-142
-484
625
393
323
-697
963
128
-1249
-172
-610
-538
410
720
-328
-64
-78
659
212
1098
-629
145
-202
420
-277
347
689
593
-478
32
-9
351
465
-499
-533
346
711
-384
159
-1022
-169
-222
307
-232
-411
-202
186
-650
-297
497
-65
260
-340
34
217
44
-27
-800
263
-166
-467
-389
519
-418
-404
456
709
-199
-745
632
-462
-76
-154
661
193
689
564
223
144
-185
-322
17
-155
83
409
-354
-376
-515
487
559
162
365
-160
266
-595
358
-387
-319
117
-536
48
518
-82
794
-555
61
416
-244
-228
163
461
-281
-362
8
-419
-367
99
420
-778
-674
507
1217
535
-308
-202
-283
24
301
48
936
468
-368
-324
307
552
162
-102
625
855
-115
338
262
-184
-835
-220
-566
1200
772
696
1234
-865
-253
-825
-102
964
622
80
39
-269
769
-24
-134
867
-746
123
383
607
-186
-71
47
-177
738
-396
732
434
287
591
-784
-1085
-231
-645
-259
-314
133
-324
-203
-4
566
-304
-505
-191
-222
-263
-11
216
358
-55
-33
209
-20
-115
546
342
698
-4
483
-269
558
-48
-378
-306
617
-376
-451
-759
-339
-497
1003
432
-95
-144
-891
9
114
-87
468
933
35
-620
-883
-461
278
486
787
-1289
204
152
-1492
-124
633
603
-600
-1531
-75
39
207
203
-534
-611
592
-136
-231
97
589
488
-350
-179
-89
60
255
305
-633
-184
-197
-61
-880
-611
808
212
-672
540
-867
121
371
349
836
-63
-358
664
315
-260
27
-13
-374
464
688
-245
-506
250
131
-212
-295
451
1016
213
517
-122
283
25
737
-250
-1143
-193
-625
67
-219
-14
246
1058
-690
-698
-156
-213
490
-1185
158
-739
42
-410
1
-1168
612
-155
76
-51
295
448
45
911
-763
-341
788
-1086
177
449
91
-59
869
712
290
-479
-412
-395
-39
331
92
593
-506
-108
-307
358
124
-76
-644
-24
126
283
345
1196
-616
106
-89
112
560
73
-376
-498
225
-642
-673
-266
429
-259
269
-400
188
-142
371
-399
-421
566
-811
66
-581
-314
219
450
-521
-226
-301
-6
91
-1150
242
343
235
-1214
242
-36
-92
-986
164
-31
-554
-382
221
231
322
729
-566
0
-1640
-168
-459
622
-1095
352
268
102
-400
-52
367
-103
16
67
-303
-545
-764
1346
-1058
93
-120
-911
76
9
-35
-630
-153
99
33
572
-17
680
-475
-171
334
1132
43
-817
-708
-1175
-184
499
363
92
-622
1082
824
-1005
212
-850
266
237
168
405
188
302
37
1212
-460
-510
-27
-262
72
-368
495
-565
-1
559
1201
-139
-489
-319
-928
-863
498
818
-274
172
75
-165
-350
-46
-84
310
525
276
1049
-429
600
558
-148
842
342
437
-279
573
959
-171
776
-140
8
-39
68
587
904
1147
227
185
-687
-490
-503
587
983
-380
77
-283
-47
-322
489
702
1102
628
-767
393
622
733
53
246
-379
215
29
342
-575
1348
-340
867
388
861
246
1
-92
342
-1009
-553
61
-7
1968
258
49
-391
634
596
-845
352
-362
-196
214
943
-901
-464
36
-569
291
78
399
310
-391
746
23
90
305
248
-253
445
-487
489
283
165
630
951
-426
-162
421
-65
100
-493
-525
544
-976
-347
967
96
-1407
496
666
-1117
646
-313
-1359
-174
-224
-692
265
-87
879
351
-422
1221
117
-491
709
-599
-165
-761
115
781
-46
14
-523
-494
-580
333
-162
6
-301
-705
264
-255
-636
942
236
801
-713
667
304
328
-207
513
564
-479
183
-1587
264
-563
-586
-928
-82
-54
-346
-426
87
-651
-293
-865
-573
-549
-8
-351
-412
-143
-147
-535
360
-159
809
-281
335
-699
261
-605
-460
-316
147
541
380
-399
33
42
594
-50
-234
302
820
-68
-311
118
442
-181
-597
418
-57
-1208
130
-78
-1070
78
-530
871
46
419
-101
62
-283
252
-369
555
196
-416
-706
-180
105
1653
-1813
-652
48
342
-659
-17
668
1051
868
-453
-490
-758
279
-907
-432
104
311
612
-136
-285
-234
143
-481
536
159
-105
-376
794
764
565
-418
639
-41
-473
916
-513
1267
255
206
-37
-415
-706
-170
241
-123
-467
401
-134
959
391
-783
-103
-474
-356
70
-197
139
529
-428
28
1326
-445
-197
904
410
-781
122
-397
43
-13
60
225
-226
733
188
-340
-1285
-105
101
-699
-92
-866
-1399
-114
120
249
-26
-752
-112
115
727
-385
169
-181
-2
399
-574
4
409
712
355
80
-15
-374
451
299
906
-3
-514
-94
-34
532
-527
581
85
-258
-192
1355
526
-957
-339
-54
752
332
-190
-683
93
-817
736
825
-751
-172
101
-28
-90
58
344
197
625
590
446
-395
-428
-19
364
162
25
-863
164
-544
-110
698
683
315
557
142
154
-863
-531
-860
-284
-411
-137
339
-1372
370
-121
-564
506
-120
-967
784
-721
98
-622
-478
-397
-575
557
-3
794
-51
-640
-256
-822
-264
-371
708
118
-255
54
-272
-503
-222
307
-871
566
-9
-218
-891
-585
-142
-481
670
-320
-92
-3
-10
635
-224
8
726
-255
-744
323
-568
606
774
-699
-1349
-36
-749
-447
645
798
-364
639
500
59
484
893
-556
172
1201
68
91
-439
314
535
-288
-916
410
249
447
751
1
-343
190
-262
247
557
442
15
-1079
-1079
-887
332
-644
140
-271
48
27
151
312
827
-517
-210
494
-14
-687
-426
-791
220
-263
286
271
-615
-778
-380
131
-329
-1288
-114
-170
-790
801
1222
75
-197
172
-304
1051
-205
192
-182
-63
248
-554
112
234
254
-394
127
-393
-417
241
175
-342
882
-280
13
100
-103
-344
-1279
-277
-28
633
28
-209
518
-383
403
-328
171
896
851
1178
-305
-628
890
334
258
-256
192
606
-334
247
252
-557
-41
491
-273
-61
-861
749
-370
731
254
227
-1437
-388
830
-99
223
147
-521
681
-103
147
-129
-615
1129
-343
929
-401
874
34
559
484
306
-536
336
367
-444
362
-163
-57
141
203
441
-174
-360
-695
-582
983
-341
-713
80
491
-497
141
567
64
-293
567
574
-214
-351
-20
652
-101
-201
-329
465
-356
652
43
796
502
267
-561
-349
-176
157
-72
364
-432
65
-290
699
-520
124
342
45
610
-341
21
365
121
-480
253
-851
653
593
-259
458
-840
-31
511
-464
-16
-377
196
40
347
-8
436
471
239
656
57
-1094
1037
318
-133
-2
-213
151
549
657
682
-291
-543
-439
-901
-206
330
-681
743
-21
-388
896
976
-492
-548
326
552
21
698
105
-159
-437
-158
-256
431
-221
528
-211
-568
284
-363
-273
-963
106
108
353
-488
480
491
1186
69
-76
-41
-409
-273
722
-241
0
329
654
603
469
-164
-952
283
-176
-85
234
70
-185
788
364
-13
-142
1481
197
-2
-157
519
898
324
-678
497
201
928
-84
728
-328
474
1552
-733
588
1636
-567
44
-125
400
-202
-63
767
594
-420
61
290
746
316
733
144
859
-352
391
476
-370
1049
33
-307
-715
198
1229
-290
-285
-138
-805
109
295
244
-172
261
567
598
800
179
208
26
129
417
388
670
-356
170
-258
-1247
-272
-161
253
-26
-39
163
-1036
-696
731
-748
399
-861
-288
-1044
757
379
-213
-421
-164
-1308
318
100
383
248
258
-358
391
-184
31
390
325
322
-320
269
-15
-407
919
38
-183
-211
14
-397
835
1105
-541
512
-259
-290
-652
-71
234
-574
-565
-53
609
677
458
-720
307
-578
-614
-667
-388
225
-400
-353
382
391
-69
556
31
-304
-562
833
63
-169
253
-802
636
737
-387
361
-773
438
538
-332
-782
-587
-313
241
-343
-527
155
102
276
613
1101
-13
339
-11
-331
-4
154
751
372
100
75
-783
-589
-662
520
-103
-100
378
176
438
255
638
325
-703
-733
541
-753
421
151
403
-418
-486
-258
-33
344
-191
24
-144
-389
-672
-477
814
422
179
269
390
-949
173
226
-485
-273
-455
508
-813
-551
-649
34
-131
123
827
680
76
-506
1244
31
316
-588
777
-110
-165
-122
-255
-938
-418
376
318
169
564
-1031
-461
69
508
-673
347
-425
1530
131
-763
-205
-160
-590
-209
-37
34
-278
-112
-438
-35
389
1118
490
137
169
-242
529
-841
792
-7
498
685
-129
-551
334
-820
317
-412
-189
-59
77
-302
-385
651
265
332
-274
24
-808
493
138
-545
496
-100
914
235
-57
1170
492
214
267
-203
-705
-586
-56
622
-341
730
-401
735
432
-562
307
591
-217
821
-1340
178
114
-74
-787
-326
146
-989
-518
422
670
262
97
346
-223
421
434
-1212
-185
186
-695
-1458
-695
-1
-198
-170
16
-54
-262
349
-79
-328
-19
881
435
-504
160
853
-124
-30
109
244
-260
432
-138
1191
853
-1248
-479
243
-536
41
336
125
374
462
-552
-519
-185
25
-414
-300
482
125
-575
-235
-236
-678
-374
-205
949
302
410
371
737
-110
-354
-1112
-612
-588
149
1333
382
-318
-85
247
187
0
-401
-28
260
-232
-142
-109
375
-215
273
1214
310
-350
111
431
-933
392
154
-514
-73
181
761
839
57
56
199
-137
209
-1214
1586
228
-462
321
119
-300
535
658
-478
170
-361
-255
838
1348
-392
448
-436
-211
-381
-13
-119
-1010
-429
-687
2
-692
-790
-101
424
57
-572
-732
314
727
-49
313
128
-101
112
-294
25
-148
-392
-1135
366
-1222
587
-542
-306
50
509
-302
847
256
-191
-277
1098
-17
-159
-812
-106
-131
-1350
-219
-77
-1329
-177
-171
-1112
-621
36
-654
282
811
-59
-66
-202
27
550
565
-281
1663
42
513
328
540
-258
-381
462
-594
402
23
362
138
-436
426
-79
-178
564
-226
-476
-740
724
738
167
-366
31
701
-257
-558
1097
-270
250
698
-331
19
-398
-338
249
120
-55
-63
425
-977
-772
607
-210
274
409
654
-35
340
151
600
-10
-643
-961
-392
-254
-637
472
22
818
85
111
-1294
-416
-124
345
-183
-348
721
22
285
-1885
-522
217
47
-645
-337
-132
-214
635
-204
388
-448
-1189
-219
1057
106
-563
-586
125
-353
62
324
-530
209
-1058
327
21
-953
-800
-249
-900
155
-588
405
-466
-4
-337
638
-30
-643
183
-228
-271
522
570
-399
-367
-13
955
-144
191
-396
-561
-155
-536
9
31
-444
-192
-119
276
-732
340
280
910
451
305
-291
360
-727
-166
-295
-691
822
932
-254
464
307
-144
354
-23
1372
-49
340
-830
-192
146
-144
-468
59
-30
-128
6
285
834
175
378
187
52
342
518
-389
-120
-521
-181
-116
952
615
322
-447
135
740
507
-1124
252
-284
-850
398
397
394
66
506
811
-432
-481
216
-650
-284
234
-817
-501
817
135
-931
387
-433
20
-22
601
727
-891
-670
136
-448
394
-98
-491
360
-82
-749
108
83
-620
278
-296
-61
-120
-512
1116
-121
-757
561
-348
-379
275
928
90
630
336
-102
-851
464
-202
-100
-439
-220
-321
528
230
518
198
-660
-425
676
197
308
-35
249
-435
-793
772
-1175
452
652
-63
-1499
644
-76
547
547
-334
897
-325
830
-222
870
-316
-263
414
-665
-384
-840
-202
-689
1495
-218
-1040
45
575
785
-126
-94
-158
-559
-359
304
-362
599
185
47
-856
-262
-229
154
-632
195
488
550
-355
-345
580
105
1015
597
152
-560
-790
219
178
769
-423
89
-738
-187
-631
957
-118
983
391
-151
177
-34
-153
-204
-141
-776
348
21
-168
177
451
608
-98
20
270
293
-584
-159
407
-75
821
-185
-511
318
-303
-203
611
156
-223
147
-446
-337
-1185
253
-820
-231
451
-204
-738
-696
-63
522
900
-1223
-222
-44
196
517
-34
232
-405
-477
-710
288
178
-568
-106
-190
-1194
-2
-1378
157
389
-185
-183
210
-801
524
-108
37
478
-336
704
235
-7
66
-282
704
389
69
-385
-367
-748
592
336
-99
785
-1656
-757
-283
116
-270
-1263
3
518
593
-818
-525
-495
526
210
-203
-252
-312
-353
-1166
-1334
299
-499
226
1084
-63
471
135
813
-255
-608
-162
1082
-304
-355
-525
50
383
341
-78
-204
17
-33
-483
435
-92
-555
490
-643
-649
394
-1209
-1293
376
-172
-131
506
-1125
801
287
1217
-192
41
137
-654
-843
-1152
-703
-174
807
544
258
399
-1477
-12
-766
50
1690
-431
481
5
246
8
255
790
651
194
1108
-250
225
-277
233
333
-252
-827
-161
159
575
779
-156
-150
-502
348
356
-527
698
585
206
-34
-614
452
131
525
321
502
-526
-1075
-1124
-466
-378
-726
1384
118
664
406
-150
-98
-93
324
-279
-851
-839
653
751
-335
-725
-707
-586
1101
967
867
-5
-8
612
-132
98
-285
-233
50
740
-174
-295
2
675
-393
-592
-274
204
409
-99
170
-396
78
326
-278
-758
-647
-7
-8
-450
402
37
-803
136
236
-81
-690
215
128
-372
-872
61
923
657
-542
331
193
210
76
-308
574
-89
-194
59
37
507
74
1399
-635
428
-127
23
-596
-246
-177
-573
-491
-330
300
859
495
-247
-957
358
-732
165
841
544
314
-223
-997
405
16
-629
-324
-114
327
606
102
-826
105
-723
179
-5
-258
-295
-94
605
181
1412
292
273
607
-21
220
309
48
92
-592
462
24
-492
-319
-68
343
-166
949
52
-518
-90
53
-92
934
-153
-243
-355
79
-389
-1074
-1061
90
-74
-343
-262
-251
-558
233
11
5
833
-192
-707
34
-486
-196
568
-128
586
487
-1067
1207
401
680
1467
337
411
307
891
-251
121
342
-199
209
-595
-275
-927
-406
-468
95
296
1389
25
656
468
-138
-31
-47
-990
244
-613
145
-295
415
68
-262
-282
-133
-575
1158
-1165
1266
-489
38
77
215
608
-795
63
71
427
-6
-511
-1037
38
-422
-349
15
-114
-236
224
324
764
784
-157
268
-108
521
480
-964
-466
83
-19
358
-49
338
81
774
-196
-511
-1153
-1417
686
-530
-250
-234
-254
1015
101
-1005
1640
728
152
474
737
-128
-143
-270
1172
258
1182
-559
-726
-577
-38
-228
-474
130
-577
278
-158
-351
-458
-211
-541
-458
253
-46
12
522
228
186
151
701
-313
-410
202
792
974
-430
-613
747
443
456
-217
-377
-711
231
89
481
-697
-265
-534
-220
427
-817
321
-511
277
280
883
-435
-344
-574
-102
633
-753
-283
-64
58
-484
63
1313
114
237
27
608
-6
-648
-193
-778
181
109
-146
-352
519
384
366
-269
-385
211
-589
-601
-382
-378
236
724
-149
-574
-177
-218
640
133
-151
14
-812
469
-302
131
654
74
168
-313
147
362
1088
-163
-650
502
587
1303
227
331
-1123
-718
-765
288
1141
386
-98
-343
264
-674
-656
-351
-630
-581
403
133
-1400
1285
-1046
-91
1364
-758
-205
23
257
-441
-568
239
601
-90
-102
-64
-366
284
143
220
-200
493
-1029
540
-63
835
-746
-18
27
-92
-490
-976
-75
-48
-249
827
162
-268
99
298
496
131
535
-212
647
-523
444
-133
304
-438
1016
442
304
25
-961
405
31
-431
1030
-21
-387
-519
-262
228
36
34
49
425
165
935
-184
-713
-257
-168
-195
-130
528
757
-157
-635
-511
-729
-130
290
171
45
559
740
-297
-380
271
478
332
1133
392
-582
-443
-930
241
144
466
-1190
593
389
481
552
624
-83
-294
440
-218
55
-697
229
-271
133
-153
-1080
-305
689
239
-481
-616
74
80
601
809
-350
204
137
48
266
-539
34
-124
372
136
-485
-44
-666
-1096
441
717
396
381
-95
-413
1877
-343
733
-114
-606
-366
-203
-1166
218
409
-61
-291
21
633
246
-485
-32
224
316
-181
-561
21
-262
388
-277
147
-411
-120
27
117
-877
-238
707
438
-451
-1129
143
-530
359
872
-507
208
408
370
893
946
-569
410
63
712
378
-458
646
398
-5
-658
-144
-839
161
861
-133
454
187
-237
905
491
523
-407
264
121
480
-75
-356
-382
-220
691
857
-701
-595
-62
403
-629
-1613
-106
-362
896
705
-673
823
-847
461
-594
810
236
-16
1266
877
-96
403
582
267
-782
208
-938
-439
-903
571
-146
-490
-129
703
-262
-417
504
-243
-217
520
-245
75
818
131
135
-796
-194
272
-427
524
555
309
722
-743
304
270
-260
9
-276
-781
262
-487
-550
404
749
307
220
-354
274
1117
1267
207
236
108
-59
810
-943
70
229
536
-137
208
24
-540
24
-791
1164
489
-1262
-589
48
-158
-25
432
586
545
-194
-1602
-424
-1051
-422
-67
310
-666
-420
-666
-2
-170
722
-386
-1029
-1062
-522
668
-246
924
-177
-124
-316
-679
820
158
289
427
164
-199
-349
22
-536
1219
-672
-39
262
-162
-308
-387
811
471
-614
156
-121
1057
-646
454
-990
-428
-8
-422
87
94
477
-662
426
-188
792
235
511
-4
-54
-880
31
833
-669
94
30
-559
-183
0
-471
140
-1393
-916
-31
-515
852
-276
1284
-20
-169
-1002
641
-335
759
462
-712
-34
3
-352
328
176
-50
-110
33
-229
-828
355
-943
227
-47
238
325
144
-337
220
-53
307
-172
432
1042
-737
-463
397
-816
838
889
-290
-208
-112
110
591
-12
-437
-261
-1100
852
-332
486
114
-478
-469
865
-1050
920
-125
300
-1092
153
217
711
1181
191
-560
-162
497
564
346
465
-442
-1020
-665
-183
258
-996
104
132
-168
-471
-38
388
694
92
214
-277
381
-521
600
-8
227
-351
36
666
425
160
254
-73
-94
1020
-543
839
-463
721
-408
-597
-283
-975
-265
-661
463
107
962
616
789
-61
490
-346
408
631
280
-58
-258
194
-125
94
79
-1325
-134
-210
-237
-444
487
408
-324
-759
127
-167
141
-348
-404
-365
-340
-350
626
528
-20
-571
203
-171
513
-353
-130
969
51
742
-691
-203
547
668
36
-313
-871
-396
1252
871
350
-590
-1198
491
-225
62
269
-200
-179
95
441
-424
111
-407
898
-371
358
697
495
-1084
-92
517
-31
139
489
219
-261
75
172
187
-877
416
-248
-277
-797
-820
685
-611
-60
-994
755
290
-633
-1270
448
1128
-1080
79
295
565
214
-369
612
549
311
-985
-56
-274
116
606
-517
456
435
530
-1169
-268
86
-555
-296
-127
414
1170
-199
-199
24
125
-370
84
417
-444
-657
-851
16
180
603
144
520
700
93
-291
-17
599
-533
-1738
-192
902
-481
166
1044
89
266
158
-844
-73
-964
-125
1073
-473
-455
-925
90
-496
-749
1168
-357
501
33
-482
411
154
121
-293
339
413
-371
553
-120
255
676
24
471
-261
579
-266
-1476
-536
-939
-527
678
-425
542
-463
-519
153
-189
78
816
-261
661
-185
237
-402
936
386
-62
854
206
-1104
621
-565
718
306
345
146
-192
268
26
388
-880
55
-370
-14
-527
-1154
-504
-1238
-610
-912
175
-367
96
356
330
-108
888
427
-611
-273
589
-46
698
227
-440
-179
-246
736
-578
572
316
348
704
-454
-403
-192
-52
28
401
-103
-747
-426
-1032
134
456
-355
521
-424
293
-351
419
584
680
-492
-466
-177
-544
369
-809
-286
448
239
382
286
-84
354
-238
-656
342
-414
319
368
583
402
-270
-419
686
281
-354
333
-159
-529
419
-578
-206
-505
191
121
-303
-222
-291
602
-434
69
-254
-339
479
-677
131
-626
717
639
57
-275
790
-326
-648
937
362
283
-796
527
66
-744
512
996
202
235
192
-707
66
1014
881
-556
-642
264
1080
524
1205
144
781
-172
298
-491
-589
444
-30
517
118
176
623
61
601
79
260
-775
95
-428
802
59
-690
-122
-934
-1370
-792
-309
-442
-70
445
-330
-351
-372
124
842
-291
853
-714
231
-457
10
476
288
-481
388
100
-735
-203
-319
-271
68
632
259
-90
-148
747
627
123
-128
415
-204
584
-870
-733
495
-173
357
-160
418
-394
330
186
156
-219
436
207
924
648
185
-81
-812
223
-12
-127
-925
445
945
575
-606
363
-71
370
460
-39
2
394
-618
359
729
-527
-1014
-146
618
-536
52
-682
68
190
915
-252
-995
-844
-276
-311
-151
109
-745
1733
-327
-70
-93
-1098
-61
-602
-804
-56
260
89
-658
-223
282
-627
-21
-582
-34
451
605
329
495
575
381
193
22
464
-183
-709
591
-168
-272
503
30
-311
-396
-337
579
-592
-404
-374
264
-411
684
-922
-347
620
282
353
-793
-778
-225
-81
-681
257
-336
354
539
-101
413
-953
784
202
-231
-40
-129
176
-806
99
-105
-501
-183
547
-105
260
-307
146
-20
50
-50
9
266
-202
-277
-111
129
-342
-328
433
81
581
165
-651
440
387
-150
350
-289
-184
60
91
-182
-369
248
54
-53
-797
-611
-693
-153
-222
-293
-838
-672
-128
351
-738
-10
-131
-127
258
87
-984
-111
-1022
-141
260
-981
-634
814
-493
-360
-170
-267
-297
-53
178
-47
-450
-923
-689
218
245
247
241
694
-946
135
-201
16
-265
-57
-547
-275
-220
273
621
261
862
455
41
-306
-579
-277
-177
-293
308
-753
32
785
-456
595
1343
699
-162
640
188
752
174
-633
-451
176
-359
-48
-473
689
754
765
-446
479
516
490
-188
-197
56
172
-378
655
-601
797
-691
-778
663
533
185
734
-475
785
312
-563
190
-35
-1013
457
-370
101
787
1462
165
-84
-766
-636
570
-285
-634
-215
-237
-708
-353
972
30
-156
1089
737
-248
-864
-130
120
-364
357
-150
533
128
101
-191
112
-295
41
-522
-932
-410
30
620
269
-442
-124
489
302
-894
172
274
150
-476
955
325
406
-1192
-728
-724
365
124
775
-138
-289
-445
332
-530
397
-585
795
-636
-118
-415
544
135
-12
-586
-3
185
188
-146
701
-78
296
629
-353
-433
-115
64
91
-77
-55
-191
-236
244
-729
-588
-522
-718
356
-557
-416
-1280
694
-385
-773
55
568
-1134
277
-166
428
522
-1272
1242
266
104
818
927
1178
514
26
598
228
-263
-588
74
125
383
-350
344
20
348
-499
-301
552
578
274
268
70
21
715
-398
-634
-418
362
-796
-824
-907
441
222
-619
219
-241
-578
-546
-516
741
137
36
-455
-599
-409
-753
417
175
-57
175
644
-219
106
-763
-240
-79
-492
-147
-414
-256
-423
641
-807
108
546
79
-498
55
-987
404
77
-882
-190
438
295
142
749
474
674
927
410
-433
22
-679
-18
193
1199
-557
146
139
-118
547
-437
-165
420
613
-309
-779
-606
100
-620
-261
237
332
-340
45
-880
-206
-249
645
-231
558
528
-105
-884
-1224
1325
498
-1089
268
-80
-934
331
-325
342
259
-52
375
-92
275
-848
-235
58
1150
-556
235
572
-439
266
-865
70
-392
-274
205
-277
-532
313
-535
425
733
667
-141
239
-186
-350
451
-281
-799
-1094
-115
-82
-293
395
324
115
275
-452
398
613
-510
44
202
-528
418
190
98
-241
516
572
-335
-247
429
378
-105
89
-141
-446
137
505
-8
110
-239
-242
470
391
-511
1086
-560
-465
22
-621
-121
-737
599
-439
-310
-110
417
706
-308
233
22
156
760
-83
-758
-154
462
-103
342
-141
564
-88
384
615
635
538
648
649
444
-583
-169
-591
-68
-594
384
-166
-493
-468
1
-561
203
-60
80
-502
417
-484
-135
-315
-10
515
-1238
-696
693
222
861
-867
-43
-503
-130
293
132
346
-582
-1336
82
-237
-783
-65
-992
224
-551
119
103
-319
-806
-1217
614
-538
339
-327
161
-264
532
-752
1151
-164
400
-452
357
-433
-592
-198
275
609
-706
628
-711
-10
-684
-424
305
-443
201
1241
-319
115
-846
223
-237
-254
75
59
524
689
-97
-705
-325
-995
-54
925
649
-72
-608
454
898
467
654
215
-125
27
-278
71
-278
-832
611
187
-331
-244
149
-432
-231
-297
694
-865
-598
293
744
-30
646
64
-48
-276
-938
-575
-362
23
505
541
416
-1303
148
-798
-157
410
-722
-267
930
-164
-23
-580
-193
-120
153
329
-1045
875
-89
324
-451
-874
-452
190
716
629
-259
18
223
853
89
323
-957
-564
1165
-523
-826
33
570
251
-363
585
-455
-661
278
-326
79
603
-144
-49
569
37
181
581
76
-240
345
45
116
193
-156
-441
69
39
1015
375
-520
-59
44
-86
192
-658
316
21
-11
-445
-318
125
-25
-459
-251
346
-92
187
28
-586
965
-120
90
1022
1260
-186
645
90
431
37
-486
-203
-99
-833
-469
-593
638
-149
-483
-383
216
383
-663
-591
-398
-229
-609
107
-179
-427
-342
1209
558
-51
-358
-1082
617
115
-802
448
-846
-293
-63
157
466
551
178
-660
-182
-233
149
851
267
640
1065
1490
3
291
-10
-875
-431
343
-116
376
734
694
411
-136
181
-721
356
438
254
16
777
-412
1094
683
-171
-51
560
-423
491
104
-387
-745
-324
-436
430
-124
-153
914
-215
485
-57
-1099
361
-69
-139
-183
-526
509
468
-319
-674
-568
204
-269
-220
538
-66
-134
672
163
426
-652
-549
-813
-682
190
129
-441
-211
774
-947
489
-674
192
-133
431
455
649
-190
440
458
-434
-297
40
-598
381
690
-791
-285
-274
96
850
231
-1111
-22
-233
936
173
-1164
876
-867
336
425
1064
-81
-819
808
9
-320
665
-293
-199
305
726
660
249
-659
-617
-1166
-510
-165
457
-573
684
863
-30
193
-760
-348
413
-112
83
1260
-183
-108
-619
208
226
-359
-325
-408
-121
-303
-458
-566
-282
162
-1277
-287
-271
-470
840
324
377
117
-325
-907
-789
-271
-118
