50 100 576
0 0
0 7
0 19
0 45
1 30
1 39
2 9
2 15
2 30
3 0
5 14
5 17
6 15
7 3
7 21
7 25
8 9
8 10
8 17
9 0
10 49
11 35
11 37
12 8
12 27
12 43
13 28
13 48
15 1
15 15
15 22
15 31
15 34
16 7
16 18
16 29
16 42
17 1
17 43
18 11
19 12
19 46
20 25
21 7
22 1
22 12
22 23
22 43
22 48
24 1
25 34
25 44
26 7
26 29
27 28
27 36
28 20
28 49
29 25
29 27
29 44
30 35
31 15
31 27
31 35
32 29
33 1
33 9
33 16
33 39
34 3
34 21
35 24
35 42
36 13
36 46
37 3
37 8
37 40
38 5
38 33
39 17
39 35
40 20
40 29
41 20
41 36
42 15
42 16
42 20
42 34
43 19
44 13
45 22
45 29
45 36
46 21
48 35
49 1
49 29
43
0
37
51
96
86
6
67
88
9
97
2
20
16
19
50
14
74
84
38
46
61
30
87
42
78
23
45
68
29
5
92
62
89
48
44
47
1
13
82
21
76
40
79
26
85
18
31
56
94
98
70
77
39
36
41
64
71
7
28
58
3
57
22
52
55
32
10
4
27
49
66
8
90
93
81
69
80
34
25
83
35
59
72
33
65
15
91
95
54
73
11
12
75
24
53
60
17
99
63
390
-76
-1615
-340
-484
275
651
-598
406
756
-116
-544
-77
575
-1056
545
31
-698
23
885
-329
84
-501
-721
385
549
-852
-275
371
-583
1226
95
42
294
-348
661
121
573
525
425
760
-667
-307
664
170
344
109
-336
-795
-970
892
460
823
-308
-187
365
-383
-647
-478
-82
615
-814
-138
747
202
-96
342
333
-87
316
155
904
206
18
-43
436
-408
271
228
98
955
1112
845
285
559
118
-560
737
468
349
-768
546
-281
-433
97
-226
-819
861
87
-323
-694
-669
25
476
169
-122
784
-166
-613
-41
-454
-436
422
-134
1141
-445
-1072
81
-423
-1
308
-487
-317
324
1116
86
563
899
605
35
-294
676
320
-796
498
-541
406
-207
-779
-525
365
-290
755
-144
337
185
-151
554
-180
555
-15
690
-42
292
350
240
763
-618
-498
583
253
-30
1531
264
590
-133
-279
569
-405
-1131
412
357
81
-163
614
-448
1075
-62
474
151
57
780
-480
139
-54
34
-643
224
724
-354
123
311
-143
-693
-137
588
378
457
-268
117
277
605
414
-160
153
-508
-464
159
-472
284
49
-61
-504
-403
-852
-182
-393
-24
59
-576
373
353
-952
132
61
-16
185
11
-1355
-297
-623
728
1407
-249
-830
-549
-1299
-133
-6
-289
-1363
-222
-1326
-757
-296
-286
109
255
-618
-804
407
757
837
-183
889
-753
335
-165
-738
-246
-402
-956
-70
-392
-601
147
-144
355
-563
-240
-20
-230
-545
-623
97
-141
287
322
-154
-608
32
965
324
-38
-238
522
850
212
630
-176
761
-739
-267
-312
132
-538
-217
-637
-760
-852
-332
800
-648
-694
732
634
-22
589
1016
-164
-1088
-230
-777
-156
-76
113
1313
427
-152
-133
115
1323
1167
615
-118
-474
-398
468
-74
697
-342
-1068
-471
139
958
-25
-263
1
-311
-993
393
43
1211
214
-256
-326
668
-615
67
-476
450
412
169
-663
838
-137
495
249
-571
-380
522
-117
237
672
258
-495
242
-238
-553
-155
-910
286
13
681
-1087
244
288
205
7
2
425
-492
-54
-430
631
-425
926
422
-642
67
105
-420
933
-395
656
1446
338
-10
683
215
386
-381
343
-697
101
-160
-793
-959
59
-539
62
13
-211
781
77
-170
-891
-242
-327
-442
50
80
72
-427
-634
406
-18
-795
-925
-454
-671
-687
289
-161
-647
-170
23
284
759
947
-844
681
408
-614
-3
230
815
-440
11
-170
-309
-61
376
-182
-983
-3
-300
-220
1036
-1024
-961
188
489
62
191
-847
-731
20
602
-1019
313
401
504
-342
89
-274
-213
-92
-11
272
582
231
-385
-126
121
75
-944
-207
-107
698
-490
148
208
187
80
445
-328
-195
47
501
-38
-380
536
-210
-697
631
218
245
-54
121
456
-590
-368
-111
66
-385
247
-633
-494
-365
843
332
72
687
-381
-346
-253
-397
-341
1040
254
57
3
-252
58
316
688
-68
260
1005
881
-610
-75
-123
-332
408
-184
745
791
-540
-149
162
1744
46
-1104
1123
781
-289
635
-99
807
-345
104
-71
238
510
-836
-52
-175
406
457
109
306
-20
-547
85
-556
613
-819
-19
243
303
159
853
200
76
156
-332
485
-49
19
-325
40
280
701
-229
-118
354
40
-47
645
-1022
-527
173
-248
-1556
-529
-297
-362
889
-745
-593
130
-570
-290
-968
665
-508
379
-816
603
27
110
-76
1341
-165
-723
-923
1604
132
317
963
-67
770
-1094
23
-1095
-237
2
-236
567
1780
-334
-1328
-242
586
-161
-539
566
263
-2
-524
-586
-376
244
1026
519
-57
1112
544
-503
-52
553
-603
-783
-146
201
-7
424
-498
90
-351
487
-339
1133
255
-278
-279
165
437
875
-150
50
-358
444
42
693
-986
843
439
1649
100
495
820
568
-691
-1156
245
299
-296
946
153
197
1045
11
-192
639
659
-407
473
-467
-504
403
-307
2
-247
-52
-952
75
-394
934
-492
454
52
842
-271
589
120
598
1122
440
49
-820
713
-439
-37
87
732
-73
-301
171
1144
-60
-435
-1308
-474
660
-96
-1720
1234
682
359
12
560
-1612
206
-893
539
-21
-211
-619
-12
-157
40
15
477
488
796
653
159
-1249
166
63
407
-722
-1273
-100
169
-878
-20
1291
-334
312
-612
416
99
-900
-381
228
-312
120
148
118
-629
665
373
236
416
-1131
286
-160
-4
-930
520
110
-583
1232
938
856
368
-459
477
-166
-664
437
592
-344
404
135
-658
-82
-667
26
236
702
740
80
-189
149
-588
629
-402
-467
-488
-14
261
-466
344
687
-557
-434
142
-24
880
-470
30
-353
1053
704
-291
190
-128
852
-235
98
-318
-273
-273
-69
-17
-448
805
390
-853
376
1293
52
-762
-303
-1591
484
-159
81
-31
1306
-608
219
197
217
-86
-132
193
-617
-253
-688
-397
521
-878
-822
-71
347
229
658
-31
248
57
-67
344
-843
470
380
-381
148
-372
-95
-264
-951
-394
-334
1151
136
-184
453
432
826
-89
-471
332
-494
1057
773
356
164
467
1179
351
602
-490
-420
1266
-714
976
7
-570
-525
-840
-181
45
345
761
-595
-732
496
-129
-284
-20
-780
592
-279
-1017
-86
-58
-122
-481
-54
-683
212
707
-149
-297
-298
-306
329
213
-25
1314
-359
-107
-399
-184
336
257
1327
-503
593
92
-9
20
499
-1124
-265
-420
1202
-1009
-679
345
979
-138
18
216
172
-27
-364
413
200
-754
407
-939
829
400
341
60
-64
-857
920
1199
164
-717
-122
1284
360
-667
342
117
-341
531
1256
527
-681
492
249
-90
-118
172
-398
317
-112
1
114
-545
474
138
-3
-221
-546
-299
-1007
-1108
-889
-735
-2
722
1167
-835
933
467
-160
-624
-315
539
-33
-488
-487
770
-664
161
-573
458
-522
-54
258
43
625
1517
1610
266
718
104
459
117
681
-287
166
570
769
-369
474
-365
4
207
-574
-1230
982
938
-681
531
168
-1166
-283
138
-1229
-1112
718
607
24
-490
-465
-432
-273
-311
-900
-99
783
1450
82
677
-686
-580
-605
-716
566
1227
-195
309
-1652
905
-1264
-208
865
-215
-304
-361
-724
449
-298
-90
-345
599
-590
246
333
-548
963
-220
137
123
-625
235
1143
77
-558
1250
-99
-481
-1141
752
324
124
-324
-57
571
-120
455
-616
5
-700
-300
260
-1193
70
-544
-108
-342
576
1211
504
518
832
-334
526
189
-471
100
-396
47
454
-208
-154
-126
-32
-5
142
-94
33
-621
-550
402
688
-232
-622
18
-546
558
-161
-710
177
-23
-561
211
175
-229
-188
459
-717
-985
-118
1007
34
-475
-488
131
210
-908
-703
35
616
-332
-506
-159
-1200
-449
475
968
-503
-274
-304
376
1488
-597
10
-568
-805
-1029
-142
482
293
141
303
-930
469
679
573
498
478
0
-483
405
-761
322
174
142
-353
643
354
-273
-1036
-609
1251
-154
631
142
-191
-470
495
200
420
64
-396
992
838
-415
-983
-583
-239
405
-676
1447
173
-223
10
535
-331
93
-326
872
-292
-58
-936
-529
73
777
565
904
569
-521
1071
-518
131
-469
-263
496
664
37
51
-255
-643
335
658
508
184
307
221
1129
31
-1491
455
-674
-472
229
60
-162
149
-470
442
1406
114
458
51
-1152
-515
-795
-454
92
99
-349
-247
-207
-96
47
-871
377
-409
390
13
275
45
-1197
34
-939
243
198
392
-382
-298
333
-183
846
-796
-134
-568
323
-475
1382
749
-212
275
1262
-641
-126
438
1478
-136
136
84
-551
10
1232
-152
218
662
620
-422
-316
-507
-1396
-449
-196
264
-28
30
-188
-301
-306
-576
918
506
-667
-20
-42
1236
-19
1028
-1714
-219
-695
99
-1192
393
-1147
166
646
-265
-777
73
-363
-960
666
-88
366
1257
-300
47
-1279
684
-974
415
1065
5
-205
308
724
420
1559
-1291
-705
-135
-129
134
-128
47
-831
174
-189
-1324
423
-192
-209
51
-95
266
452
148
-1150
8
-149
-112
-1182
248
215
-818
429
-187
-866
-21
-479
-896
-137
341
1237
284
-147
-116
-324
-695
-817
-623
91
-846
7
-558
-454
232
1006
667
172
-148
523
-1100
583
585
512
447
-292
197
-945
-657
399
249
257
-1353
259
164
-641
-293
-1523
-444
491
-467
-123
-181
431
-692
358
-162
-789
140
-567
-123
-148
277
397
-363
-314
-484
-150
628
374
513
581
403
-849
366
-470
-637
-113
51
1365
902
483
168
78
-920
264
-615
389
467
894
619
246
-1218
112
717
782
531
-913
-27
134
-625
-1551
-30
-757
-472
1243
-206
-410
121
461
-110
-128
-478
86
626
-1107
-274
-834
150
-701
48
832
47
-240
-36
509
63
19
-508
-847
-325
29
248
801
324
213
510
-683
548
-481
-699
-60
548
-696
-30
72
254
156
-813
315
-19
529
-180
-94
-342
-693
435
348
471
-1065
944
371
-149
1227
424
-246
108
418
-356
-780
1046
74
-578
344
-226
369
30
-185
63
-112
266
-176
391
-1701
597
-280
180
233
293
624
189
599
1472
74
-179
-339
-15
-500
-908
268
-220
363
283
-62
-518
224
100
-895
-434
130
1034
-636
13
-120
1162
201
-138
-958
101
1583
714
-201
454
-54
248
169
-264
-390
-1183
-424
-250
163
-105
-115
-146
327
1015
310
108
274
380
834
-267
-223
353
-334
-484
-841
-63
-1569
557
-718
221
-174
-87
-1615
-175
-536
-1596
283
487
-670
797
363
652
-736
-608
-427
-383
141
-21
758
-122
-558
263
528
973
-788
-623
13
1039
-1466
617
-1051
-578
341
-91
424
-738
374
444
-160
-355
-1427
160
-303
-425
24
-362
-721
1407
-462
10
-83
151
278
-72
-62
-328
-231
301
115
290
343
-810
1109
-1135
-500
-237
20
-219
453
-9
44
-1078
619
285
498
-398
-195
906
-50
852
1090
-515
131
-444
480
1564
568
162
5
97
610
590
-243
-463
-578
-557
-1292
-830
-800
-568
280
-683
-677
-182
-356
-939
352
143
-1632
108
-668
-30
-864
-623
747
-386
603
551
638
-413
49
-579
347
-134
783
-160
-1088
25
-270
-303
1077
-461
-949
-462
-964
-472
-325
-863
-632
-836
-403
72
-206
-95
-388
324
-399
-71
974
-330
602
-179
277
77
34
-21
646
-433
-308
52
-239
-373
-387
-468
-69
340
-564
-96
-157
417
1119
-408
845
312
807
-840
-275
342
-382
-730
-279
689
-844
-211
-484
410
120
-543
290
714
616
837
-1078
494
824
-199
649
432
319
-103
-1372
143
-767
1202
476
-388
1093
159
344
-964
151
212
-190
-864
434
-405
393
885
278
-870
90
1009
-230
-136
-384
643
810
-948
-904
495
-271
379
107
410
3
-579
-326
-1093
378
-614
-335
-488
-683
846
46
-920
-82
-519
-255
141
-112
-429
158
-657
245
-695
-617
138
33
-385
-136
358
-257
-1289
59
-18
603
22
-287
364
-494
-235
437
1261
-356
-82
-1255
-516
-339
20
-189
-1468
-360
172
408
106
-320
-2193
-140
-94
-750
-1007
-395
177
-94
-305
1605
479
1310
290
-163
132
278
472
-776
-243
-699
-582
-82
-275
-587
116
-877
-481
287
231
-403
412
-471
-694
1076
-1024
-144
115
-571
626
-172
734
-521
-742
464
59
-361
-515
628
-278
213
152
-152
240
-575
414
13
-431
459
-517
277
-306
285
161
191
-454
1143
-738
661
-108
582
553
515
-668
33
-118
342
-918
108
349
1205
324
-167
-511
-437
465
-595
532
-478
754
858
11
-1144
-218
888
106
-961
747
-132
473
993
199
750
-4
-313
-601
-182
38
-568
-164
-67
290
254
-363
48
-428
971
411
124
743
-4
425
292
-391
-219
-349
-49
-391
843
-184
412
-521
-225
-672
100
-554
-217
-288
393
-580
-408
-398
1522
19
-405
-864
-494
-969
-645
421
-35
-529
-165
239
-880
-752
-318
233
-393
-611
208
26
940
491
-429
266
-317
897
-286
815
-567
173
-1252
546
-1056
91
548
438
-587
-1031
471
-861
-133
419
-151
-1337
-362
509
768
-168
472
-669
137
-300
127
-231
245
393
-1129
73
-355
409
-394
135
658
331
-148
926
412
1124
-659
-591
172
701
384
420
325
1028
208
-543
62
255
-574
-66
-456
-964
342
601
509
717
30
342
112
261
-663
700
-273
-159
483
133
193
547
-149
854
-381
-283
275
323
-772
1222
585
88
450
172
54
754
137
-438
-611
-682
-926
256
-413
-198
265
-428
-210
1304
-838
1132
446
-689
199
-458
-930
-3
-237
-295
-661
-1008
143
-992
-289
320
-423
-72
622
-324
595
-34
66
98
-201
218
-29
-236
614
12
746
295
296
629
151
359
-644
370
917
-519
-223
-199
280
-521
87
-574
710
-540
1371
-321
436
424
103
250
499
164
-119
287
-156
134
-162
-402
-237
83
-518
124
438
-782
158
826
740
-162
-999
-25
771
-1071
-371
1410
-173
-383
-1213
679
-81
-465
-174
-1048
408
191
-133
439
104
222
165
1018
937
396
-1103
477
78
7
-616
1136
-55
138
289
105
649
862
-1094
-299
464
-96
612
-20
61
-409
687
-1083
601
508
372
-613
-447
7
13
834
1342
901
-314
-483
-137
328
-420
-699
-190
-226
-4
204
-376
967
146
-743
-312
10
662
-705
367
-208
641
608
-124
243
300
289
1404
791
-1459
176
-738
-456
-49
-158
-722
476
-116
-510
1086
-366
-531
461
-446
579
331
229
635
-170
-1075
-254
-462
613
-532
-406
-183
-74
154
251
-467
-300
-480
-294
-60
397
-327
210
509
523
106
-799
151
738
63
143
-167
-507
584
13
1473
-258
-216
41
221
568
-249
-211
-218
-241
-613
-1110
397
-306
-306
-267
-185
-553
471
189
471
723
-248
-1279
812
261
768
-512
-1009
232
253
844
-354
1218
321
105
76
-208
731
-201
302
-60
-243
262
1312
243
117
415
-812
707
245
-233
145
116
207
-1049
-1038
-442
-1546
-419
469
-724
-142
-141
992
545
964
-448
383
-877
423
808
610
-315
-653
458
-651
208
604
-549
-228
-118
309
-797
-313
213
-55
346
-907
451
-80
221
-297
737
130
-61
309
135
20
-369
621
597
-442
285
513
-398
850
367
204
38
-118
-427
-344
901
-1035
2404
392
-41
-155
551
453
-148
72
493
-735
-60
-874
-547
1097
449
-29
119
305
29
660
-572
211
669
138
321
562
-167
43
507
-495
112
752
-525
-183
501
-114
200
-493
-756
280
629
-119
-102
-62
-786
823
-775
384
-111
227
194
-322
-168
-101
743
-346
571
661
-583
105
162
354
-206
777
121
50
-425
38
483
621
-581
-34
1393
-298
1
-219
-601
1
1189
589
-698
319
851
14
-491
73
284
-448
499
292
149
672
-347
480
974
-475
-51
-1124
38
-3
494
248
-2
-606
443
-237
-315
-374
-1193
-2
1772
385
734
-849
-791
448
-400
285
585
-435
-581
-20
-368
98
595
-784
-254
638
505
-56
605
501
769
-598
301
90
788
-500
373
50
-293
37
1118
243
246
-98
322
-980
-461
771
26
688
350
-728
-277
882
1050
405
234
35
1074
414
-471
-508
-236
168
1138
237
-64
713
1363
530
360
67
-358
-229
-145
-670
-114
464
-542
-327
-475
163
-389
-980
-833
33
-164
-130
-323
262
29
389
341
31
-31
380
-430
-414
689
-248
-900
367
-423
48
270
-289
-216
208
319
-483
-269
574
82
-725
530
210
-155
355
-362
-391
0
614
414
-356
526
81
-1105
207
-860
121
-38
-210
291
-1081
567
25
353
-68
291
-150
1144
-177
-181
357
-258
2
-943
317
-284
-1213
46
-297
-954
190
440
-149
129
115
-104
-319
877
-981
-618
-1371
657
332
-300
303
34
63
371
-714
-226
-505
649
203
142
-93
158
-464
-371
197
-962
450
589
591
-303
-380
189
-876
168
-288
149
-97
-807
-242
222
-132
-467
-679
-190
-614
34
656
-509
-66
244
-24
84
-747
370
-76
-635
182
503
272
-943
-321
-444
1505
-587
19
145
346
478
317
1488
-404
-643
851
-1019
-110
-734
135
-458
-329
-1258
-368
-899
-47
698
-721
819
-104
-328
-35
148
-619
110
758
100
525
545
486
344
443
-1052
-81
-168
310
269
514
-49
-590
-528
-2005
135
12
-722
568
-412
754
-154
182
65
-252
482
-75
367
404
570
596
497
68
109
-1067
74
-848
382
-221
-901
1062
-521
-388
1000
-219
-404
98
234
422
337
119
-127
757
78
-251
76
997
374
182
-180
-292
-716
-12
917
-30
926
23
-1025
205
-258
51
180
-503
-339
-1069
763
-41
270
193
-992
42
-376
407
611
255
-235
276
-487
-375
-73
-793
-129
315
-237
100
1127
-1171
657
-207
222
392
-428
332
-809
805
-673
217
254
281
317
-222
-122
-419
-143
972
427
606
239
-1354
-471
268
1133
-213
733
272
-512
-1149
-860
689
548
-955
186
191
-193
-798
-239
334
763
-182
127
156
-184
-3
78
-207
-384
314
-665
-162
-266
1161
79
-247
-256
312
-271
87
-316
507
-901
-122
106
-29
-1606
426
137
443
-38
141
-151
78
23
125
83
1554
-991
-423
-60
11
252
494
422
32
-471
423
193
130
923
-295
-381
481
642
-565
211
-159
-457
-472
-133
671
831
-467
-187
360
-1130
-76
1187
766
377
-387
-453
-516
-712
-888
575
943
-445
-161
-598
-391
-288
709
481
-551
-407
-350
688
-1101
228
-56
-474
-259
450
904
-619
-804
815
-1300
-524
-682
-47
907
177
-1585
-137
-301
-349
-339
328
-148
917
356
-452
5
639
-513
-99
-8
-379
253
760
-360
-9
-870
167
73
-831
267
-310
914
-1100
411
-330
-1105
27
-236
223
-118
-177
-457
227
-725
578
77
-166
-549
-625
299
39
-198
791
648
-183
-11
-369
-931
900
-53
106
49
-440
140
-1051
-207
208
-112
176
-791
1108
76
-40
-337
-287
-637
-267
589
560
458
-692
1164
330
183
-90
736
101
-358
-126
-515
-942
18
255
-148
640
-339
-1157
-512
-1416
1246
4
709
403
738
-414
390
-384
-964
-176
-552
-270
256
10
439
354
1495
-188
1161
-156
-235
-203
71
-1262
59
300
307
-1
-195
832
-421
-47
-298
-862
3
-521
-40
741
-222
128
-108
70
-39
502
-452
-492
-903
-199
-764
-520
405
206
962
1103
493
-586
653
263
231
536
-141
532
193
68
917
-33
181
345
-1075
793
-548
37
-225
-94
-458
313
1071
-370
-721
-712
-797
-47
-210
606
-247
-743
258
-91
-808
767
822
-160
135
-272
-32
-877
-237
-79
74
583
87
570
-193
-273
8
778
224
1247
267
693
-1
-590
-395
912
-290
-326
-495
815
-634
0
1422
-160
277
479
942
-2127
1520
-171
96
-5
185
-498
-702
-171
89
-617
508
942
-1011
-782
1109
596
962
801
804
548
930
-782
216
487
889
-133
1696
82
-235
1396
1127
779
261
-923
402
702
313
-105
-1268
-621
-793
-587
-851
-330
1237
117
-711
842
-830
488
-274
1070
1805
-1022
436
139
-60
116
1001
237
798
435
-239
-525
801
1907
603
748
-158
639
-149
626
49
18
-34
550
-108
-16
-3
-37
860
771
-165
-479
-525
311
-345
-1317
-40
-226
-85
416
118
-763
-329
-798
598
-719
117
391
-35
499
-512
194
102
537
-10
-467
-604
722
-28
-100
-191
1246
235
-760
233
1099
-594
134
-211
140
527
550
156
439
18
1177
-463
-79
1042
841
-685
-285
855
190
84
643
978
27
347
193
973
320
511
-682
-875
401
75
-153
-649
-252
229
408
-45
363
517
531
-491
696
395
-1386
193
282
-539
-199
127
95
-88
-741
-129
1098
-770
-338
66
223
-393
-92
97
-173
839
-680
209
219
-224
663
-1000
-60
273
-1442
75
-458
158
1057
-277
915
82
-848
222
-637
-580
432
450
850
463
-466
308
1485
559
-119
307
328
1457
253
577
554
35
134
577
721
98
-72
461
658
480
364
235
-222
-66
-446
597
-150
-655
659
729
-791
-29
-607
-580
937
-745
408
612
722
81
243
-452
378
610
-5
76
617
-614
431
-311
23
-233
287
-4
-205
139
298
-518
-133
-250
834
-537
1095
481
856
-599
-458
614
764
-1242
791
-22
-406
-778
-116
884
128
-62
-1220
-1028
264
-130
457
-154
-632
590
-570
-650
-780
912
-4
-297
214
-260
-366
-317
-416
-296
61
-1289
679
453
-686
-1270
-13
366
-459
-273
-299
-234
272
-377
607
260
-113
-715
1162
-826
-190
317
-34
-499
-4
-648
-290
-625
-411
176
-526
-1072
768
182
-680
22
268
980
-324
-325
558
-119
-458
66
-1429
1426
-464
-880
431
578
722
-631
-241
-427
-444
-91
407
-639
746
641
-173
-90
-197
82
-88
-132
199
510
-540
-264
166
750
812
-146
-588
-1024
181
-394
698
832
-425
-288
-764
351
188
67
-431
457
134
-120
-412
-302
91
225
-132
-623
-1245
-83
-135
871
-750
163
168
750
123
-399
-367
676
-1431
390
-219
-285
512
77
-488
-121
-520
-217
336
-325
224
-171
1046
-314
1502
-553
530
-409
-57
-818
139
-314
-72
-262
-669
-41
-839
-52
180
402
-139
300
-605
1550
-210
-300
-403
283
-476
909
23
656
-95
1014
-702
282
-153
-376
841
951
70
605
63
-138
419
-13
218
-64
867
159
-570
-797
1519
115
758
-179
641
-1090
714
118
164
-774
-556
308
303
-900
-107
-552
438
-482
185
502
-429
52
8
-145
-284
-963
681
-196
-494
-183
-1810
194
-457
-602
1079
-17
-809
-346
1515
-391
-487
-1169
49
-665
246
642
434
-54
620
802
-96
433
420
795
480
1349
-300
259
-497
-226
752
315
-125
163
-81
97
654
144
-121
53
131
-279
597
-440
-565
527
212
164
-967
701
703
86
758
-864
-395
-410
771
-1031
318
-173
-603
252
-846
1181
-244
-142
461
833
246
973
-215
-482
364
1638
-275
-680
-1039
-884
-408
-469
290
-1649
190
468
310
819
209
49
392
537
-138
-47
-206
31
85
220
341
-85
-1015
299
221
1627
121
-149
-588
-853
772
81
74
59
352
83
6
-710
1422
100
-740
126
-366
-704
517
482
-2153
-658
182
661
811
376
-674
298
477
-107
207
197
30
110
-487
-599
-826
185
-244
1173
-420
415
818
-602
756
-467
69
-922
830
-1127
340
-595
712
-665
1007
-161
-718
395
249
160
540
-718
545
-203
-224
-301
-24
-639
-947
-1029
-403
-387
-355
-766
432
840
510
21
625
330
-275
-480
-345
514
-586
1175
-13
255
-302
-225
81
-154
-408
-294
760
-777
-721
-221
-635
424
555
904
-888
138
-30
144
399
825
-321
20
1189
279
-66
-545
172
-484
80
-132
50
794
369
317
-120
-37
360
-151
398
460
-472
11
268
683
-837
-216
-6
-346
129
265
-751
492
189
514
-215
293
-229
94
-380
-100
955
72
-355
-1268
-313
-228
-1563
317
933
-681
300
-467
136
-705
354
22
261
-537
-631
30
791
-171
-60
1633
131
-749
-265
-430
-59
-508
39
184
431
-396
261
47
-515
-560
718
511
853
1007
334
-215
-74
-314
574
152
393
-791
-199
-521
-1055
-116
-661
-210
63
167
537
-732
-712
527
810
344
-196
281
-283
-241
-55
69
-1347
952
69
-119
-664
-239
-694
49
-822
234
11
-1162
-426
274
228
-115
167
1372
-564
-1097
-314
399
394
-613
-251
-744
-684
12
-1347
959
-848
271
-1124
-293
164
366
-608
-922
-392
-182
463
-136
1413
390
-452
-156
157
523
-769
-357
-1201
21
-1735
746
527
-260
-682
185
-1182
340
817
1205
96
-492
-277
-699
-514
-271
-444
301
215
479
560
-364
63
-214
919
1524
-495
769
-547
-915
-723
398
1286
-293
-103
693
1344
-140
-480
-696
-314
-387
-319
455
136
-1349
111
727
-72
-440
-579
673
-1259
24
772
-684
483
-1196
265
188
762
106
791
603
170
1288
978
541
403
233
-873
-556
186
-1256
498
49
208
423
131
-515
557
521
-977
205
144
-27
-156
-11
-359
-91
-71
458
323
1034
365
-7
-590
491
880
-380
-302
-65
971
-7
206
55
418
-623
-569
126
631
1436
-978
365
-64
86
242
-311
-415
-22
-133
235
295
-545
670
-237
686
221
-386
140
681
-273
155
-499
-548
-213
816
1124
388
-88
-237
-1157
-34
-652
543
-597
-79
507
1201
466
774
795
-58
-698
-513
314
-1023
166
-347
-400
-697
-839
806
-192
-1123
-485
-342
-465
-667
82
-255
940
-8
320
-1295
-575
-724
53
88
-547
-38
-408
56
-453
889
-307
-1034
-674
313
-775
-1031
-426
28
813
182
-442
866
850
-1251
-97
451
188
686
-619
-325
-172
820
-742
-10
-104
-310
-99
-515
353
-30
-183
208
-664
749
-57
-305
428
-362
252
-1262
-670
-106
-435
-40
-498
55
349
299
670
-215
-796
278
112
-221
40
156
584
94
252
507
799
64
-50
-250
-1021
200
-214
1055
111
-852
-123
1238
31
-759
-262
185
623
68
98
1100
-614
711
301
688
-64
-701
-194
19
-293
693
244
-648
176
771
-78
-758
-477
448
-643
-154
329
547
37
5
-427
135
948
-310
-1372
28
1218
337
0
-93
23
-51
184
-172
-777
98
-804
-874
-548
19
900
374
-191
-618
-177
301
207
-374
169
7
-190
944
186
282
650
236
743
-143
412
169
251
-667
318
1027
514
-485
-457
32
183
-30
680
-262
433
-37
-59
-119
-217
-558
567
95
208
-258
-290
5
655
154
945
331
130
305
753
434
-451
701
-36
586
-818
847
-439
164
1074
758
19
-657
-1033
-121
-65
-66
-4
646
301
-33
-776
-715
1610
-409
347
-1021
-608
577
223
-392
-59
622
269
-159
535
218
-694
-151
-894
-439
-616
664
450
-371
-589
-349
94
118
-594
-568
171
618
-74
913
-288
1153
-262
-365
-916
-242
-424
-770
-53
-222
254
-932
79
323
-221
-190
-821
1442
-1128
-89
238
-905
-357
-280
858
-448
-805
645
-639
-275
-437
726
-1203
75
553
-1048
-639
-954
700
-271
-30
-10
182
-432
664
670
48
-349
-646
-704
-141
766
290
383
53
950
617
576
349
15
-5
-37
-126
863
504
847
-332
212
346
-57
-955
251
172
527
1059
669
-423
-387
376
122
-877
-385
679
986
493
12
569
614
476
-584
212
1092
-332
-535
-122
-595
804
-874
465
-660
-560
-72
-242
-127
-345
-233
-971
-212
-867
312
-418
42
415
56
31
423
953
-1620
-899
921
-55
-772
661
-209
-323
-116
838
95
1550
681
-666
-438
-284
-1009
4
863
-123
63
-105
-551
277
-519
-1169
366
-61
-159
-1447
-140
346
-210
-170
-632
-707
-652
-376
3
-16
-537
264
328
612
451
-778
343
742
-534
858
-999
901
-494
112
815
5
-572
-128
-46
-785
344
628
-132
1184
-408
-29
187
-93
82
94
-357
163
179
-37
-108
474
784
1
-357
-609
-721
158
-151
-386
910
-745
-20
-445
863
-844
609
225
311
-576
122
1202
-417
-160
-307
110
32
-488
556
204
67
-278
290
-776
-224
-341
789
352
-287
474
618
732
-1212
-679
-186
-1368
-43
-21
637
329
-744
1184
607
1701
-1126
1050
782
1209
-109
-1062
420
582
347
-293
522
-1290
412
-80
418
1310
-404
-199
-339
-313
603
-497
-260
-1416
-717
-49
271
-76
-59
242
231
-303
-596
-926
-398
572
-365
122
-1177
455
-455
-203
-389
-308
555
324
341
-683
-259
-506
-540
616
1359
-50
276
-454
82
923
212
-94
-1531
3
-137
-44
407
-863
-606
191
879
747
423
-1966
-234
-687
286
-326
-264
-264
656
263
-334
1097
522
-141
379
680
-15
-204
589
-53
-70
556
-574
440
-270
-964
113
-352
351
-167
197
830
-1009
-266
234
595
-212
-307
474
-271
-323
45
-1290
-169
1619
173
460
114
549
-49
103
-30
512
-450
1273
277
434
-389
248
600
71
-16
88
667
202
-60
1572
-191
256
224
352
612
-74
80
81
-56
-369
522
-843
1191
-218
-342
-844
693
253
145
1221
-67
-440
654
-721
449
776
859
-714
448
-152
1840
437
222
-509
500
-80
-5
-579
-630
388
584
38
-65
176
357
257
-578
-388
-483
-295
585
-585
104
541
244
-616
146
192
515
785
-493
-90
478
348
-296
364
747
686
306
453
1085
419
875
573
865
703
32
-197
-1050
963
-866
166
-124
-74
-202
988
561
331
-22
46
155
505
-660
-357
425
124
-548
-109
-253
-233
216
772
852
-2
-380
474
651
-384
-336
214
-523
59
93
948
-131
-259
-664
543
543
-373
483
-650
-144
-181
-407
-115
534
-852
702
192
513
354
1271
-288
177
361
-313
-642
-1083
-145
1000
764
317
-1118
430
-4
-567
-341
248
-496
59
442
-209
163
-799
-201
99
81
-205
986
26
-391
254
-387
554
-137
-832
28
668
234
244
195
457
143
745
-325
-133
305
-163
-1200
-1123
634
-1039
-868
414
-371
235
-240
1347
-665
-420
-182
19
-549
31
899
571
-821
203
807
956
438
-697
1255
22
367
393
-465
-373
-312
-308
-616
-533
-124
1300
169
-636
-134
-107
-420
-114
-544
72
16
750
-620
106
-73
60
-341
4
1061
-541
-731
1881
-811
-479
1168
-231
623
-97
387
259
-274
-104
-1045
-205
-19
284
-831
543
-196
549
115
425
-490
640
149
-154
-527
681
428
352
-759
1048
139
-1360
-187
-664
-586
447
784
-358
-70
-85
718
231
1196
-685
158
-220
457
-302
378
750
646
-520
35
-10
382
506
-543
-581
377
775
-418
173
-1113
-184
-242
335
-253
-447
-220
203
-707
-323
541
-70
283
-370
37
236
48
-29
-871
287
-181
-508
-423
565
-456
-440
497
772
-216
-812
688
-503
-82
-167
720
210
750
614
242
157
-202
-351
18
-169
90
445
-385
-410
-561
530
609
177
397
-174
289
-647
390
-421
-347
128
-584
52
564
-89
865
-604
67
453
-266
-249
177
502
-306
-394
8
-456
-400
108
457
-847
-734
552
1325
582
-335
-220
-308
26
327
53
1019
510
-401
-352
334
601
177
-111
680
931
-125
368
285
-200
-909
-239
-617
1306
840
758
1344
-942
-275
-898
-111
1050
677
87
43
-292
838
-26
-146
944
-813
134
417
660
-202
-77
51
-193
803
-431
797
473
313
643
-853
-1181
-251
-702
-282
-342
145
-353
-221
-4
616
-331
-549
-208
-242
-286
-12
235
390
-60
-36
228
-22
-125
594
373
760
-5
526
-293
607
-53
-411
-333
672
-410
-491
-827
-369
-541
1092
470
-103
-157
-970
10
124
-95
509
1016
38
-675
-961
-501
303
529
857
-1403
222
165
-1624
-135
689
657
-653
-1667
-82
43
225
221
-582
-666
645
-148
-251
106
642
532
-381
-195
-97
65
278
332
-689
-200
-215
-66
-958
-665
879
230
-732
588
-944
132
404
380
911
-69
-390
723
343
-283
29
-14
-407
505
749
-267
-551
272
143
-231
-322
491
1106
232
563
-133
309
27
802
-273
-1245
-211
-681
73
-239
-15
268
1152
-751
-760
-170
-232
534
-1290
172
-804
45
-446
1
-1272
667
-168
82
-55
321
488
49
992
-831
-371
858
-1182
192
488
99
-65
946
775
315
-522
-449
-430
-42
361
100
645
-551
-118
-334
389
135
-83
-702
-27
138
308
376
1303
-671
115
-97
122
610
79
-410
-542
245
-699
-733
-290
467
-282
293
-436
205
-155
404
-435
-458
616
-883
72
-633
-342
239
490
-567
-246
-327
-6
99
-1252
264
373
256
-1322
264
-39
-101
-1073
178
-34
-603
-416
241
251
351
794
-616
0
-1785
-182
-499
677
-1193
383
292
111
-435
-57
399
-112
18
73
-329
-594
-831
1466
-1152
101
-131
-991
83
10
-38
-686
-166
108
36
623
-19
741
-517
-186
364
1232
47
-890
-770
-1280
-201
544
395
100
-678
1178
897
-1094
230
-925
289
258
183
441
204
329
40
1320
-500
-556
-29
-285
78
-401
539
-615
-1
609
1308
-152
-532
-348
-1011
-939
542
891
-298
187
82
-180
-382
-50
-92
338
572
300
1142
-467
653
608
-161
917
372
476
-303
624
1044
-186
845
-152
8
-43
74
640
984
1249
247
201
-748
-534
-548
639
1070
-414
83
-308
-51
-351
533
764
1200
683
-836
428
678
798
58
268
-413
234
31
373
-626
1468
-370
944
422
938
268
1
-101
372
-1098
-602
66
-7
2143
281
54
-426
690
649
-920
383
-394
-214
233
1027
-981
-505
39
-620
317
85
434
338
-426
812
25
97
332
270
-275
485
-530
532
308
179
686
1035
-464
-176
458
-71
109
-537
-572
592
-1063
-378
1052
105
-1532
540
725
-1217
703
-341
-1480
-189
-244
-754
288
-95
957
382
-460
1330
127
-534
772
-653
-180
-829
125
850
-51
15
-569
-538
-632
363
-177
6
-327
-767
287
-277
-692
1026
257
872
-776
726
331
357
-226
558
614
-522
199
-1728
287
-613
-638
-1010
-89
-58
-376
-463
94
-709
-319
-941
-624
-597
-9
-382
-448
-156
-160
-582
392
-174
881
-306
365
-761
284
-659
-501
-344
160
589
414
-435
36
45
647
-54
-254
329
893
-74
-338
128
482
-197
-650
456
-62
-1315
142
-85
-1165
85
-577
949
50
456
-109
68
-308
274
-402
604
214
-453
-769
-195
115
1800
-1974
-710
52
373
-717
-18
727
1145
945
-493
-534
-826
304
-988
-471
113
339
666
-148
-311
-255
156
-524
583
174
-115
-409
864
832
615
-455
696
-45
-515
997
-559
1380
278
225
-40
-452
-769
-185
262
-134
-508
437
-146
1044
425
-852
-113
-516
-387
76
-214
151
575
-466
30
1444
-484
-214
985
446
-851
133
-432
47
-14
66
245
-246
798
204
-371
-1399
-115
110
-761
-100
-943
-1523
-124
130
271
-28
-819
-122
126
791
-419
185
-197
-3
435
-625
4
446
776
386
88
-17
-407
491
325
986
-4
-559
-103
-37
580
-573
633
92
-281
-209
1476
572
-1042
-369
-58
819
362
-207
-744
101
-889
801
898
-818
-187
110
-31
-97
63
375
215
681
643
486
-431
-467
-21
396
176
27
-939
178
-592
-120
760
744
343
607
154
167
-940
-578
-937
-309
-448
-149
369
-1494
403
-131
-614
551
-130
-1053
853
-785
107
-678
-521
-433
-626
607
-3
864
-56
-697
-279
-895
-287
-403
771
129
-278
59
-296
-547
-242
334
-948
616
-10
-237
-971
-637
-154
-523
729
-348
-100
-3
-11
692
-244
8
790
-277
-810
352
-619
660
842
-761
-1468
-40
-816
-486
703
869
-397
695
544
65
527
973
-606
187
1307
74
99
-478
342
583
-313
-997
447
271
487
817
1
-374
207
-285
269
607
481
16
-1175
-1174
-966
362
-701
152
-295
53
29
164
339
901
-563
-229
537
-16
-748
-464
-862
239
-286
311
295
-670
-847
-414
142
-358
-1402
-125
-185
-860
872
1331
82
-214
187
-331
1144
-224
209
-198
-68
270
-603
122
255
276
-428
138
-428
-454
262
191
-372
960
-304
14
108
-113
-375
-1393
-302
-30
689
31
-228
564
-417
438
-357
186
975
926
1282
-333
-684
970
364
280
-279
209
660
-363
269
275
-606
-45
535
-297
-67
-938
816
-402
795
277
247
-1565
-423
903
-107
243
161
-567
742
-112
160
-140
-670
1230
-373
1012
-437
951
37
608
527
333
-584
366
400
-484
394
-177
-62
154
221
480
-189
-392
-757
-633
1071
-371
-776
87
534
-541
153
617
70
-319
618
625
-233
-382
-22
710
-110
-219
-358
506
-387
710
47
867
547
291
-611
-381
-192
171
-78
396
-471
71
-316
761
-566
134
372
49
664
-371
23
398
132
-523
275
-927
711
646
-282
498
-915
-34
557
-505
-18
-410
214
43
377
-9
474
513
260
714
62
-1191
1129
346
-145
-2
-232
164
598
715
742
-317
-591
-478
-981
-225
359
-741
809
-23
-423
976
1063
-536
-597
355
602
23
760
115
-173
-476
-172
-279
470
-241
575
-230
-619
309
-395
-298
-1049
115
118
384
-531
522
534
1291
75
-83
-45
-445
-297
786
-263
0
358
712
657
511
-178
-1037
308
-192
-93
255
76
-202
858
397
-14
-155
1613
214
-3
-171
565
977
353
-739
541
219
1010
-92
792
-358
516
1690
-798
641
1782
-618
48
-136
435
-220
-68
835
647
-457
66
316
812
344
798
156
935
-383
426
518
-403
1142
36
-334
-778
216
1339
-316
-311
-150
-877
119
321
265
-187
285
617
651
871
195
226
28
140
454
423
729
-388
185
-281
-1358
-296
-175
276
-28
-43
177
-1128
-758
796
-814
435
-937
-314
-1137
824
413
-232
-459
-178
-1424
346
109
417
270
281
-390
425
-200
34
425
353
351
-349
293
-17
-443
1000
41
-199
-230
16
-432
910
1204
-589
558
-282
-316
-710
-78
255
-625
-616
-58
663
737
499
-784
335
-630
-668
-726
-423
245
-435
-384
416
426
-75
605
33
-331
-612
907
69
-183
275
-873
692
802
-421
393
-842
476
586
-361
-852
-639
-341
263
-373
-573
168
112
301
667
1199
-14
369
-12
-361
-4
168
818
405
108
82
-852
-641
-720
567
-112
-109
411
191
477
278
694
354
-765
-798
589
-820
459
164
439
-455
-530
-281
-35
374
-208
26
-157
-424
-732
-520
886
459
195
293
424
-1034
189
246
-528
-297
-495
553
-885
-600
-706
37
-143
134
900
740
83
-550
1355
34
344
-640
846
-120
-179
-133
-278
-1022
-455
409
346
184
614
-1123
-502
75
554
-733
378
-463
1666
142
-831
-224
-174
-642
-228
-40
37
-302
-122
-477
-38
424
1218
534
150
184
-263
576
-916
862
-7
543
745
-140
-600
364
-893
345
-448
-206
-65
83
-329
-419
709
288
361
-299
26
-880
537
150
-594
540
-109
995
256
-62
1274
536
233
291
-221
-767
-638
-61
677
-371
795
-437
800
470
-612
334
643
-236
894
-1459
194
124
-80
-856
-355
159
-1077
-565
459
730
285
105
377
-243
459
473
-1319
-201
203
-757
-1587
-757
-1
-215
-185
18
-59
-286
380
-85
-357
-21
959
474
-549
174
928
-135
-32
119
265
-283
470
-150
1297
929
-1359
-522
264
-584
44
366
136
407
503
-601
-565
-202
27
-451
-327
524
136
-626
-256
-257
-738
-407
-223
1033
329
447
404
802
-120
-385
-1211
-667
-640
163
1451
416
-346
-92
269
204
0
-436
-31
283
-252
-155
-119
408
-234
297
1322
338
-381
121
470
-1016
427
168
-560
-79
197
829
913
62
61
217
-150
228
-1322
1727
248
-503
350
130
-326
583
717
-520
185
-393
-277
912
1468
-427
488
-474
-230
-415
-14
-130
-1100
-467
-748
2
-753
-861
-110
462
62
-623
-797
342
791
-53
340
139
-110
122
-320
27
-161
-427
-1236
399
-1331
639
-591
-333
55
554
-329
922
279
-208
-302
1196
-18
-173
-884
-115
-143
-1470
-239
-83
-1447
-193
-187
-1211
-676
40
-712
308
883
-64
-72
-220
29
598
615
-306
1810
46
559
358
588
-281
-415
503
-646
437
25
394
150
-474
464
-86
-194
614
-246
-518
-805
789
803
182
-398
34
763
-280
-608
1195
-294
272
760
-360
21
-433
-369
271
131
-60
-69
463
-1064
-840
661
-229
298
445
712
-38
370
165
654
-11
-700
-1047
-427
-276
-693
514
24
891
92
120
-1409
-453
-135
375
-199
-379
786
23
311
-2052
-568
236
51
-702
-367
-143
-233
692
-222
422
-487
-1295
-238
1151
116
-614
-638
136
-384
68
353
-577
227
-1152
356
23
-1037
-871
-271
-980
169
-640
441
-507
-4
-367
695
-32
-700
200
-248
-295
569
620
-434
-400
-14
1039
-157
208
-431
-611
-169
-584
10
34
-483
-209
-130
300
-797
370
305
990
492
332
-317
392
-792
-181
-321
-752
895
1015
-277
505
334
-157
385
-25
1494
-54
370
-904
-209
159
-157
-509
65
-32
-139
7
311
908
190
411
204
57
372
564
-424
-131
-567
-197
-126
1036
670
351
-487
147
805
552
-1224
274
-309
-925
433
432
429
72
551
883
-471
-524
235
-708
-309
255
-890
-545
890
147
-1013
421
-471
22
-24
655
791
-970
-729
149
-488
429
-106
-535
392
-89
-816
118
91
-675
303
-322
-66
-131
-558
1216
-131
-825
611
-379
-413
300
1011
98
686
365
-111
-927
505
-220
-109
-478
-240
-350
575
251
564
215
-718
-463
736
215
335
-38
271
-474
-863
841
-1279
492
710
-68
-1632
701
-83
596
596
-364
976
-354
904
-242
948
-344
-287
451
-724
-418
-914
-220
-751
1628
-238
-1132
49
626
854
-138
-102
-172
-609
-390
331
-394
652
201
51
-932
-285
-249
168
-689
213
531
599
-387
-375
632
115
1105
651
166
-610
-861
238
194
837
-460
97
-803
-204
-687
1042
-128
1070
425
-165
193
-38
-167
-223
-154
-845
379
23
-183
193
491
662
-106
22
293
319
-635
-173
443
-81
894
-201
-556
346
-330
-221
665
170
-243
160
-486
-367
-1291
276
-893
-251
492
-222
-804
-758
-68
568
980
-1331
-242
-48
213
563
-38
253
-441
-519
-773
313
194
-618
-115
-207
-1300
-3
-1501
171
424
-202
-200
228
-873
570
-118
40
521
-365
767
255
-8
72
-307
766
423
75
-420
-400
-814
644
365
-108
855
-1803
-824
-308
127
-294
-1375
3
564
646
-890
-572
-539
573
229
-221
-275
-339
-385
-1269
-1452
326
-544
246
1180
-69
513
146
885
-277
-662
-177
1178
-331
-386
-571
54
417
371
-85
-222
18
-36
-526
474
-100
-604
534
-700
-706
429
-1317
-1408
409
-187
-143
550
-1225
872
312
1326
-209
45
150
-712
-918
-1255
-765
-189
879
592
281
434
-1608
-13
-834
55
1840
-469
524
5
268
9
278
861
709
211
1206
-273
245
-302
254
362
-275
-900
-175
173
626
848
-170
-163
-546
379
387
-574
760
637
225
-37
-668
492
142
572
350
547
-573
-1170
-1224
-508
-411
-790
1507
129
723
442
-163
-106
-101
352
-303
-926
-914
711
817
-365
-789
-770
-638
1199
1053
944
-6
-9
667
-144
107
-310
-254
54
806
-190
-322
2
735
-428
-645
-298
222
445
-108
185
-431
85
355
-302
-825
-704
-8
-8
-490
437
40
-875
148
257
-88
-752
234
139
-405
-949
66
1005
716
-590
360
210
228
83
-336
625
-97
-212
64
40
552
81
1523
-691
466
-138
25
-649
-268
-193
-624
-534
-359
326
935
539
-269
-1042
390
-797
179
916
593
342
-243
-1085
441
17
-685
-353
-124
356
660
111
-900
115
-787
195
-6
-280
-321
-102
659
197
1537
318
297
661
-23
239
336
52
100
-644
503
26
-536
-347
-74
373
-181
1034
57
-564
-98
57
-101
1017
-167
-265
-387
86
-424
-1169
-1155
98
-81
-373
-286
-274
-608
253
12
6
907
-210
-770
37
-529
-214
618
-140
639
530
-1162
1314
437
741
1597
367
448
335
970
-274
132
372
-217
228
-648
-299
-1010
-442
-509
103
323
1513
28
715
510
-150
-34
-51
-1078
265
-667
158
-322
452
74
-285
-307
-145
-626
1260
-1269
1378
-533
42
83
234
662
-865
69
77
464
-6
-557
-1130
41
-460
-380
16
-124
-257
244
352
832
853
-170
292
-118
567
522
-1050
-507
91
-21
389
-53
368
88
843
-214
-556
-1255
-1543
746
-578
-272
-255
-277
1105
110
-1094
1786
793
165
516
802
-139
-156
-294
1276
281
1287
-609
-790
-629
-41
-249
-516
142
-628
303
-172
-382
-499
-230
-589
-499
275
-50
13
568
249
202
164
764
-340
-446
220
862
1061
-468
-667
813
482
496
-236
-410
-774
252
97
524
-758
-288
-582
-240
465
-890
350
-556
302
305
961
-474
-374
-625
-111
689
-820
-308
-69
63
-527
68
1429
125
258
29
662
-7
-706
-210
-847
197
119
-159
-383
565
418
399
-293
-419
230
-641
-654
-416
-412
257
788
-162
-625
-193
-237
697
145
-164
15
-884
511
-329
143
712
81
183
-340
160
394
1185
-178
-708
547
639
1418
247
360
-1223
-782
-832
313
1242
420
-107
-373
288
-733
-714
-382
-686
-633
438
144
-1524
1399
-1139
-99
1485
-825
-223
25
280
-480
-618
260
654
-98
-111
-69
-398
310
156
239
-218
537
-1120
588
-69
909
-812
-19
29
-101
-533
-1063
-82
-53
-272
901
176
-292
108
324
540
143
583
-230
705
-570
484
-145
331
-477
1107
482
331
27
-1047
441
34
-469
1121
-23
-421
-565
-285
248
39
37
53
462
180
1018
-201
-776
-280
-183
-212
-142
574
824
-171
-692
-556
-794
-142
316
186
49
609
806
-323
-414
295
521
362
1234
427
-634
-482
-1013
263
157
507
-1295
645
424
524
601
680
-90
-320
479
-237
60
-759
249
-296
145
-166
-1176
-333
751
260
-524
-671
81
87
654
881
-381
222
149
53
290
-586
37
-134
405
148
-528
-47
-726
-1194
480
781
431
415
-103
-450
2044
-373
799
-124
-659
-399
-221
-1270
238
445
-66
-317
22
689
268
-528
-35
244
344
-197
-611
22
-285
423
-302
160
-447
-131
30
127
-955
-259
770
477
-492
-1230
156
-577
391
949
-552
227
444
403
972
1030
-620
447
68
776
412
-499
703
433
-5
-717
-157
-914
175
937
-144
494
204
-258
986
535
570
-443
287
132
523
-82
-387
-416
-239
753
933
-763
-648
-67
439
-685
-1756
-115
-394
976
768
-733
896
-922
502
-646
882
257
-17
1378
955
-105
439
634
290
-851
227
-1021
-478
-983
622
-159
-534
-140
766
-285
-454
549
-265
-236
566
-267
82
891
143
147
-867
-212
296
-465
571
604
337
786
-809
331
294
-283
10
-300
-850
285
-530
-599
440
816
335
239
-386
298
1216
1380
225
257
117
-64
881
-1027
76
249
583
-149
227
26
-587
26
-862
1267
533
-1374
-641
52
-172
-27
470
638
593
-212
-1745
-462
-1144
-460
-73
338
-725
-458
-725
-3
-185
786
-420
-1120
-1157
-569
727
-268
1006
-192
-135
-344
-739
893
172
315
464
178
-216
-380
24
-584
1328
-732
-43
285
-176
-336
-421
883
513
-668
170
-132
1151
-704
495
-1078
-466
-9
-459
95
102
520
-721
463
-204
862
255
556
-4
-59
-959
34
907
-729
103
32
-609
-199
0
-513
152
-1516
-997
-34
-560
927
-300
1399
-22
-184
-1091
698
-365
827
504
-775
-37
4
-383
357
192
-54
-120
36
-250
-902
386
-1027
247
-51
259
354
157
-367
239
-57
334
-188
471
1135
-803
-504
433
-888
913
968
-316
-227
-122
120
644
-13
-476
-284
-1198
927
-361
529
124
-520
-510
942
-1143
1002
-136
327
-1189
167
236
774
1285
208
-609
-177
541
615
377
506
-481
-1111
-724
-199
281
-1084
114
144
-182
-513
-41
423
755
100
233
-302
415
-568
654
-9
247
-382
39
726
462
175
277
-79
-102
1111
-591
913
-504
785
-444
-650
-309
-1061
-288
-720
504
117
1048
671
860
-66
534
-377
444
687
305
-63
-281
211
-136
102
86
-1443
-145
-228
-258
-483
530
444
-353
-826
138
-182
153
-379
-440
-397
-370
-381
682
575
-22
-621
221
-187
559
-385
-141
1055
55
808
-752
-221
595
728
40
-341
-949
-431
1363
949
381
-643
-1304
535
-245
68
292
-218
-195
104
480
-462
121
-443
978
-404
390
758
539
-1180
-100
563
-34
152
533
238
-284
82
187
204
-955
453
-270
-301
-868
-893
746
-666
-65
-1083
822
316
-690
-1382
488
1228
-1176
86
321
615
233
-402
666
597
339
-1073
-61
-298
127
660
-563
497
473
577
-1273
-291
93
-604
-323
-138
451
1274
-216
-216
27
136
-403
91
454
-483
-715
-927
18
196
657
156
566
763
101
-317
-19
652
-580
-1893
-209
982
-524
181
1137
96
290
172
-919
-79
-1049
-136
1169
-515
-496
-1007
98
-541
-815
1271
-389
545
36
-525
447
168
131
-318
369
449
-404
603
-131
277
736
26
513
-285
630
-290
-1607
-584
-1023
-574
738
-463
590
-504
-565
166
-206
85
888
-284
720
-202
259
-438
1019
421
-68
930
225
-1202
677
-615
782
333
376
159
-209
292
29
423
-958
60
-402
-15
-574
-1256
-548
-1348
-664
-994
191
-400
104
388
360
-117
967
465
-665
-297
641
-50
760
247
-479
-195
-268
801
-629
623
344
378
767
-494
-439
-209
-56
30
436
-112
-813
-464
-1124
146
496
-386
567
-461
319
-382
456
635
741
-535
-507
-193
-593
402
-881
-311
488
260
416
312
-92
385
-259
-714
372
-451
347
401
635
438
-294
-456
747
306
-386
363
-173
-576
457
-629
-225
-550
207
132
-330
-242
-317
655
-472
75
-277
-370
521
-738
143
-681
780
696
62
-299
860
-355
-706
1021
394
308
-866
574
71
-810
558
1084
220
255
209
-770
72
1104
959
-605
-699
288
1176
571
1312
157
850
-188
325
-535
-641
483
-33
563
129
192
678
66
654
86
283
-844
103
-466
873
65
-751
-133
-1017
-1492
-862
-336
-481
-76
484
-360
-382
-405
135
916
-317
929
-777
252
-498
10
518
314
-524
423
109
-801
-221
-347
-295
74
689
282
-98
-161
814
683
134
-140
451
-222
636
-948
-799
539
-188
389
-174
455
-429
359
203
170
-239
475
226
1007
706
201
-88
-884
242
-13
-138
-1007
485
1029
626
-660
395
-77
403
501
-43
2
429
-672
391
794
-574
-1105
-159
673
-584
56
-743
74
207
996
-274
-1083
-919
-300
-339
-165
118
-811
1887
-356
-76
-101
-1195
-66
-655
-875
-61
283
97
-716
-243
307
-682
-22
-633
-37
491
659
358
539
626
415
211
24
505
-199
-772
643
-183
-296
548
33
-339
-432
-367
630
-644
-440
-408
288
-447
745
-1004
-378
675
307
384
-863
-847
-245
-88
-741
279
-365
385
587
-110
450
-1037
854
220
-252
-43
-141
192
-878
108
-114
-545
-199
596
-115
283
-334
159
-22
54
-54
10
289
-220
-301
-121
141
-373
-357
471
88
632
179
-708
479
422
-164
381
-314
-200
65
99
-198
-402
270
59
-57
-868
-666
-755
-166
-241
-319
-912
-732
-139
382
-804
-11
-142
-139
281
94
-1072
-121
-1113
-153
283
-1068
-691
887
-536
-393
-185
-291
-324
-58
194
-51
-490
-1005
-750
237
267
269
263
756
-1030
147
-219
18
-288
-62
-596
-299
-240
298
676
284
938
495
45
-333
-631
-302
-193
-319
335
-820
35
854
-497
648
1462
761
-177
697
205
819
189
-689
-491
192
-391
-52
-516
750
820
833
-486
522
562
533
-205
-214
61
188
-412
713
-654
868
-753
-848
722
580
201
799
-518
854
340
-613
207
-38
-1103
497
-403
110
857
1592
180
-91
-834
-693
620
-311
-690
-234
-258
-771
-384
1058
33
-170
1186
803
-270
-940
-142
131
-396
389
-163
580
139
110
-208
122
-322
45
-568
-1015
-447
33
675
293
-482
-135
532
328
-974
187
298
163
-519
1040
354
442
-1297
-793
-788
397
135
844
-151
-315
-485
361
-577
432
-637
866
-692
-128
-452
593
147
-13
-638
-3
202
205
-159
763
-85
322
685
-385
-472
-125
69
99
-84
-60
-208
-257
265
-794
-640
-568
-782
388
-607
-453
-1394
756
-419
-842
60
619
-1234
302
-180
466
569
-1385
1353
289
113
891
1009
1282
559
28
651
249
-286
-640
81
136
417
-381
374
21
379
-543
-327
601
629
299
292
76
23
778
-434
-690
-456
394
-867
-898
-988
480
242
-674
238
-262
-629
-595
-561
807
149
39
-495
-652
-445
-819
454
191
-62
191
701
-238
116
-831
-261
-86
-535
-160
-451
-279
-461
698
-879
118
594
86
-542
60
-1075
440
83
-961
-207
477
322
154
815
516
734
1010
446
-472
24
-739
-20
211
1306
-607
159
152
-128
596
-476
-180
457
668
-336
-849
-660
109
-675
-284
259
361
-370
48
-958
-224
-271
703
-251
607
575
-114
-962
-1333
1443
543
-1186
291
-87
-1017
361
-354
372
283
-57
408
-100
299
-923
-256
63
1252
-606
256
623
-478
290
-942
76
-427
-298
223
-302
-579
341
-582
463
798
727
-154
260
-203
-381
491
-306
-870
-1191
-125
-89
-319
430
353
125
299
-492
433
668
-555
47
220
-575
455
206
107
-262
561
622
-364
-268
467
411
-114
97
-154
-486
149
550
-9
120
-261
-263
511
425
-557
1183
-610
-507
24
-677
-132
-802
652
-478
-338
-120
454
769
-335
254
24
170
828
-91
-825
-168
503
-112
372
-153
614
-96
418
670
691
586
706
707
483
-635
-183
-643
-74
-647
418
-180
-537
-510
2
-611
221
-65
87
-546
455
-527
-147
-343
-11
561
-1348
-758
754
241
937
-944
-47
-547
-142
319
144
377
-633
-1455
89
-258
-852
-70
-1080
244
-600
130
112
-347
-878
-1326
669
-585
369
-356
175
-288
579
-819
1253
-179
435
-492
388
-471
-644
-216
299
663
-768
683
-774
-11
-745
-462
332
-483
219
1351
-347
125
-921
243
-258
-277
82
64
571
750
-106
-768
-354
-1084
-59
1007
707
-78
-662
494
978
508
712
234
-136
30
-303
77
-303
-906
665
204
-360
-266
162
-471
-251
-324
755
-942
-652
319
810
-32
704
70
-53
-301
-1021
-626
-394
25
550
589
453
-1419
161
-869
-171
447
-787
-291
1012
-179
-25
-632
-210
-130
167
359
-1138
953
-97
353
-491
-951
-492
207
779
684
-282
20
243
929
97
351
-1042
-614
1269
-570
-900
36
620
273
-395
637
-495
-720
303
-355
86
657
-157
-53
620
40
197
633
83
-262
376
49
126
210
-170
-480
76
43
1105
409
-566
-65
48
-93
209
-716
344
23
-12
-484
-346
136
-27
-499
-273
376
-100
203
30
-638
1051
-131
98
1113
1372
-203
703
98
469
40
-529
-221
-108
-907
-511
-645
695
-163
-526
-417
235
417
-722
-644
-434
-250
-664
117
-195
-464
-373
1317
608
-55
-390
-1178
672
125
-873
488
-921
-319
-68
171
508
600
194
-718
-198
-253
162
926
291
697
1160
1622
3
317
-11
-953
-469
373
-127
409
799
755
447
-148
197
-785
388
477
277
18
846
-449
1191
744
-186
-55
610
-460
535
114
-421
-811
-353
-475
468
-135
-166
996
-234
528
-62
-1197
393
-75
-151
-199
-573
554
509
-347
-734
-618
222
-293
-240
586
-72
-146
732
178
464
-710
-598
-885
-742
207
140
-480
-230
842
-1031
533
-734
210
-145
469
496
706
-207
479
499
-473
-324
44
-651
415
751
-861
-311
-298
105
925
252
-1210
-23
-254
1019
188
-1268
954
-944
366
462
1159
-88
-892
879
9
-348
724
-319
-216
332
790
719
271
-718
-672
-1270
-555
-180
498
-624
745
939
-32
211
-827
-379
450
-122
91
1372
-199
-118
-674
227
247
-391
-354
-444
-132
-330
-499
-616
-307
176
-1391
-313
-295
-512
915
353
410
128
-354
-988
-859
-295
-129
