50 100 625
0 0
0 7
0 19
0 45
1 30
1 39
2 9
2 15
2 30
3 0
5 14
5 17
6 15
7 3
7 21
7 25
8 9
8 10
8 17
9 0
10 49
11 35
11 37
12 8
12 27
12 43
13 28
13 48
15 1
15 15
15 22
15 31
15 34
16 7
16 18
16 29
16 42
17 1
17 43
18 11
19 12
19 46
20 25
21 7
22 1
22 12
22 23
22 43
22 48
24 1
25 34
25 44
26 7
26 29
27 28
27 36
28 20
28 49
29 25
29 27
29 44
30 35
31 15
31 27
31 35
32 29
33 1
33 9
33 16
33 39
34 3
34 21
35 24
35 42
36 13
36 46
37 3
37 8
37 40
38 5
38 33
39 17
39 35
40 20
40 29
41 20
41 36
42 15
42 16
42 20
42 34
43 19
44 13
45 22
45 29
45 36
46 21
48 35
49 1
49 29
43
0
37
51
96
86
6
67
88
9
97
2
20
16
19
50
14
74
84
38
46
61
30
87
42
78
23
45
68
29
5
92
62
89
48
44
47
1
13
82
21
76
40
79
26
85
18
31
56
94
98
70
77
39
36
41
64
71
7
28
58
3
57
22
52
55
32
10
4
27
49
66
8
90
93
81
69
80
34
25
83
35
59
72
33
65
15
91
95
54
73
11
12
75
24
53
60
17
99
63
424
-83
-1753
-369
-525
298
707
-649
440
821
-125
-590
-84
624
-1145
592
34
-757
25
960
-357
91
-543
-782
418
596
-925
-299
403
-633
1331
104
45
319
-377
717
131
622
570
461
825
-724
-333
720
185
373
119
-365
-862
-1053
967
499
893
-334
-202
396
-416
-702
-519
-89
667
-883
-149
811
219
-104
371
362
-94
342
168
981
223
19
-46
473
-443
294
247
106
1036
1206
917
309
607
128
-607
800
508
379
-833
592
-305
-469
105
-246
-889
934
95
-351
-753
-725
27
516
184
-132
851
-180
-665
-44
-492
-473
458
-146
1238
-483
-1163
88
-459
-1
335
-528
-344
352
1211
94
611
976
657
38
-318
734
348
-864
540
-587
441
-224
-846
-570
396
-314
819
-156
365
201
-164
601
-195
603
-16
748
-46
317
380
261
827
-671
-540
632
274
-33
1661
286
640
-145
-302
617
-440
-1227
447
387
88
-177
666
-486
1167
-68
515
164
62
846
-521
151
-59
36
-698
243
786
-384
134
337
-155
-752
-149
638
410
496
-291
126
301
657
449
-174
166
-551
-503
172
-512
308
53
-67
-547
-437
-924
-197
-426
-26
64
-625
405
383
-1033
143
66
-18
201
12
-1471
-322
-676
790
1526
-270
-900
-595
-1409
-144
-6
-314
-1479
-241
-1439
-821
-321
-310
119
276
-670
-872
441
821
908
-199
964
-817
363
-179
-801
-267
-436
-1038
-76
-425
-652
159
-156
385
-610
-260
-21
-249
-592
-676
106
-153
312
349
-167
-659
35
1047
352
-41
-258
567
922
230
684
-191
826
-802
-289
-339
143
-584
-236
-691
-825
-925
-360
868
-703
-753
794
688
-24
639
1102
-178
-1180
-250
-844
-169
-82
123
1424
464
-165
-144
125
1435
1266
668
-128
-514
-432
508
-81
756
-371
-1159
-511
151
1039
-27
-285
1
-338
-1077
426
47
1314
232
-277
-353
725
-668
72
-517
489
447
183
-719
909
-149
537
270
-620
-412
567
-127
257
729
280
-537
262
-258
-600
-168
-987
310
15
739
-1179
265
313
223
7
2
461
-534
-59
-466
685
-462
1005
457
-697
73
114
-456
1012
-429
712
1569
367
-10
741
233
419
-414
372
-756
110
-174
-861
-1041
64
-585
67
14
-229
847
84
-185
-966
-263
-354
-480
55
87
78
-463
-688
441
-20
-862
-1004
-492
-729
-745
313
-175
-702
-185
25
308
824
1027
-916
739
443
-666
-4
250
884
-477
12
-184
-335
-66
408
-197
-1067
-3
-326
-239
1124
-1111
-1043
204
531
67
208
-919
-793
22
654
-1106
340
435
547
-371
96
-297
-231
-99
-11
295
632
251
-417
-137
131
81
-1025
-225
-116
758
-532
160
225
203
87
483
-356
-212
51
543
-42
-412
582
-228
-756
684
236
266
-59
131
495
-640
-399
-120
72
-417
269
-687
-536
-396
914
360
79
746
-413
-375
-275
-431
-370
1129
275
62
3
-274
63
343
746
-73
282
1091
956
-662
-81
-133
-361
443
-200
809
858
-586
-161
176
1892
50
-1198
1219
847
-313
689
-107
876
-374
113
-77
258
553
-908
-57
-190
440
496
118
332
-22
-593
93
-604
665
-889
-21
264
329
172
925
217
83
170
-360
526
-54
21
-353
43
304
761
-249
-128
384
43
-51
700
-1108
-572
187
-269
-1688
-574
-323
-393
965
-809
-643
141
-618
-315
-1051
722
-551
411
-886
654
30
120
-83
1455
-179
-784
-1001
1740
144
344
1045
-73
835
-1187
25
-1188
-257
3
-256
615
1932
-362
-1442
-262
636
-174
-585
614
285
-2
-568
-636
-408
265
1113
564
-62
1207
591
-545
-57
600
-654
-850
-159
218
-8
460
-540
97
-381
528
-368
1229
276
-302
-303
179
475
950
-163
55
-388
482
46
752
-1070
915
476
1789
108
537
890
617
-750
-1255
265
325
-322
1026
166
214
1134
12
-208
693
715
-442
513
-507
-547
438
-334
2
-269
-57
-1033
81
-427
1014
-534
492
56
913
-294
639
130
649
1217
478
53
-890
774
-476
-40
95
795
-80
-327
185
1241
-65
-472
-1419
-514
716
-104
-1867
1339
740
390
13
607
-1749
224
-969
585
-23
-229
-671
-13
-171
44
16
518
529
864
709
173
-1355
180
68
442
-783
-1381
-109
183
-953
-21
1401
-363
338
-664
451
107
-976
-413
247
-338
130
160
128
-683
721
405
256
451
-1228
310
-174
-4
-1009
564
119
-632
1337
1018
929
400
-498
518
-180
-720
475
642
-373
439
147
-714
-89
-723
29
256
762
803
87
-205
161
-639
682
-436
-506
-530
-15
283
-505
374
746
-604
-471
154
-26
955
-510
32
-383
1143
764
-315
206
-139
924
-255
106
-345
-297
-297
-74
-19
-486
873
423
-926
408
1403
57
-826
-329
-1726
525
-172
88
-33
1418
-660
237
214
236
-93
-143
209
-670
-274
-747
-431
566
-952
-892
-77
376
248
714
-34
269
62
-73
373
-915
510
413
-413
161
-404
-103
-287
-1032
-428
-362
1249
148
-200
492
469
896
-97
-511
360
-536
1147
839
387
178
507
1279
381
653
-531
-456
1374
-774
1059
8
-619
-570
-912
-196
49
374
825
-646
-795
538
-140
-308
-22
-846
642
-302
-1104
-93
-63
-132
-522
-58
-741
230
767
-161
-322
-323
-333
357
231
-28
1425
-390
-116
-433
-200
365
279
1440
-545
643
99
-10
22
542
-1219
-287
-456
1304
-1094
-737
374
1062
-150
20
234
187
-29
-395
448
217
-818
441
-1019
899
434
370
65
-70
-930
998
1301
178
-778
-133
1393
390
-724
371
127
-370
576
1363
572
-739
534
270
-98
-129
186
-431
344
-121
1
124
-591
515
150
-3
-239
-592
-324
-1093
-1202
-964
-798
-3
784
1266
-906
1012
507
-174
-677
-342
584
-36
-530
-529
836
-721
174
-622
497
-567
-59
280
47
678
1646
1747
288
779
113
498
127
739
-311
180
619
835
-400
515
-396
5
225
-623
-1335
1066
1017
-739
576
182
-1266
-307
150
-1333
-1206
779
659
26
-532
-504
-469
-297
-337
-977
-107
850
1573
89
735
-745
-630
-656
-777
614
1331
-212
336
-1793
982
-1372
-226
939
-233
-330
-391
-785
487
-324
-98
-374
650
-641
267
361
-595
1045
-239
148
134
-679
255
1240
83
-605
1356
-108
-522
-1238
816
352
135
-352
-62
620
-130
494
-669
6
-760
-325
282
-1294
76
-590
-117
-371
625
1314
547
562
903
-363
570
205
-511
109
-429
51
492
-226
-168
-137
-35
-5
154
-102
36
-674
-597
436
747
-252
-675
19
-592
605
-174
-770
192
-25
-609
229
190
-248
-204
498
-778
-1069
-128
1093
37
-515
-530
142
228
-985
-763
38
669
-360
-549
-172
-1302
-488
516
1051
-546
-297
-330
408
1615
-648
10
-616
-873
-1116
-154
523
318
153
329
-1009
509
736
622
541
518
0
-524
439
-826
350
189
154
-383
697
384
-296
-1124
-661
1358
-167
685
154
-207
-510
537
217
456
70
-429
1076
909
-450
-1067
-633
-259
440
-734
1570
188
-242
10
581
-359
101
-354
946
-317
-63
-1016
-574
79
843
613
981
618
-566
1162
-562
142
-509
-285
538
721
41
56
-276
-697
363
714
552
199
333
240
1226
34
-1618
494
-732
-512
249
65
-176
161
-510
480
1526
123
497
55
-1250
-559
-863
-493
100
108
-379
-268
-224
-104
51
-945
409
-444
423
14
298
49
-1299
37
-1019
263
215
426
-415
-324
361
-199
918
-864
-145
-616
350
-516
1499
813
-230
298
1369
-695
-136
475
1604
-147
148
91
-597
11
1336
-165
237
718
673
-458
-342
-550
-1515
-487
-213
287
-30
33
-204
-326
-332
-626
996
549
-724
-21
-45
1342
-20
1116
-1860
-238
-754
108
-1293
426
-1245
180
701
-288
-843
80
-394
-1042
723
-95
397
1364
-325
51
-1387
743
-1057
451
1155
5
-222
334
785
456
1691
-1401
-765
-147
-140
145
-139
50
-902
189
-205
-1436
459
-209
-227
55
-103
288
491
160
-1248
9
-162
-122
-1283
269
233
-887
465
-203
-940
-23
-519
-973
-148
370
1343
308
-160
-126
-351
-754
-886
-676
98
-918
7
-605
-492
251
1091
724
186
-160
568
-1194
632
635
556
485
-317
214
-1025
-713
433
270
278
-1468
281
178
-696
-318
-1652
-481
533
-507
-133
-196
468
-751
389
-176
-856
151
-616
-133
-160
300
431
-394
-341
-525
-163
682
406
557
630
437
-921
398
-510
-691
-123
56
1481
979
525
182
85
-998
286
-668
422
507
970
671
267
-1321
122
778
848
576
-990
-29
145
-678
-1683
-32
-821
-512
1349
-224
-445
132
500
-120
-139
-518
93
679
-1201
-298
-905
162
-761
52
902
51
-261
-39
552
69
20
-552
-919
-353
32
269
870
352
231
554
-741
595
-522
-758
-65
595
-756
-33
79
276
170
-882
342
-20
574
-196
-101
-371
-752
472
378
511
-1155
1024
403
-162
1332
460
-267
117
454
-387
-847
1135
81
-627
374
-245
401
32
-201
69
-122
289
-191
424
-1845
648
-304
195
253
318
677
205
650
1597
80
-194
-368
-16
-542
-985
291
-239
394
307
-68
-562
243
109
-971
-471
141
1122
-690
14
-130
1261
218
-150
-1040
109
1717
775
-218
493
-59
269
183
-287
-423
-1283
-461
-271
177
-114
-125
-158
355
1102
337
118
297
413
905
-290
-242
383
-362
-525
-913
-68
-1703
605
-779
240
-189
-94
-1752
-190
-582
-1732
307
528
-727
865
394
707
-798
-660
-464
-416
153
-23
823
-133
-606
285
573
1056
-855
-676
14
1127
-1591
669
-1141
-627
370
-99
461
-801
406
481
-173
-386
-1549
174
-329
-461
26
-393
-783
1526
-502
11
-90
164
302
-78
-67
-356
-250
326
124
315
372
-878
1203
-1232
-543
-257
22
-237
491
-9
48
-1169
672
309
540
-432
-212
983
-55
924
1183
-558
143
-482
521
1697
616
175
6
105
662
640
-264
-502
-628
-604
-1402
-901
-868
-616
304
-741
-734
-198
-386
-1019
382
155
-1771
118
-725
-33
-937
-676
811
-419
654
598
693
-448
53
-628
377
-145
849
-174
-1180
27
-293
-329
1168
-500
-1030
-501
-1046
-512
-353
-937
-686
-907
-438
78
-224
-103
-421
351
-433
-77
1057
-358
653
-194
300
84
37
-23
701
-470
-335
57
-260
-405
-420
-508
-74
369
-612
-105
-170
453
1214
-443
917
339
876
-911
-298
371
-414
-792
-303
748
-916
-229
-525
445
130
-589
315
775
668
908
-1170
536
895
-216
704
469
347
-112
-1489
156
-833
1305
516
-421
1186
173
373
-1046
164
230
-206
-937
471
-440
426
960
302
-944
98
1095
-250
-148
-416
698
879
-1029
-981
538
-294
411
116
445
4
-628
-353
-1187
410
-666
-363
-529
-741
918
50
-998
-89
-564
-277
153
-122
-465
172
-713
266
-754
-670
150
36
-418
-148
389
-279
-1399
64
-20
655
24
-311
395
-536
-255
474
1368
-387
-89
-1362
-560
-368
21
-205
-1593
-390
187
443
115
-347
-2379
-152
-102
-814
-1093
-429
192
-102
-331
1741
520
1421
314
-177
143
302
512
-842
-264
-759
-631
-89
-298
-637
126
-952
-522
311
250
-438
447
-511
-753
1167
-1111
-157
125
-620
679
-186
796
-565
-806
504
64
-391
-559
682
-302
231
165
-165
261
-623
450
14
-467
498
-562
300
-332
310
174
207
-493
1241
-801
718
-117
631
600
559
-724
36
-128
371
-996
117
379
1307
351
-181
-554
-474
505
-646
577
-519
818
931
12
-1241
-237
963
115
-1043
811
-144
513
1078
216
814
-4
-340
-652
-197
41
-617
-178
-73
315
275
-394
53
-465
1054
446
135
806
-4
461
317
-424
-238
-379
-53
-424
915
-200
447
-565
-245
-729
108
-601
-236
-312
427
-629
-443
-432
1651
20
-440
-937
-536
-1051
-700
457
-38
-574
-179
259
-955
-816
-345
252
-427
-663
225
28
1019
533
-465
288
-344
974
-310
884
-615
188
-1359
592
-1146
98
595
476
-637
-1119
511
-934
-144
455
-164
-1451
-393
552
834
-182
512
-726
148
-326
138
-251
266
426
-1225
79
-385
444
-427
147
714
359
-161
1005
448
1219
-715
-641
187
760
417
456
353
1115
226
-589
67
277
-623
-72
-494
-1046
371
652
552
778
32
371
122
284
-719
759
-296
-172
524
145
209
593
-161
927
-413
-308
299
351
-838
1326
635
95
488
186
58
818
149
-475
-663
-740
-1005
278
-448
-215
287
-464
-228
1415
-910
1228
484
-747
216
-496
-1009
-3
-258
-320
-717
-1094
155
-1076
-313
347
-459
-78
674
-351
646
-37
71
106
-218
237
-32
-256
666
13
810
321
321
682
164
390
-699
402
995
-563
-242
-216
303
-566
95
-623
771
-586
1487
-348
473
460
111
272
541
177
-129
311
-169
146
-176
-436
-258
90
-562
134
475
-849
171
896
803
-176
-1084
-27
837
-1162
-403
1530
-188
-415
-1316
736
-88
-505
-189
-1137
443
207
-144
476
113
241
179
1105
1017
430
-1197
518
85
8
-668
1233
-60
149
314
114
704
935
-1187
-324
504
-104
664
-21
66
-443
746
-1175
652
552
404
-665
-485
8
14
905
1456
978
-341
-525
-148
356
-455
-758
-206
-245
-4
222
-408
1049
158
-806
-339
11
718
-765
398
-225
695
659
-134
264
325
314
1524
858
-1583
190
-800
-495
-53
-171
-784
516
-126
-553
1178
-397
-576
501
-484
628
359
248
689
-184
-1167
-276
-501
665
-577
-440
-198
-80
168
272
-506
-325
-521
-319
-65
431
-355
228
552
567
115
-867
164
800
68
155
-181
-550
633
15
1598
-280
-234
44
240
616
-270
-229
-237
-262
-665
-1205
431
-332
-332
-290
-201
-600
511
205
511
784
-269
-1387
881
283
833
-555
-1095
252
275
916
-384
1322
349
114
82
-226
794
-218
328
-65
-264
284
1424
264
127
450
-881
768
266
-253
158
126
225
-1138
-1126
-479
-1678
-455
509
-785
-154
-152
1076
591
1046
-486
415
-952
459
876
662
-341
-709
497
-706
226
655
-596
-247
-128
335
-865
-339
231
-60
375
-984
489
-87
239
-322
800
141
-66
335
147
22
-400
674
648
-479
309
556
-432
922
399
222
41
-128
-463
-373
977
-1123
2609
425
-45
-168
598
492
-160
78
535
-798
-65
-948
-594
1190
487
-32
130
331
32
716
-620
229
726
150
349
610
-181
46
550
-537
122
816
-570
-199
544
-124
217
-535
-821
303
682
-129
-111
-67
-853
893
-841
416
-120
246
210
-349
-182
-110
806
-376
619
718
-632
114
176
385
-223
843
131
55
-462
42
524
674
-630
-36
1511
-323
1
-238
-652
1
1290
639
-757
346
924
15
-532
79
308
-486
541
317
162
729
-377
521
1057
-516
-55
-1220
41
-3
536
269
-2
-657
481
-257
-342
-406
-1295
-2
1923
418
797
-922
-858
487
-434
310
634
-472
-630
-21
-399
106
645
-850
-276
692
548
-61
656
544
835
-649
326
98
855
-543
405
55
-317
40
1213
264
267
-106
349
-1063
-500
837
29
746
380
-790
-300
957
1139
440
254
37
1166
449
-511
-551
-256
183
1235
258
-69
774
1479
575
390
73
-388
-248
-158
-727
-123
503
-588
-354
-516
177
-422
-1064
-903
35
-178
-141
-351
284
31
422
370
33
-33
413
-466
-449
748
-269
-976
399
-459
52
293
-313
-234
226
346
-524
-292
623
89
-786
575
228
-168
385
-393
-424
0
667
449
-386
571
88
-1199
224
-934
132
-42
-228
316
-1173
615
27
383
-73
316
-163
1241
-193
-197
388
-280
2
-1023
344
-308
-1316
50
-323
-1035
207
477
-161
140
125
-113
-346
951
-1064
-671
-1488
713
360
-326
329
37
68
403
-775
-245
-548
704
221
154
-101
171
-504
-403
214
-1044
488
639
641
-329
-412
205
-951
182
-313
162
-105
-875
-262
241
-143
-506
-737
-206
-666
37
712
-552
-71
264
-26
91
-810
401
-82
-689
198
546
295
-1023
-349
-481
1633
-637
20
157
376
519
344
1614
-439
-698
923
-1106
-120
-796
147
-497
-357
-1364
-399
-975
-51
758
-782
889
-113
-356
-38
160
-672
119
822
109
569
591
527
373
480
-1141
-88
-182
336
292
558
-54
-641
-573
-2176
146
12
-783
616
-447
818
-167
198
71
-274
523
-81
399
439
618
647
539
74
118
-1158
81
-920
415
-240
-978
1152
-566
-421
1085
-238
-439
107
254
457
365
129
-138
821
85
-272
82
1082
406
197
-195
-317
-777
-13
995
-32
1005
24
-1112
222
-280
55
196
-546
-367
-1160
827
-45
293
209
-1076
45
-408
442
662
277
-255
299
-529
-407
-80
-861
-140
341
-257
108
1223
-1271
713
-224
241
426
-464
360
-878
873
-731
236
276
305
344
-241
-132
-454
-155
1054
464
658
260
-1469
-511
291
1229
-231
795
295
-555
-1247
-933
748
595
-1036
202
207
-210
-866
-259
362
828
-197
137
169
-200
-3
85
-224
-417
341
-722
-176
-289
1260
85
-268
-278
338
-295
95
-343
550
-978
-132
115
-32
-1743
462
149
481
-42
153
-163
84
25
135
91
1686
-1076
-459
-65
12
273
536
458
35
-511
460
210
141
1002
-320
-413
522
696
-613
229
-172
-496
-512
-144
728
902
-507
-202
391
-1226
-82
1288
831
409
-420
-492
-560
-773
-964
624
1023
-482
-175
-649
-425
-312
770
521
-598
-442
-380
746
-1195
247
-61
-514
-281
488
981
-672
-872
885
-1410
-568
-740
-51
984
192
-1720
-149
-326
-379
-368
356
-160
995
386
-490
6
694
-557
-107
-9
-412
274
825
-390
-10
-944
181
80
-901
290
-336
991
-1193
446
-358
-1199
29
-256
242
-128
-192
-496
246
-786
627
83
-180
-596
-678
324
42
-215
858
704
-199
-12
-401
-1011
976
-58
115
53
-478
152
-1140
-225
225
-122
191
-858
1202
83
-43
-366
-312
-691
-289
639
608
497
-751
1263
358
199
-97
799
110
-389
-136
-559
-1022
20
277
-160
695
-368
-1255
-556
-1536
1352
4
769
437
800
-449
423
-417
-1046
-191
-599
-293
278
11
477
384
1622
-204
1259
-169
-255
-221
77
-1369
64
325
334
-1
-211
903
-456
-51
-324
-936
3
-566
-43
804
-241
139
-117
75
-42
545
-491
-534
-980
-216
-829
-564
439
223
1043
1197
535
-636
709
285
251
581
-153
577
209
74
995
-36
196
374
-1166
860
-594
40
-244
-102
-496
339
1162
-401
-783
-773
-865
-51
-228
657
-268
-807
280
-99
-877
832
892
-174
146
-295
-35
-951
-257
-86
80
633
94
618
-209
-297
8
845
243
1353
290
752
-2
-640
-429
990
-315
-354
-538
884
-688
0
1543
-174
301
519
1022
-2308
1649
-186
104
-5
201
-541
-762
-186
97
-670
551
1022
-1097
-848
1203
646
1044
869
873
594
1009
-848
234
529
965
-144
1840
89
-255
1514
1223
845
283
-1002
436
761
339
-113
-1376
-674
-860
-637
-924
-358
1342
127
-771
914
-900
530
-297
1161
1958
-1108
473
151
-65
126
1086
257
865
472
-259
-570
869
2069
654
811
-171
694
-161
679
53
19
-37
597
-118
-18
-4
-40
933
837
-179
-519
-569
338
-374
-1429
-44
-246
-93
451
128
-827
-357
-866
649
-780
126
424
-38
542
-555
210
111
582
-11
-507
-656
783
-31
-109
-207
1352
256
-825
253
1192
-644
145
-229
152
571
597
169
476
19
1277
-502
-86
1131
913
-743
-310
928
206
91
698
1061
30
377
209
1055
347
555
-740
-950
435
82
-166
-704
-273
248
443
-49
393
561
576
-533
756
428
-1503
210
306
-585
-216
138
104
-96
-804
-140
1192
-836
-367
71
242
-426
-100
105
-188
910
-738
227
238
-244
719
-1085
-65
296
-1564
81
-497
171
1147
-301
993
89
-920
241
-691
-630
469
488
923
503
-506
334
1612
607
-129
333
356
1581
275
626
602
39
146
627
782
106
-78
500
714
520
395
255
-241
-72
-484
648
-163
-710
716
791
-858
-32
-659
-629
1017
-808
442
664
783
88
263
-491
410
662
-6
83
670
-666
468
-338
25
-253
312
-4
-222
151
324
-562
-145
-271
905
-583
1188
522
929
-650
-497
667
829
-1348
858
-24
-441
-845
-126
960
139
-68
-1324
-1115
287
-142
496
-167
-685
640
-619
-706
-847
990
-5
-322
232
-283
-397
-344
-451
-321
66
-1399
736
492
-744
-1378
-14
398
-498
-296
-324
-254
295
-409
659
282
-122
-776
1261
-896
-206
344
-36
-541
-5
-703
-314
-679
-446
190
-571
-1164
833
198
-738
24
291
1063
-351
-353
605
-129
-496
71
-1550
1547
-503
-955
468
627
783
-685
-262
-463
-482
-99
442
-693
809
695
-188
-98
-213
89
-96
-143
216
553
-586
-287
180
813
881
-158
-638
-1111
197
-427
757
903
-462
-313
-829
381
204
73
-467
496
146
-130
-448
-328
99
245
-143
-676
-1350
-90
-147
946
-814
177
183
813
133
-433
-398
733
-1553
423
-238
-310
556
84
-530
-131
-564
-235
364
-352
243
-186
1135
-341
1630
-600
575
-444
-62
-888
151
-341
-78
-284
-726
-45
-910
-57
196
436
-151
326
-657
1681
-228
-325
-438
307
-517
986
25
711
-103
1101
-762
306
-166
-408
913
1032
76
657
69
-150
454
-14
237
-70
941
172
-618
-865
1649
125
823
-194
696
-1183
774
128
178
-840
-603
335
329
-976
-116
-599
476
-523
201
545
-465
56
9
-158
-308
-1045
739
-213
-537
-199
-1964
210
-496
-653
1171
-19
-878
-375
1643
-425
-528
-1268
53
-722
267
697
471
-58
673
870
-104
470
455
863
521
1464
-325
281
-540
-245
816
342
-136
177
-88
105
710
156
-131
58
142
-303
648
-477
-613
572
231
178
-1049
760
763
93
822
-938
-429
-445
837
-1119
346
-188
-654
273
-917
1282
-265
-154
500
904
267
1055
-234
-524
395
1778
-298
-738
-1127
-960
-443
-509
314
-1789
206
508
337
888
227
53
426
582
-149
-51
-224
34
92
239
370
-93
-1102
324
240
1765
132
-162
-638
-926
838
88
80
64
382
91
6
-770
1543
108
-803
137
-397
-764
561
523
-2336
-714
197
717
880
408
-731
323
517
-116
224
214
33
119
-528
-650
-896
201
-265
1272
-456
451
887
-653
820
-507
75
-1000
900
-1223
368
-645
772
-721
1093
-175
-779
428
270
173
586
-779
592
-220
-243
-326
-26
-694
-1028
-1116
-437
-420
-386
-831
469
912
554
23
679
358
-299
-520
-374
558
-636
1275
-14
276
-328
-245
88
-167
-443
-319
824
-843
-782
-239
-689
460
602
981
-964
150
-32
157
432
895
-348
22
1291
303
-71
-592
187
-525
87
-143
54
862
400
344
-130
-40
391
-163
432
499
-512
12
290
741
-908
-235
-6
-376
140
287
-815
534
205
557
-233
318
-248
102
-413
-108
1036
78
-385
-1375
-340
-247
-1695
344
1013
-739
326
-507
148
-765
384
24
283
-583
-685
33
858
-185
-65
1772
142
-813
-288
-466
-64
-551
42
199
467
-430
283
51
-559
-608
779
555
925
1093
362
-233
-81
-341
623
164
426
-859
-216
-565
-1145
-126
-717
-228
69
182
583
-794
-772
572
879
373
-213
305
-307
-261
-59
75
-1461
1032
74
-129
-720
-259
-753
53
-892
254
12
-1261
-463
297
247
-124
181
1488
-612
-1190
-341
433
427
-665
-272
-807
-743
13
-1461
1041
-920
294
-1220
-317
178
397
-660
-1001
-425
-197
503
-147
1533
423
-491
-169
170
567
-834
-388
-1303
22
-1883
809
572
-283
-740
201
-1283
369
886
1307
104
-534
-301
-758
-558
-294
-482
327
234
520
608
-395
69
-232
998
1654
-537
834
-594
-993
-785
432
1395
-318
-112
752
1458
-152
-521
-755
-341
-419
-346
494
148
-1464
121
789
-78
-478
-629
731
-1367
26
838
-743
524
-1298
288
204
827
115
858
654
185
1398
1061
587
437
253
-947
-603
202
-1362
540
54
225
459
142
-559
605
565
-1060
222
156
-30
-169
-12
-390
-99
-77
497
350
1121
396
-8
-640
533
955
-412
-328
-70
1053
-8
224
60
454
-676
-617
136
684
1558
-1061
397
-70
93
263
-337
-450
-24
-144
255
320
-592
727
-257
745
240
-419
151
739
-296
168
-541
-595
-232
886
1220
421
-96
-257
-1256
-37
-707
589
-647
-85
550
1303
506
839
862
-63
-758
-557
340
-1110
181
-377
-434
-757
-911
875
-208
-1218
-526
-371
-504
-723
89
-277
1020
-8
347
-1405
-624
-786
58
96
-594
-41
-442
61
-492
964
-333
-1122
-731
339
-841
-1119
-462
31
883
198
-480
939
922
-1357
-105
490
204
744
-671
-352
-187
890
-805
-11
-112
-336
-108
-559
383
-32
-199
226
-720
812
-62
-331
465
-393
273
-1369
-727
-115
-472
-44
-540
60
378
325
727
-233
-864
302
121
-240
43
169
634
102
273
550
867
69
-54
-271
-1107
217
-232
1145
120
-925
-133
1343
33
-824
-284
201
676
74
106
1193
-666
771
326
746
-70
-760
-211
21
-318
752
265
-704
191
836
-84
-823
-517
486
-698
-167
357
594
40
5
-463
146
1028
-337
-1489
31
1322
366
0
-101
25
-56
200
-187
-843
107
-872
-948
-595
20
977
406
-208
-671
-193
327
225
-406
183
8
-206
1025
202
306
705
256
806
-155
447
183
272
-724
345
1115
558
-526
-496
35
198
-33
738
-285
470
-40
-65
-129
-235
-605
615
103
225
-280
-315
5
711
167
1025
359
142
331
817
471
-490
761
-39
636
-887
919
-476
178
1166
822
20
-713
-1121
-131
-71
-72
-5
701
326
-36
-842
-775
1747
-444
377
-1107
-660
626
242
-425
-64
675
292
-172
581
236
-753
-163
-970
-477
-668
720
488
-403
-639
-379
102
128
-645
-616
185
670
-80
990
-313
1251
-284
-396
-994
-262
-460
-836
-58
-240
276
-1011
86
351
-239
-206
-891
1565
-1224
-97
259
-982
-387
-303
931
-486
-874
700
-694
-298
-474
788
-1305
81
600
-1137
-693
-1036
759
-294
-32
-11
198
-469
720
728
52
-378
-701
-764
-153
831
315
415
58
1031
669
625
379
16
-5
-40
-136
937
547
920
-360
230
376
-61
-1036
272
186
572
1149
726
-459
-420
408
132
-951
-418
737
1070
534
13
617
666
516
-634
230
1185
-360
-580
-132
-646
872
-949
504
-717
-608
-79
-262
-138
-374
-253
-1054
-230
-940
338
-453
45
450
61
34
459
1034
-1758
-975
999
-60
-838
717
-227
-350
-126
910
103
1682
739
-723
-476
-309
-1095
5
937
-133
69
-114
-598
300
-563
-1268
397
-66
-172
-1571
-152
375
-227
-184
-685
-768
-707
-408
3
-18
-583
286
356
665
490
-844
372
805
-580
932
-1084
978
-536
122
884
5
-620
-139
-50
-851
373
681
-143
1285
-443
-32
203
-101
89
102
-387
176
194
-40
-117
515
851
1
-388
-661
-782
171
-164
-418
987
-809
-22
-482
937
-916
661
244
338
-625
132
1305
-453
-174
-333
120
34
-529
603
222
73
-302
314
-842
-243
-370
856
382
-312
514
670
795
-1315
-737
-201
-1484
-46
-23
692
357
-807
1285
658
1846
-1222
1139
849
1312
-118
-1153
456
632
376
-318
566
-1400
447
-87
453
1421
-438
-216
-368
-339
655
-539
-282
-1536
-778
-54
294
-82
-64
263
250
-329
-647
-1004
-432
620
-396
132
-1277
494
-494
-220
-422
-335
602
352
370
-741
-282
-550
-586
668
1474
-55
299
-493
89
1001
231
-102
-1661
3
-148
-48
441
-936
-657
208
954
810
459
-2133
-254
-746
310
-354
-287
-287
712
285
-362
1190
567
-153
411
738
-17
-221
639
-57
-76
604
-623
478
-293
-1046
122
-382
381
-181
214
901
-1095
-289
254
645
-230
-333
515
-294
-350
48
-1399
-184
1756
187
499
123
595
-54
112
-32
556
-488
1381
301
471
-422
269
652
77
-17
95
724
220
-65
1706
-207
277
243
382
665
-80
87
87
-61
-401
567
-914
1292
-237
-372
-915
752
275
157
1325
-73
-478
709
-783
487
842
933
-775
486
-165
1996
474
240
-552
542
-87
-5
-628
-684
421
634
41
-71
190
388
279
-627
-420
-524
-321
634
-634
112
587
264
-668
159
208
559
852
-535
-98
519
378
-321
394
810
744
332
491
1177
454
950
621
938
763
35
-213
-1140
1044
-940
180
-135
-81
-220
1072
609
359
-24
50
168
548
-716
-387
461
134
-594
-119
-275
-252
235
837
924
-2
-412
514
707
-416
-365
232
-568
64
101
1029
-142
-281
-721
589
589
-404
524
-706
-156
-196
-442
-125
579
-924
762
208
556
384
1379
-312
192
391
-340
-697
-1176
-158
1085
829
344
-1214
466
-5
-615
-370
269
-539
64
480
-227
176
-867
-218
107
88
-223
1069
29
-424
275
-419
601
-149
-903
30
725
254
265
211
496
155
809
-353
-145
331
-177
-1302
-1219
688
-1127
-942
449
-403
255
-261
1461
-722
-455
-197
20
-596
33
975
619
-891
221
876
1037
476
-757
1362
24
398
426
-504
-405
-339
-334
-669
-578
-134
1411
183
-690
-146
-116
-456
-124
-590
78
18
814
-672
115
-79
65
-370
4
1152
-587
-793
2041
-880
-519
1267
-250
676
-105
420
281
-297
-112
-1134
-222
-20
308
-902
589
-213
595
125
461
-531
695
162
-167
-572
739
464
382
-824
1137
151
-1476
-203
-720
-636
485
851
-388
-76
-92
779
251
1298
-743
171
-238
496
-327
410
814
701
-564
37
-11
414
549
-589
-630
409
840
-453
188
-1207
-200
-262
363
-274
-485
-238
220
-768
-351
587
-76
307
-401
40
256
52
-32
-945
311
-196
-552
-459
613
-494
-477
539
837
-235
-881
746
-546
-89
-182
781
228
814
666
263
170
-219
-381
20
-183
98
483
-418
-445
-609
575
661
192
431
-189
314
-703
424
-457
-376
139
-634
57
612
-96
938
-655
72
492
-288
-270
192
545
-332
-428
9
-495
-434
117
496
-919
-797
599
1438
632
-364
-239
-334
29
355
57
1106
553
-435
-382
363
652
192
-121
738
1010
-136
400
309
-218
-987
-259
-669
1417
912
823
1458
-1022
-298
-974
-121
1139
735
94
46
-317
909
-28
-159
1024
-882
145
453
717
-219
-83
55
-209
872
-468
864
513
339
698
-926
-1282
-272
-762
-306
-372
158
-383
-240
-4
668
-360
-596
-226
-263
-311
-13
256
423
-65
-39
247
-24
-136
645
404
824
-5
570
-318
659
-57
-446
-362
729
-445
-533
-897
-400
-587
1185
510
-112
-171
-1052
11
135
-103
552
1103
41
-732
-1043
-544
328
574
930
-1522
241
179
-1762
-146
747
712
-709
-1809
-89
47
244
239
-631
-722
700
-161
-273
115
696
577
-414
-212
-106
70
302
361
-748
-217
-233
-72
-1040
-722
954
250
-794
638
-1025
143
438
412
988
-74
-423
785
373
-307
32
-16
-442
548
812
-290
-597
296
155
-251
-349
532
1201
251
611
-144
335
29
870
-296
-1351
-228
-739
79
-259
-16
291
1250
-815
-825
-184
-252
579
-1400
187
-873
49
-484
1
-1380
723
-183
89
-60
348
529
53
1077
-901
-403
931
-1283
209
530
107
-70
1026
841
342
-566
-487
-467
-46
391
108
700
-598
-128
-362
422
147
-90
-761
-29
149
334
408
1413
-728
125
-105
132
662
86
-444
-588
265
-759
-796
-315
506
-306
318
-473
222
-168
439
-472
-497
668
-959
78
-686
-371
259
532
-615
-267
-355
-7
107
-1358
286
405
278
-1435
286
-43
-109
-1165
193
-37
-655
-451
261
273
381
861
-669
0
-1937
-198
-542
735
-1294
415
317
120
-472
-62
433
-122
19
79
-358
-644
-902
1591
-1250
110
-142
-1076
90
11
-41
-745
-180
117
39
676
-20
804
-561
-202
395
1337
51
-966
-836
-1388
-218
590
429
109
-735
1279
974
-1187
250
-1004
314
280
198
479
222
357
43
1432
-543
-603
-32
-310
85
-435
585
-668
-1
660
1419
-165
-577
-377
-1097
-1019
588
967
-323
203
88
-195
-414
-54
-100
367
620
326
1240
-506
709
660
-175
995
404
516
-329
677
1133
-202
917
-165
9
-46
81
694
1068
1355
268
219
-811
-579
-594
694
1161
-449
90
-334
-56
-381
578
829
1302
741
-907
464
735
866
62
291
-448
254
34
404
-679
1593
-402
1025
458
1018
291
1
-109
404
-1192
-653
72
-8
2325
305
58
-462
749
704
-998
415
-428
-232
253
1114
-1065
-548
42
-673
344
92
471
367
-462
881
27
106
360
293
-299
526
-575
577
334
195
744
1123
-503
-191
497
-77
118
-583
-621
643
-1153
-410
1142
114
-1662
586
787
-1320
763
-370
-1606
-205
-264
-818
313
-103
1038
415
-499
1443
138
-580
838
-708
-195
-899
136
923
-55
17
-618
-583
-685
394
-192
7
-355
-832
312
-301
-751
1113
279
946
-842
788
359
388
-245
606
667
-566
216
-1875
312
-665
-692
-1096
-96
-63
-408
-503
102
-770
-346
-1021
-677
-648
-10
-414
-486
-169
-174
-632
425
-188
956
-332
396
-826
308
-715
-544
-374
173
640
449
-472
39
49
702
-59
-276
357
969
-80
-367
139
523
-214
-706
494
-67
-1427
154
-92
-1264
92
-626
1029
54
495
-119
74
-334
297
-436
655
232
-491
-835
-212
125
1954
-2142
-771
57
404
-778
-20
789
1242
1026
-535
-579
-896
330
-1072
-511
123
367
723
-160
-337
-277
169
-569
633
188
-124
-444
938
902
668
-493
755
-49
-558
1082
-606
1497
301
244
-43
-491
-834
-201
284
-145
-552
474
-158
1133
462
-925
-122
-560
-420
82
-232
164
624
-506
33
1567
-525
-232
1068
484
-923
144
-469
51
-15
71
266
-267
866
222
-402
-1518
-124
120
-826
-109
-1024
-1653
-135
141
294
-31
-889
-133
136
858
-454
200
-213
-3
472
-678
4
483
842
419
95
-18
-442
533
353
1070
-4
-607
-111
-40
629
-622
687
100
-305
-226
1601
621
-1130
-401
-63
888
392
-225
-807
110
-965
870
975
-888
-203
119
-33
-106
68
406
233
739
697
527
-467
-506
-23
429
191
30
-1019
194
-643
-130
824
807
372
658
167
182
-1020
-627
-1016
-336
-486
-162
400
-1621
438
-143
-666
598
-141
-1143
926
-851
116
-735
-565
-469
-680
658
-4
938
-60
-756
-302
-971
-312
-438
837
139
-301
64
-322
-594
-262
362
-1029
668
-11
-257
-1053
-691
-167
-568
791
-378
-108
-4
-12
750
-265
9
858
-301
-879
382
-672
716
914
-826
-1593
-43
-885
-528
762
943
-430
755
591
70
572
1055
-657
203
1418
80
108
-519
371
632
-340
-1082
485
295
528
887
1
-405
224
-309
292
658
522
17
-1275
-1274
-1048
392
-761
165
-320
57
32
178
368
978
-611
-248
583
-17
-812
-503
-935
259
-310
338
320
-726
-919
-449
155
-389
-1522
-135
-201
-933
946
1444
89
-233
203
-359
1242
-243
227
-215
-74
293
-654
133
277
300
-465
150
-465
-493
285
207
-404
1042
-330
15
118
-122
-407
-1511
-327
-33
748
34
-247
612
-453
476
-388
202
1058
1005
1391
-361
-742
1052
395
304
-303
227
716
-394
292
298
-658
-49
580
-323
-72
-1018
885
-437
863
301
268
-1698
-459
980
-117
263
174
-616
805
-121
174
-152
-727
1334
-405
1098
-474
1032
40
660
572
362
-634
397
434
-525
427
-192
-67
167
240
521
-205
-426
-822
-687
1162
-403
-842
94
580
-587
166
669
76
-346
670
678
-252
-415
-24
770
-119
-238
-389
549
-420
770
51
940
593
316
-663
-413
-208
186
-85
430
-511
77
-343
826
-614
146
404
54
721
-403
25
432
143
-567
299
-1006
771
701
-306
541
-992
-37
604
-548
-19
-445
232
47
409
-10
515
556
282
775
67
-1292
1225
376
-157
-2
-252
178
648
776
806
-344
-641
-518
-1064
-244
390
-804
878
-25
-459
1059
1153
-582
-648
385
653
25
825
125
-187
-517
-187
-302
510
-261
624
-250
-672
335
-429
-323
-1138
125
128
417
-577
567
580
1401
82
-90
-49
-483
-323
853
-285
0
388
773
713
555
-194
-1125
335
-208
-101
277
83
-219
931
430
-15
-168
1750
232
-3
-186
613
1060
383
-801
587
238
1096
-100
860
-388
560
1834
-866
695
1933
-670
52
-147
472
-239
-74
906
702
-496
72
343
881
373
866
170
1014
-416
462
562
-437
1239
39
-363
-845
234
1453
-343
-337
-163
-951
129
349
288
-203
309
670
706
946
211
246
31
152
493
459
792
-421
201
-305
-1473
-322
-190
299
-30
-46
192
-1223
-823
864
-884
472
-1017
-341
-1234
894
448
-252
-498
-194
-1545
376
118
452
293
305
-423
462
-217
36
461
383
381
-378
318
-18
-481
1085
45
-216
-249
17
-469
987
1306
-639
605
-306
-342
-770
-84
277
-678
-668
-63
720
800
541
-851
363
-683
-725
-788
-459
265
-472
-417
451
462
-81
657
36
-359
-664
984
75
-199
299
-947
751
870
-457
427
-914
517
636
-392
-924
-693
-370
285
-405
-622
183
121
326
724
1301
-15
401
-13
-392
-4
182
888
439
118
89
-925
-695
-782
615
-121
-118
446
207
518
302
753
384
-830
-866
639
-890
498
178
476
-494
-575
-305
-38
406
-226
28
-170
-460
-794
-564
961
498
212
318
461
-1122
205
267
-573
-322
-538
600
-961
-651
-766
40
-155
146
977
803
90
-597
1470
37
373
-695
918
-130
-195
-144
-301
-1109
-493
444
376
200
666
-1219
-545
82
601
-795
410
-503
1808
154
-902
-243
-189
-697
-247
-43
41
-328
-132
-517
-41
460
1321
579
162
200
-286
625
-994
936
-8
589
809
-152
-651
395
-969
374
-486
-223
-70
91
-357
-455
769
313
392
-324
28
-955
583
163
-644
586
-119
1079
278
-68
1383
582
253
316
-240
-833
-692
-66
735
-402
863
-474
868
510
-664
363
698
-256
970
-1584
210
134
-87
-929
-386
172
-1169
-613
498
792
309
114
409
-263
498
513
-1432
-218
220
-821
-1722
-822
-1
-234
-200
19
-64
-310
413
-93
-387
-22
1040
514
-596
189
1007
-146
-35
129
288
-307
510
-163
1408
1008
-1475
-566
287
-633
48
397
148
442
546
-652
-613
-219
30
-489
-355
569
147
-679
-278
-279
-801
-442
-242
1121
357
485
438
871
-130
-418
-1314
-724
-695
176
1575
451
-375
-100
292
221
0
-473
-34
307
-274
-168
-129
443
-254
323
1434
366
-413
131
510
-1102
464
182
-608
-86
214
899
991
67
66
235
-162
247
-1435
1874
269
-546
379
141
-354
632
778
-564
201
-427
-301
990
1593
-464
530
-515
-249
-450
-15
-141
-1193
-507
-811
2
-817
-934
-120
501
68
-676
-865
371
859
-58
369
151
-120
133
-347
30
-175
-463
-1341
433
-1444
694
-641
-362
59
601
-357
1000
302
-226
-328
1297
-20
-188
-959
-125
-155
-1595
-259
-90
-1570
-209
-202
-1314
-733
43
-773
334
958
-70
-78
-238
31
649
668
-332
1964
50
606
388
638
-305
-450
545
-701
475
27
427
163
-515
503
-93
-211
666
-267
-562
-874
856
872
197
-432
37
828
-303
-659
1296
-318
295
824
-391
23
-470
-400
294
142
-65
-75
502
-1154
-912
718
-249
324
483
772
-42
401
179
709
-12
-760
-1136
-463
-300
-752
557
27
966
100
131
-1529
-492
-147
407
-216
-412
852
25
337
-2227
-617
256
56
-762
-398
-155
-253
750
-241
458
-529
-1405
-259
1248
125
-666
-692
148
-417
74
383
-626
247
-1250
386
25
-1126
-945
-294
-1063
183
-694
479
-550
-5
-398
754
-35
-760
217
-269
-321
617
673
-471
-434
-15
1128
-171
225
-468
-663
-183
-634
10
36
-524
-227
-141
326
-865
402
331
1075
533
360
-344
425
-859
-197
-348
-816
971
1101
-300
548
363
-171
418
-27
1621
-58
402
-981
-227
172
-171
-552
70
-35
-151
7
337
986
206
446
221
62
403
612
-460
-142
-615
-214
-137
1124
727
380
-528
160
874
599
-1328
298
-335
-1004
470
469
465
78
598
958
-511
-568
255
-768
-336
276
-966
-592
966
159
-1099
457
-511
24
-26
710
859
-1053
-791
161
-530
466
-115
-580
425
-97
-885
128
99
-732
329
-350
-72
-142
-605
1319
-142
-895
663
-411
-448
325
1097
106
745
397
-121
-1006
548
-239
-118
-518
-260
-379
624
272
612
234
-779
-503
799
233
364
-42
294
-514
-937
912
-1388
534
771
-74
-1771
761
-90
646
646
-395
1059
-384
980
-262
1028
-373
-311
490
-786
-453
-992
-238
-815
1766
-258
-1229
53
679
927
-149
-111
-186
-661
-424
359
-428
708
218
56
-1011
-309
-270
182
-747
231
577
650
-419
-407
686
125
1199
706
180
-661
-934
259
210
908
-500
106
-871
-221
-745
1130
-139
1161
461
-179
209
-41
-181
-242
-167
-917
411
25
-199
209
533
719
-115
23
318
346
-689
-188
481
-88
970
-218
-604
375
-358
-240
722
185
-264
174
-527
-398
-1400
299
-969
-273
533
-241
-872
-822
-74
616
1063
-1445
-262
-52
231
611
-41
275
-478
-564
-838
340
211
-671
-125
-224
-1411
-3
-1629
185
460
-219
-217
248
-947
619
-128
43
565
-396
832
277
-9
78
-333
832
459
81
-455
-434
-883
699
397
-117
928
-1956
-894
-334
137
-319
-1492
4
612
701
-966
-621
-584
621
249
-240
-298
-368
-418
-1377
-1576
353
-590
267
1280
-74
557
159
960
-301
-719
-192
1279
-359
-419
-620
59
453
403
-93
-241
20
-39
-570
514
-108
-655
579
-759
-766
465
-1429
-1528
444
-203
-155
597
-1330
947
339
1438
-227
49
162
-772
-996
-1362
-830
-205
954
643
305
471
-1744
-14
-905
60
1996
-509
568
6
291
10
301
934
769
229
1309
-296
266
-327
276
393
-298
-977
-190
187
679
920
-185
-177
-593
411
420
-623
825
691
244
-40
-725
534
154
621
379
593
-622
-1270
-1328
-551
-446
-858
1635
139
785
480
-177
-115
-110
382
-329
-1005
-992
772
887
-396
-856
-836
-692
1300
1143
1024
-6
-9
724
-156
116
-337
-275
59
874
-206
-349
2
798
-465
-700
-324
241
483
-118
200
-468
92
386
-328
-896
-764
-8
-9
-532
475
43
-949
161
279
-95
-816
254
151
-440
-1030
72
1091
776
-640
391
228
248
90
-364
678
-105
-230
70
43
599
88
1652
-750
506
-150
27
-704
-291
-209
-677
-580
-389
354
1015
585
-292
-1130
423
-865
195
994
643
371
-263
-1178
479
19
-743
-383
-135
386
716
120
-976
125
-854
211
-6
-304
-349
-111
715
214
1668
345
323
717
-25
260
365
57
109
-699
546
28
-581
-377
-80
405
-197
1122
62
-612
-106
62
-109
1104
-181
-288
-420
94
-460
-1269
-1253
106
-88
-405
-310
-297
-660
275
13
6
984
-227
-836
40
-574
-232
671
-152
693
575
-1261
1426
474
804
1733
398
486
363
1053
-297
143
404
-235
247
-703
-324
-1096
-480
-553
112
350
1641
30
775
553
-163
-37
-55
-1170
288
-724
172
-349
491
80
-309
-333
-157
-679
1368
-1377
1496
-578
45
91
254
718
-939
75
84
504
-7
-604
-1226
45
-499
-413
17
-135
-279
265
382
903
926
-185
316
-128
615
567
-1139
-550
99
-23
423
-57
399
95
915
-232
-603
-1362
-1674
810
-627
-296
-277
-300
1199
119
-1187
1938
861
179
560
871
-151
-169
-319
1384
305
1397
-661
-857
-682
-44
-270
-560
154
-681
329
-186
-414
-541
-250
-639
-542
299
-54
14
616
270
220
178
829
-369
-484
239
936
1151
-508
-724
882
523
539
-256
-445
-840
273
105
568
-823
-313
-631
-260
505
-965
380
-604
327
331
1043
-514
-406
-678
-120
748
-890
-334
-75
69
-572
74
1551
135
280
31
718
-7
-766
-228
-920
214
129
-172
-415
613
454
433
-318
-455
249
-695
-710
-452
-447
279
855
-176
-679
-209
-257
756
157
-178
16
-959
554
-357
155
772
88
199
-369
174
428
1286
-193
-768
593
694
1539
269
391
-1327
-849
-903
340
1348
456
-116
-405
312
-796
-775
-414
-744
-687
476
157
-1654
1518
-1236
-107
1611
-896
-242
27
304
-521
-671
283
710
-106
-120
-75
-432
336
169
259
-236
583
-1215
638
-74
986
-881
-21
32
-109
-579
-1153
-89
-57
-295
977
191
-317
117
352
586
155
632
-250
765
-618
525
-157
359
-518
1201
523
359
30
-1136
478
37
-509
1217
-25
-457
-614
-309
269
43
40
58
502
196
1105
-218
-843
-304
-198
-231
-154
623
894
-185
-751
-603
-861
-154
342
202
53
661
875
-350
-449
320
565
393
1339
464
-688
-524
-1099
285
170
551
-1405
700
460
569
652
738
-97
-348
520
-258
65
-824
270
-321
158
-180
-1276
-361
815
282
-568
-728
88
94
710
956
-413
241
162
57
315
-636
40
-146
439
161
-573
-51
-787
-1295
521
847
468
450
-112
-488
2218
-405
866
-135
-715
-433
-240
-1378
258
483
-72
-344
24
748
291
-573
-38
265
373
-214
-663
24
-309
459
-328
174
-485
-142
32
138
-1036
-281
835
518
-533
-1334
169
-627
424
1030
-599
246
482
437
1055
1117
-672
485
74
842
447
-542
763
470
-6
-777
-170
-992
190
1017
-157
536
221
-280
1069
580
618
-481
312
144
567
-88
-420
-451
-259
817
1012
-828
-703
-73
476
-744
-1906
-125
-428
1059
834
-795
972
-1000
544
-701
957
279
-19
1495
1037
-114
476
688
315
-923
246
-1108
-518
-1066
674
-172
-579
-152
831
-309
-492
596
-288
-256
614
-290
89
967
155
159
-940
-230
321
-505
619
656
365
853
-878
360
319
-307
11
-326
-923
309
-576
-650
477
885
363
259
-418
323
1319
1497
244
279
127
-69
956
-1114
82
270
633
-162
246
28
-637
28
-935
1375
578
-1491
-696
57
-187
-30
510
692
644
-230
-1893
-502
-1242
-499
-79
366
-786
-497
-786
-3
-201
853
-456
-1215
-1255
-617
789
-291
1091
-209
-146
-373
-802
969
186
342
504
194
-235
-412
26
-634
1441
-794
-46
310
-191
-364
-457
958
557
-725
184
-143
1249
-764
537
-1170
-505
-10
-499
103
111
564
-783
503
-222
936
277
603
-5
-64
-1040
37
984
-791
112
35
-661
-216
0
-556
165
-1645
-1082
-37
-608
1006
-326
1518
-24
-200
-1183
757
-396
897
546
-841
-40
4
-416
387
208
-59
-130
39
-271
-979
419
-1114
268
-55
281
384
170
-398
259
-62
363
-203
511
1232
-871
-547
470
-964
990
1050
-343
-246
-132
130
699
-14
-517
-308
-1300
1006
-392
574
135
-565
-554
1022
-1241
1087
-147
355
-1290
181
256
840
1395
225
-661
-192
587
667
409
549
-522
-1205
-786
-216
305
-1177
123
156
-198
-557
-44
459
819
109
252
-327
451
-616
709
-10
268
-415
42
787
502
190
300
-86
-111
1205
-642
991
-546
852
-482
-705
-335
-1152
-313
-781
547
127
1137
728
933
-72
579
-409
482
745
331
-69
-305
229
-147
110
94
-1566
-158
-248
-280
-524
575
482
-383
-897
150
-197
167
-411
-477
-431
-402
-414
740
624
-24
-674
239
-202
606
-417
-153
1145
60
877
-816
-240
646
790
43
-370
-1029
-468
1479
1029
413
-698
-1415
580
-266
74
317
-236
-212
113
521
-501
131
-481
1061
-439
423
823
584
-1280
-109
611
-37
164
578
258
-308
89
203
221
-1036
491
-292
-327
-942
-968
809
-722
-71
-1175
892
342
-748
-1500
529
1332
-1276
93
349
668
253
-436
723
648
368
-1164
-66
-323
138
716
-611
539
514
627
-1381
-316
101
-655
-350
-150
489
1383
-235
-235
29
148
-437
99
493
-525
-776
-1006
19
212
713
170
614
828
110
-344
-21
708
-630
-2054
-226
1066
-568
196
1234
105
314
186
-997
-86
-1139
-148
1268
-558
-538
-1093
106
-587
-885
1380
-422
591
40
-569
485
182
142
-346
401
488
-438
654
-142
301
799
29
557
-309
684
-314
-1744
-633
-1110
-622
801
-503
640
-547
-613
180
-224
93
964
-309
782
-219
281
-476
1106
457
-74
1009
244
-1304
734
-668
848
362
408
172
-227
316
31
459
-1039
65
-437
-16
-623
-1363
-595
-1463
-720
-1078
207
-434
113
421
390
-127
1050
504
-722
-323
696
-54
824
268
-520
-212
-291
869
-682
676
373
411
832
-536
-477
-227
-61
33
473
-121
-883
-503
-1219
159
539
-419
615
-500
346
-414
495
690
804
-581
-550
-209
-643
436
-956
-338
530
283
452
338
-100
418
-281
-775
404
-490
377
435
689
475
-318
-495
811
332
-419
394
-188
-625
496
-682
-244
-596
225
143
-358
-262
-344
711
-513
81
-300
-401
565
-800
155
-739
847
755
67
-325
933
-386
-766
1108
427
334
-940
623
78
-878
605
1176
239
277
226
-835
78
1198
1040
-656
-759
312
1276
620
1424
170
923
-203
352
-580
-696
525
-35
611
140
208
736
72
710
94
307
-916
112
-505
947
70
-815
-144
-1103
-1619
-936
-365
-522
-83
526
-390
-414
-440
146
994
-344
1008
-843
273
-540
11
562
340
-568
459
118
-869
-239
-377
-321
80
747
306
-106
-174
883
741
145
-152
490
-241
690
-1028
-867
585
-204
422
-188
494
-466
389
220
185
-259
515
245
1092
766
218
-96
-959
263
-14
-150
-1093
526
1116
679
-716
429
-83
437
543
-46
3
465
-730
424
861
-622
-1198
-172
731
-634
61
-806
81
224
1081
-298
-1175
-997
-326
-367
-179
128
-880
2048
-387
-83
-110
-1297
-72
-711
-950
-66
307
105
-777
-263
333
-740
-24
-687
-40
533
715
388
584
679
450
229
26
548
-216
-838
698
-199
-322
594
35
-368
-468
-398
684
-699
-478
-442
312
-485
808
-1090
-410
733
333
417
-937
-919
-266
-95
-805
303
-397
418
637
-119
488
-1125
926
239
-273
-47
-153
209
-953
117
-124
-592
-216
646
-125
307
-362
173
-24
59
-59
11
314
-239
-327
-132
153
-404
-387
511
95
686
195
-769
520
458
-178
414
-341
-217
70
107
-215
-436
293
64
-62
-942
-722
-819
-180
-262
-346
-990
-794
-151
415
-872
-12
-155
-151
305
102
-1163
-131
-1207
-166
307
-1159
-749
962
-582
-426
-201
-316
-351
-63
211
-55
-532
-1091
-814
257
289
292
285
820
-1117
159
-237
19
-313
-67
-647
-325
-260
323
734
308
1018
537
49
-361
-684
-327
-209
-347
364
-890
38
927
-539
703
1587
825
-192
756
222
889
205
-748
-533
208
-424
-57
-559
814
890
903
-527
566
610
579
-222
-232
66
204
-447
774
-710
941
-817
-920
783
629
219
867
-562
927
369
-665
225
-41
-1197
539
-437
119
930
1728
195
-99
-905
-752
673
-337
-749
-254
-280
-837
-417
1148
35
-185
1287
871
-293
-1020
-154
142
-429
422
-177
630
151
120
-226
133
-349
49
-616
-1101
-485
35
732
317
-523
-147
577
356
-1057
203
324
177
-563
1129
384
479
-1408
-860
-855
431
147
916
-164
-341
-526
392
-627
469
-691
940
-751
-139
-491
643
159
-14
-693
-3
219
222
-172
828
-92
349
743
-418
-512
-135
75
108
-91
-65
-226
-279
288
-862
-695
-616
-848
421
-658
-492
-1513
820
-454
-913
65
672
-1339
327
-196
505
617
-1503
1468
314
123
966
1095
1391
607
30
707
270
-310
-695
88
148
452
-413
406
23
411
-589
-355
652
683
324
317
83
25
845
-471
-749
-494
428
-941
-974
-1072
521
262
-731
258
-285
-682
-645
-609
876
162
42
-537
-708
-483
-889
493
207
-67
207
761
-259
126
-901
-283
-93
-581
-173
-489
-303
-500
758
-954
128
645
93
-588
65
-1167
477
90
-1042
-225
517
349
167
884
560
797
1096
484
-512
26
-802
-22
228
1417
-658
172
165
-139
647
-517
-195
496
725
-365
-921
-716
119
-732
-309
281
392
-401
53
-1040
-243
-294
762
-273
659
624
-124
-1044
-1446
1565
589
-1287
316
-94
-1104
391
-384
404
307
-62
443
-108
325
-1001
-278
69
1359
-657
278
676
-518
314
-1023
82
-463
-323
242
-327
-628
370
-632
502
866
789
-167
282
-220
-414
533
-332
-944
-1293
-136
-97
-346
466
383
136
325
-534
470
724
-603
51
239
-624
493
224
116
-285
609
675
-395
-291
507
446
-124
105
-167
-527
162
597
-10
130
-283
-286
555
462
-604
1284
-662
-550
26
-734
-143
-871
708
-519
-367
-130
492
835
-364
275
26
184
898
-98
-895
-182
546
-121
404
-166
666
-104
454
727
750
636
766
767
524
-689
-199
-698
-80
-702
454
-196
-582
-553
2
-663
240
-71
95
-593
493
-572
-160
-372
-12
608
-1462
-823
819
262
1017
-1024
-51
-594
-154
346
156
409
-687
-1579
97
-280
-925
-76
-1172
264
-651
141
121
-376
-952
-1438
726
-635
400
-387
190
-312
628
-889
1360
-194
472
-534
421
-511
-699
-234
325
720
-834
742
-840
-12
-808
-501
361
-524
237
1466
-377
136
-1000
264
-280
-300
89
70
619
814
-115
-833
-384
-1176
-64
1093
767
-85
-719
536
1061
551
773
254
-147
32
-328
84
-329
-983
722
221
-391
-288
176
-511
-273
-351
820
-1022
-707
346
879
-35
764
76
-57
-327
-1108
-679
-427
27
596
639
491
-1539
175
-943
-186
485
-854
-316
1098
-194
-27
-685
-228
-142
181
389
-1235
1034
-105
383
-532
-1032
-534
225
846
743
-306
21
264
1008
105
381
-1130
-666
1377
-618
-976
39
673
296
-429
691
-538
-781
329
-385
94
713
-170
-58
673
44
214
687
90
-284
408
54
137
228
-185
-521
82
46
1199
443
-614
-70
52
-101
227
-777
373
24
-12
-525
-375
148
-30
-542
-296
408
-109
221
33
-693
1140
-142
106
1208
1489
-220
763
106
509
43
-574
-239
-117
-984
-554
-700
754
-177
-571
-453
255
453
-783
-699
-471
-271
-720
127
-211
-504
-404
1429
660
-60
-424
-1278
729
135
-947
530
-1000
-347
-74
185
551
651
211
-779
-215
-275
176
1005
316
757
1258
1760
4
344
-12
-1034
-509
405
-138
444
867
820
485
-160
213
-852
421
517
300
19
917
-487
1293
807
-202
-60
661
-499
581
123
-457
-880
-383
-516
508
-147
-180
1080
-254
573
-67
-1299
426
-81
-164
-216
-621
601
553
-377
-796
-671
241
-318
-260
636
-78
-158
794
193
504
-770
-649
-960
-806
225
152
-521
-250
914
-1118
578
-796
227
-157
509
538
766
-225
520
541
-513
-351
47
-706
450
815
-934
-337
-324
114
1004
273
-1313
-25
-276
1106
204
-1375
1035
-1025
397
502
1258
-95
-967
954
10
-378
785
-346
-235
360
857
780
294
-779
-729
-1378
-603
-195
540
-677
809
1019
-35
228
-898
-411
488
-132
98
1488
-216
-128
-731
246
268
-424
-384
-482
-143
-358
-541
-669
-334
191
-1509
-339
-320
-555
993
383
445
139
-384
-1072
-932
-320
-140
