50 100 676
0 0
0 7
0 19
0 45
1 30
1 39
2 9
2 15
2 30
3 0
5 14
5 17
6 15
7 3
7 21
7 25
8 9
8 10
8 17
9 0
10 49
11 35
11 37
12 8
12 27
12 43
13 28
13 48
15 1
15 15
15 22
15 31
15 34
16 7
16 18
16 29
16 42
17 1
17 43
18 11
19 12
19 46
20 25
21 7
22 1
22 12
22 23
22 43
22 48
24 1
25 34
25 44
26 7
26 29
27 28
27 36
28 20
28 49
29 25
29 27
29 44
30 35
31 15
31 27
31 35
32 29
33 1
33 9
33 16
33 39
34 3
34 21
35 24
35 42
36 13
36 46
37 3
37 8
37 40
38 5
38 33
39 17
39 35
40 20
40 29
41 20
41 36
42 15
42 16
42 20
42 34
43 19
44 13
45 22
45 29
45 36
46 21
48 35
49 1
49 29
43
0
37
51
96
86
6
67
88
9
97
2
20
16
19
50
14
74
84
38
46
61
30
87
42
78
23
45
68
29
5
92
62
89
48
44
47
1
13
82
21
76
40
79
26
85
18
31
56
94
98
70
77
39
36
41
64
71
7
28
58
3
57
22
52
55
32
10
4
27
49
66
8
90
93
81
69
80
34
25
83
35
59
72
33
65
15
91
95
54
73
11
12
75
24
53
60
17
99
63
458
-89
-1896
-400
-568
323
764
-702
476
888
-136
-638
-91
675
-1239
640
37
-819
27
1038
-386
99
-588
-846
452
645
-1000
-323
436
-684
1439
112
49
345
-408
776
142
673
616
499
892
-783
-360
779
200
403
128
-394
-933
-1138
1046
540
966
-361
-219
428
-450
-759
-561
-96
722
-955
-161
877
237
-112
401
391
-102
370
182
1061
241
21
-50
512
-479
318
267
115
1120
1305
992
334
657
139
-657
865
550
410
-901
640
-330
-508
114
-266
-962
1011
103
-380
-815
-785
29
558
199
-143
921
-195
-719
-48
-533
-512
495
-158
1339
-523
-1258
95
-497
-2
362
-572
-372
381
1309
101
661
1055
710
41
-344
794
376
-934
584
-635
477
-243
-915
-617
428
-340
886
-169
395
218
-177
650
-211
652
-17
809
-50
343
411
282
895
-726
-585
684
296
-35
1796
310
692
-157
-327
668
-476
-1327
484
419
95
-191
721
-525
1262
-73
557
178
67
915
-563
163
-64
39
-755
262
850
-416
145
365
-168
-814
-161
690
443
537
-314
137
326
711
485
-188
179
-596
-544
186
-554
333
58
-72
-591
-473
-1000
-214
-461
-28
69
-676
438
414
-1118
155
71
-19
217
13
-1591
-348
-731
854
1651
-292
-974
-644
-1524
-156
-7
-339
-1600
-260
-1556
-888
-348
-335
128
299
-725
-944
477
889
982
-215
1043
-884
393
-194
-866
-289
-471
-1122
-82
-460
-705
172
-169
416
-660
-282
-23
-270
-640
-731
114
-166
337
378
-181
-713
38
1132
380
-45
-279
613
997
249
740
-207
894
-867
-313
-367
155
-632
-255
-748
-892
-1000
-389
939
-760
-815
859
744
-26
691
1192
-192
-1277
-270
-912
-183
-89
133
1541
501
-179
-156
135
1552
1369
722
-139
-556
-467
549
-87
818
-402
-1254
-552
163
1124
-29
-309
1
-365
-1165
461
51
1421
251
-300
-382
784
-722
78
-559
529
484
198
-778
984
-161
581
292
-671
-446
613
-137
278
789
303
-581
284
-279
-649
-181
-1068
335
16
799
-1276
287
338
241
8
2
499
-578
-63
-504
741
-499
1087
495
-753
79
124
-493
1095
-463
770
1697
397
-11
802
252
453
-448
403
-818
119
-188
-931
-1126
69
-633
72
15
-247
917
90
-200
-1045
-284
-383
-519
59
94
84
-501
-744
477
-22
-933
-1086
-533
-788
-806
339
-189
-759
-200
27
333
891
1111
-990
799
479
-720
-4
270
956
-516
13
-199
-363
-71
441
-213
-1154
-4
-353
-258
1216
-1202
-1128
221
574
72
225
-993
-858
24
707
-1196
368
471
592
-401
104
-322
-250
-108
-12
319
683
271
-451
-148
141
88
-1108
-243
-125
819
-575
173
244
219
94
522
-385
-229
56
588
-45
-446
629
-247
-818
740
255
287
-64
142
536
-692
-432
-130
78
-451
290
-743
-580
-428
989
390
85
806
-447
-406
-297
-466
-400
1221
298
67
3
-296
68
371
807
-79
305
1180
1034
-716
-88
-144
-390
479
-216
875
928
-634
-175
190
2047
54
-1295
1318
916
-339
746
-116
947
-405
122
-83
279
598
-982
-62
-205
476
536
128
359
-24
-642
100
-653
719
-962
-23
285
356
186
1001
234
89
184
-390
569
-58
22
-382
47
329
823
-269
-139
415
47
-55
758
-1199
-618
203
-291
-1826
-621
-349
-425
1044
-875
-696
152
-669
-340
-1136
781
-596
445
-958
707
32
130
-89
1573
-193
-848
-1083
1882
155
372
1130
-79
904
-1284
27
-1285
-278
3
-277
665
2089
-392
-1559
-284
687
-189
-632
664
308
-2
-615
-688
-441
287
1204
610
-67
1305
639
-590
-61
649
-707
-919
-172
236
-8
497
-584
105
-412
571
-398
1330
299
-327
-328
193
513
1027
-176
59
-420
521
49
813
-1157
989
515
1935
117
581
962
667
-811
-1357
287
351
-348
1110
179
231
1226
13
-225
750
774
-478
555
-549
-592
473
-361
3
-290
-61
-1118
88
-462
1097
-577
532
61
988
-318
691
141
702
1316
517
57
-963
837
-515
-43
103
859
-86
-353
201
1342
-70
-511
-1535
-556
774
-113
-2019
1448
801
422
14
657
-1891
242
-1048
633
-25
-248
-726
-14
-185
47
17
560
572
935
767
187
-1465
195
74
478
-847
-1494
-118
198
-1031
-23
1515
-392
366
-719
488
116
-1056
-447
267
-366
140
173
138
-738
780
438
277
488
-1328
336
-188
-5
-1091
610
129
-684
1446
1101
1004
432
-539
560
-195
-779
513
694
-403
474
159
-773
-96
-782
31
276
824
868
94
-222
175
-691
738
-472
-548
-573
-16
306
-546
404
806
-654
-509
167
-29
1033
-552
35
-414
1236
827
-341
223
-150
1000
-276
115
-373
-321
-321
-81
-21
-526
945
457
-1001
441
1518
61
-894
-356
-1867
568
-186
95
-36
1533
-714
257
231
255
-101
-155
226
-724
-297
-808
-466
612
-1030
-964
-84
407
269
772
-36
291
67
-79
403
-989
551
446
-447
174
-436
-111
-310
-1116
-463
-392
1351
160
-216
532
507
970
-105
-552
389
-579
1241
908
418
193
548
1384
412
706
-575
-493
1486
-838
1145
8
-669
-616
-986
-212
53
405
893
-699
-859
582
-152
-334
-24
-915
694
-327
-1194
-101
-68
-143
-565
-63
-802
248
829
-175
-348
-349
-360
386
250
-30
1542
-422
-125
-469
-216
395
302
1558
-590
695
107
-11
23
586
-1319
-311
-493
1410
-1184
-797
405
1149
-162
21
254
202
-31
-427
484
235
-885
477
-1102
973
470
401
71
-75
-1006
1079
1407
193
-841
-144
1507
422
-783
402
138
-400
623
1474
619
-799
577
292
-106
-139
202
-467
372
-131
1
134
-639
557
162
-3
-259
-641
-351
-1182
-1300
-1043
-863
-3
848
1370
-979
1094
549
-188
-732
-370
632
-39
-573
-572
904
-780
189
-673
538
-613
-64
303
51
733
1781
1889
312
843
122
539
137
800
-337
195
669
903
-433
557
-428
5
243
-673
-1443
1153
1100
-800
623
197
-1369
-332
162
-1442
-1305
842
713
28
-575
-546
-507
-321
-364
-1057
-116
919
1702
97
795
-805
-681
-710
-840
664
1440
-229
363
-1939
1062
-1484
-244
1016
-252
-356
-423
-850
527
-350
-106
-405
703
-693
289
391
-643
1130
-258
160
145
-734
275
1341
90
-655
1467
-116
-565
-1339
883
380
146
-381
-67
671
-141
534
-723
6
-822
-352
305
-1400
82
-638
-127
-401
676
1422
592
608
976
-392
617
221
-553
118
-465
55
532
-244
-181
-148
-38
-6
167
-110
39
-729
-645
472
808
-273
-730
21
-640
655
-188
-833
208
-27
-659
248
205
-269
-220
539
-841
-1156
-139
1182
40
-557
-573
154
247
-1066
-825
41
723
-390
-594
-186
-1409
-527
558
1136
-590
-321
-357
441
1746
-700
11
-666
-944
-1207
-166
565
344
166
356
-1091
550
796
673
585
560
0
-567
475
-893
378
204
167
-414
754
416
-320
-1216
-715
1469
-181
741
167
-224
-551
581
235
493
75
-464
1164
984
-487
-1154
-685
-281
476
-794
1698
203
-261
11
628
-388
110
-383
1024
-343
-68
-1099
-621
85
912
663
1061
668
-612
1257
-608
154
-551
-309
582
780
44
60
-299
-754
393
772
597
216
361
259
1326
36
-1750
534
-791
-554
269
70
-190
174
-551
519
1650
133
537
60
-1352
-605
-933
-533
108
117
-410
-290
-243
-112
55
-1022
443
-480
458
15
322
53
-1405
40
-1102
285
232
460
-449
-350
391
-215
993
-934
-157
-666
379
-558
1621
879
-248
322
1481
-752
-147
514
1735
-159
160
99
-646
12
1445
-178
256
777
728
-495
-370
-595
-1638
-526
-230
310
-33
35
-220
-353
-359
-677
1078
594
-783
-23
-49
1451
-22
1207
-2011
-257
-815
117
-1399
461
-1347
195
758
-311
-912
86
-426
-1127
782
-103
429
1475
-352
55
-1501
803
-1143
487
1249
6
-240
361
849
493
1829
-1515
-828
-159
-152
157
-151
55
-975
204
-222
-1553
497
-226
-245
59
-111
312
531
174
-1350
10
-175
-132
-1388
291
252
-960
503
-220
-1017
-25
-562
-1052
-160
400
1452
333
-173
-136
-380
-815
-958
-731
106
-993
8
-655
-532
272
1181
783
201
-174
614
-1291
684
687
601
525
-343
231
-1109
-771
468
292
301
-1588
304
192
-752
-344
-1787
-521
576
-549
-144
-212
506
-812
420
-191
-926
164
-666
-144
-174
325
466
-426
-369
-568
-176
737
439
602
681
473
-996
430
-551
-748
-133
60
1602
1059
567
197
92
-1080
310
-722
456
549
1049
726
289
-1429
132
842
917
623
-1071
-32
157
-733
-1820
-35
-888
-554
1459
-242
-481
142
541
-129
-151
-561
101
735
-1299
-322
-978
176
-823
57
976
56
-282
-42
597
74
22
-597
-994
-382
35
291
940
381
250
599
-802
643
-564
-820
-70
644
-817
-36
85
298
184
-954
369
-22
620
-212
-110
-402
-814
510
409
552
-1250
1108
436
-175
1440
498
-289
127
491
-418
-916
1228
87
-678
404
-265
433
35
-217
74
-131
312
-206
459
-1996
701
-328
211
273
344
732
221
703
1728
87
-210
-398
-18
-586
-1066
314
-259
427
332
-73
-608
262
118
-1051
-510
152
1213
-747
15
-141
1364
236
-162
-1125
118
1858
838
-236
533
-64
291
198
-310
-458
-1388
-498
-293
192
-123
-136
-171
384
1192
364
127
321
446
979
-314
-261
414
-392
-568
-987
-74
-1842
654
-843
260
-205
-102
-1895
-205
-629
-1873
332
571
-786
936
426
765
-863
-713
-502
-450
165
-25
890
-143
-655
309
620
1142
-925
-731
16
1219
-1721
724
-1234
-678
400
-107
498
-866
439
521
-187
-417
-1675
188
-356
-498
28
-425
-847
1651
-543
12
-97
178
327
-84
-73
-385
-271
353
135
340
402
-950
1302
-1332
-587
-278
23
-257
531
-10
52
-1265
727
334
584
-467
-229
1064
-59
999
1280
-604
154
-522
564
1836
667
190
6
114
716
692
-285
-543
-679
-654
-1516
-975
-939
-666
328
-801
-794
-214
-418
-1102
413
167
-1915
127
-784
-35
-1014
-731
877
-453
708
647
749
-484
57
-680
408
-157
919
-188
-1277
29
-317
-356
1264
-541
-1114
-542
-1132
-554
-382
-1013
-742
-981
-474
84
-242
-111
-455
380
-469
-83
1143
-387
706
-210
325
91
40
-25
758
-508
-362
61
-281
-438
-454
-549
-81
399
-662
-113
-184
490
1313
-479
992
366
947
-985
-323
401
-448
-857
-328
809
-991
-247
-568
482
141
-638
341
838
723
983
-1265
580
968
-233
761
507
375
-121
-1610
168
-901
1411
558
-455
1283
187
403
-1131
178
249
-223
-1013
510
-476
461
1039
327
-1021
106
1184
-270
-160
-450
755
951
-1113
-1061
581
-318
445
126
482
4
-679
-382
-1283
443
-721
-393
-572
-802
993
54
-1079
-96
-610
-300
165
-132
-503
186
-771
287
-816
-725
162
38
-452
-160
421
-302
-1513
69
-22
708
26
-337
427
-580
-276
513
1480
-418
-96
-1473
-606
-398
23
-222
-1723
-422
202
479
124
-375
-2574
-164
-110
-880
-1182
-464
208
-111
-358
1883
562
1537
340
-192
155
327
554
-911
-286
-821
-683
-96
-322
-689
137
-1030
-564
337
271
-473
484
-553
-814
1263
-1202
-169
136
-671
734
-201
861
-611
-871
545
70
-423
-604
737
-326
250
178
-178
282
-674
486
15
-505
539
-607
325
-359
335
188
224
-533
1342
-866
776
-126
683
649
604
-784
39
-139
402
-1077
127
410
1414
380
-195
-599
-512
546
-699
624
-561
885
1007
13
-1342
-256
1042
125
-1128
877
-155
555
1166
233
881
-5
-367
-706
-213
44
-667
-192
-79
341
298
-426
57
-503
1140
483
146
872
-4
499
343
-459
-257
-410
-58
-459
989
-216
484
-611
-265
-788
117
-650
-255
-338
461
-680
-479
-467
1786
22
-476
-1014
-580
-1137
-757
494
-42
-620
-194
280
-1033
-882
-373
273
-461
-718
244
30
1103
576
-503
312
-372
1053
-335
956
-665
203
-1470
641
-1240
106
643
515
-689
-1210
553
-1010
-156
492
-178
-1569
-425
597
902
-197
554
-785
160
-352
150
-271
288
461
-1325
85
-417
480
-462
159
772
388
-174
1087
484
1319
-774
-693
202
822
451
493
382
1206
244
-637
72
299
-674
-78
-535
-1132
401
705
598
842
35
401
132
307
-778
821
-320
-186
567
156
226
642
-174
1003
-447
-333
323
380
-906
1434
687
103
528
201
63
885
161
-514
-717
-800
-1087
301
-484
-232
311
-502
-246
1530
-984
1329
523
-808
233
-537
-1091
-3
-279
-346
-775
-1183
168
-1164
-339
375
-496
-85
729
-380
699
-40
77
115
-235
256
-35
-276
721
14
876
347
347
738
177
422
-756
435
1076
-609
-261
-233
328
-612
103
-674
834
-634
1609
-377
511
497
120
294
585
192
-139
336
-183
158
-190
-472
-279
97
-608
145
514
-918
185
969
869
-191
-1172
-30
905
-1257
-436
1654
-203
-449
-1424
796
-95
-546
-204
-1230
479
224
-156
515
122
261
193
1195
1099
465
-1295
560
92
8
-723
1333
-65
162
340
123
761
1012
-1284
-351
545
-112
719
-23
71
-479
807
-1271
705
597
437
-719
-525
8
15
979
1575
1057
-369
-567
-160
385
-492
-820
-223
-265
-5
240
-442
1135
171
-871
-366
12
777
-828
431
-244
752
713
-145
285
352
340
1648
928
-1712
206
-866
-535
-57
-185
-848
558
-136
-598
1275
-429
-623
542
-524
679
389
268
745
-199
-1262
-299
-542
720
-624
-476
-215
-87
181
295
-548
-352
-563
-345
-70
466
-384
247
597
613
124
-938
177
866
74
168
-196
-595
685
16
1729
-302
-254
48
259
667
-292
-247
-256
-283
-719
-1303
466
-359
-359
-313
-217
-649
553
222
553
848
-291
-1500
953
306
901
-600
-1184
272
297
991
-416
1429
377
124
89
-244
858
-236
355
-70
-286
307
1540
285
138
487
-953
830
288
-273
170
137
243
-1231
-1218
-518
-1815
-492
551
-850
-166
-165
1164
640
1131
-526
449
-1029
496
948
716
-369
-767
537
-764
245
709
-645
-267
-138
362
-935
-367
250
-65
406
-1065
529
-94
259
-348
865
153
-72
363
159
24
-433
729
701
-518
334
602
-467
998
431
240
45
-139
-501
-404
1057
-1214
2822
460
-48
-182
647
532
-173
84
579
-863
-70
-1026
-642
1287
527
-35
140
358
34
775
-671
247
785
162
377
660
-196
50
595
-581
132
882
-616
-215
588
-134
235
-578
-888
328
738
-140
-120
-73
-923
966
-910
450
-130
266
227
-378
-197
-119
872
-406
670
776
-684
124
191
416
-242
912
142
59
-499
45
567
729
-682
-39
1634
-349
1
-257
-706
1
1396
691
-819
375
999
16
-576
86
334
-526
585
343
175
789
-407
563
1143
-558
-59
-1319
45
-4
580
291
-3
-711
520
-278
-370
-439
-1400
-2
2080
452
862
-997
-928
526
-470
335
686
-511
-681
-23
-431
115
698
-920
-298
749
593
-66
710
588
903
-702
353
106
925
-587
438
59
-343
44
1312
286
289
-114
377
-1150
-541
905
31
807
411
-854
-325
1035
1232
476
275
41
1261
486
-553
-596
-277
198
1336
279
-75
837
1600
622
422
79
-420
-268
-171
-787
-133
544
-636
-383
-558
192
-457
-1151
-977
38
-192
-153
-379
307
34
456
400
36
-36
446
-504
-486
809
-291
-1056
431
-496
56
317
-339
-254
245
374
-567
-315
674
97
-850
622
246
-182
417
-425
-459
0
721
486
-418
617
96
-1297
242
-1010
142
-45
-247
342
-1268
665
29
415
-79
342
-176
1343
-208
-213
419
-303
2
-1106
373
-333
-1423
54
-349
-1119
224
516
-174
151
136
-122
-375
1029
-1151
-726
-1609
771
390
-352
356
40
73
436
-838
-265
-593
762
239
167
-109
185
-545
-436
231
-1129
528
691
693
-356
-446
222
-1028
197
-338
175
-113
-947
-284
260
-155
-548
-797
-223
-721
40
770
-598
-77
286
-28
98
-876
434
-89
-745
214
590
319
-1107
-377
-521
1766
-689
22
170
406
561
372
1746
-475
-755
998
-1196
-129
-861
159
-537
-387
-1476
-432
-1055
-55
819
-846
962
-122
-385
-41
174
-726
129
889
118
616
639
570
403
520
-1235
-95
-197
364
316
603
-58
-693
-620
-2353
158
13
-847
666
-484
885
-180
214
77
-296
566
-88
431
474
669
699
583
80
128
-1252
87
-995
448
-260
-1057
1246
-612
-455
1174
-257
-474
115
274
495
395
139
-149
888
92
-294
89
1170
439
213
-211
-343
-841
-14
1076
-35
1087
26
-1202
241
-302
60
212
-591
-397
-1254
895
-48
317
226
-1164
49
-441
478
717
299
-275
323
-572
-441
-86
-931
-152
369
-278
117
1322
-1374
771
-243
260
460
-502
389
-949
944
-790
255
299
329
372
-261
-143
-491
-168
1140
501
711
281
-1589
-553
315
1329
-250
860
319
-601
-1348
-1010
809
643
-1121
218
224
-227
-937
-281
392
896
-214
149
183
-216
-4
92
-243
-451
368
-781
-191
-312
1363
92
-290
-300
366
-319
103
-371
595
-1057
-143
125
-35
-1885
500
161
520
-45
166
-177
91
27
146
98
1824
-1163
-497
-71
13
295
580
495
38
-553
497
227
152
1084
-346
-447
565
753
-663
247
-186
-537
-554
-156
788
976
-548
-219
423
-1326
-89
1393
899
443
-454
-532
-605
-836
-1042
675
1106
-522
-189
-702
-459
-338
832
564
-647
-478
-411
807
-1292
267
-66
-556
-304
528
1061
-727
-943
957
-1525
-615
-801
-55
1064
208
-1860
-161
-353
-410
-398
385
-173
1077
417
-530
6
750
-602
-116
-9
-445
297
892
-422
-11
-1021
196
86
-975
313
-364
1072
-1291
482
-387
-1297
32
-276
262
-138
-208
-537
266
-850
678
90
-195
-644
-734
351
46
-232
928
761
-215
-13
-433
-1093
1056
-63
124
57
-516
164
-1234
-243
244
-132
207
-928
1300
89
-47
-396
-337
-748
-313
691
657
537
-813
1366
387
215
-105
864
118
-420
-148
-605
-1105
22
300
-173
751
-398
-1358
-601
-1662
1462
4
832
473
866
-486
458
-451
-1131
-207
-648
-317
300
11
516
415
1754
-221
1362
-183
-276
-239
83
-1481
69
352
361
-1
-229
977
-494
-55
-350
-1012
3
-612
-47
870
-261
150
-127
82
-45
589
-531
-577
-1060
-234
-897
-610
475
241
1128
1295
579
-688
766
308
271
629
-165
624
226
80
1076
-39
213
405
-1262
930
-643
43
-264
-110
-537
367
1257
-434
-847
-836
-935
-55
-246
711
-290
-872
303
-107
-948
900
965
-188
158
-319
-37
-1029
-278
-93
86
685
102
669
-226
-321
9
913
263
1464
313
814
-2
-693
-464
1071
-341
-383
-581
956
-744
0
1669
-188
326
562
1105
-2496
1784
-201
113
-6
218
-585
-824
-201
105
-724
596
1105
-1186
-917
1301
699
1130
940
944
643
1091
-917
253
572
1044
-156
1990
96
-276
1638
1323
914
306
-1083
472
823
367
-123
-1488
-729
-930
-689
-999
-387
1452
137
-834
988
-974
573
-321
1256
2118
-1199
511
163
-70
136
1174
278
936
510
-281
-616
940
2238
707
877
-185
750
-175
735
57
21
-40
646
-127
-19
-4
-43
1010
905
-194
-562
-616
365
-405
-1545
-47
-266
-100
488
138
-895
-386
-936
702
-843
137
459
-41
586
-601
227
120
630
-12
-548
-709
847
-33
-117
-224
1463
276
-892
273
1290
-697
157
-247
164
618
646
183
515
21
1381
-543
-93
1223
987
-804
-335
1003
223
98
755
1148
32
407
227
1141
376
600
-800
-1027
470
89
-180
-761
-295
268
479
-53
426
607
623
-577
817
463
-1626
227
331
-633
-234
149
112
-104
-870
-151
1289
-904
-397
77
261
-461
-108
113
-204
984
-798
245
258
-263
778
-1174
-71
320
-1692
88
-537
185
1241
-325
1074
96
-996
260
-747
-681
507
528
998
544
-547
361
1743
656
-140
360
385
1710
298
677
651
42
158
678
846
115
-85
541
773
563
428
276
-260
-77
-524
701
-176
-768
774
855
-928
-35
-712
-681
1100
-874
478
718
847
95
285
-531
444
716
-6
90
725
-721
506
-365
27
-274
337
-4
-240
163
350
-608
-156
-294
979
-630
1285
565
1005
-703
-537
721
897
-1457
928
-26
-476
-914
-137
1038
150
-73
-1432
-1206
310
-153
537
-181
-741
693
-669
-763
-916
1070
-5
-348
251
-306
-430
-372
-488
-347
72
-1513
796
532
-805
-1491
-15
430
-539
-321
-351
-274
319
-443
713
305
-132
-839
1364
-969
-223
372
-39
-586
-5
-760
-340
-734
-483
206
-618
-1259
901
214
-798
26
314
1150
-380
-381
655
-139
-537
77
-1677
1673
-545
-1033
506
678
847
-741
-283
-501
-521
-107
478
-749
875
752
-203
-106
-231
96
-104
-155
234
598
-633
-310
194
880
953
-171
-690
-1202
213
-462
819
976
-499
-338
-896
412
221
79
-505
536
158
-140
-484
-355
107
265
-155
-731
-1461
-97
-159
1023
-880
192
198
880
144
-468
-430
793
-1680
458
-257
-335
601
91
-573
-142
-610
-255
394
-381
263
-201
1227
-369
1763
-649
622
-480
-67
-960
163
-369
-84
-307
-786
-49
-985
-62
211
472
-164
353
-710
1819
-247
-352
-474
332
-559
1067
27
769
-111
1190
-824
331
-180
-442
987
1116
82
710
74
-162
491
-15
256
-75
1017
186
-669
-936
1783
135
890
-210
753
-1280
838
138
193
-908
-652
362
355
-1056
-125
-648
514
-566
217
590
-503
61
9
-170
-333
-1130
799
-230
-580
-215
-2124
227
-537
-706
1267
-20
-949
-406
1777
-459
-571
-1372
57
-781
289
754
509
-63
728
941
-113
509
492
934
563
1583
-352
304
-584
-265
883
370
-147
192
-95
113
768
169
-142
62
153
-327
701
-516
-663
619
249
192
-1135
822
825
101
889
-1014
-464
-481
905
-1210
374
-203
-707
296
-992
1386
-286
-166
541
978
288
1141
-253
-566
427
1923
-322
-798
-1219
-1038
-479
-550
340
-1935
222
549
364
961
245
57
461
630
-161
-55
-242
37
99
258
400
-100
-1192
351
260
1909
142
-175
-690
-1001
906
95
87
70
414
98
7
-833
1669
117
-869
148
-429
-826
607
565
-2527
-772
214
776
952
442
-791
349
559
-126
243
231
36
129
-571
-704
-969
217
-287
1376
-493
487
960
-706
887
-548
81
-1082
974
-1323
398
-698
835
-780
1182
-189
-842
463
292
187
634
-843
640
-238
-262
-353
-28
-750
-1112
-1207
-472
-454
-417
-899
508
986
599
25
734
387
-323
-563
-404
604
-687
1379
-15
299
-354
-265
96
-180
-479
-345
891
-912
-846
-259
-745
498
651
1061
-1042
162
-35
169
468
968
-377
24
1396
328
-77
-640
202
-568
94
-155
59
932
433
373
-141
-43
423
-177
467
540
-554
13
314
801
-982
-254
-7
-407
151
311
-882
577
221
603
-252
344
-269
110
-446
-117
1121
84
-416
-1488
-368
-267
-1834
372
1095
-799
352
-549
160
-828
416
26
306
-630
-741
36
928
-200
-70
1917
153
-879
-311
-505
-69
-596
46
215
505
-465
306
55
-605
-657
843
600
1001
1182
392
-252
-87
-369
674
178
461
-929
-233
-611
-1238
-136
-776
-246
74
196
631
-859
-835
619
951
403
-230
330
-332
-282
-64
81
-1580
1117
80
-140
-779
-281
-814
58
-965
275
13
-1364
-500
322
267
-135
196
1610
-662
-1287
-369
468
462
-720
-294
-873
-803
14
-1580
1126
-995
318
-1319
-343
193
430
-713
-1083
-460
-214
544
-159
1658
458
-531
-183
184
614
-902
-420
-1409
24
-2037
875
619
-306
-801
218
-1387
399
959
1414
113
-578
-325
-820
-603
-318
-521
354
253
563
658
-428
74
-251
1079
1789
-581
902
-642
-1074
-849
467
1509
-344
-121
814
1577
-165
-563
-817
-369
-454
-374
534
160
-1583
130
853
-84
-517
-680
790
-1478
28
907
-803
567
-1404
312
221
894
124
928
707
200
1512
1147
635
472
273
-1025
-652
218
-1474
585
58
244
496
153
-605
654
611
-1146
240
169
-32
-183
-13
-421
-107
-83
538
379
1213
428
-8
-692
577
1033
-446
-354
-76
1139
-9
242
65
491
-731
-667
147
740
1685
-1148
429
-75
100
284
-365
-487
-26
-156
276
346
-640
787
-278
805
259
-453
164
799
-320
182
-586
-644
-251
958
1319
455
-104
-278
-1358
-39
-765
637
-700
-92
594
1409
547
908
933
-68
-820
-602
368
-1200
195
-408
-469
-818
-985
946
-225
-1318
-569
-401
-545
-782
96
-299
1104
-9
375
-1520
-675
-850
62
104
-642
-44
-478
66
-532
1043
-360
-1214
-791
367
-909
-1210
-499
33
955
214
-519
1016
997
-1468
-114
529
220
805
-726
-381
-202
963
-871
-12
-122
-364
-116
-605
414
-35
-215
244
-779
879
-67
-358
502
-425
296
-1481
-786
-124
-511
-47
-584
65
409
351
787
-252
-935
327
131
-260
47
183
686
111
296
595
937
75
-58
-294
-1198
234
-251
1239
130
-1000
-144
1452
36
-891
-307
217
731
80
115
1290
-720
834
353
807
-75
-823
-228
23
-344
813
287
-761
207
904
-91
-890
-560
526
-755
-180
386
642
43
6
-501
158
1112
-364
-1611
33
1430
396
0
-109
27
-60
216
-202
-911
115
-944
-1026
-643
22
1057
439
-225
-726
-208
354
243
-439
198
8
-223
1108
219
331
763
277
872
-168
484
198
294
-783
374
1206
604
-569
-536
38
214
-36
798
-308
508
-43
-70
-139
-255
-655
665
111
244
-303
-340
5
769
181
1109
388
153
358
884
509
-530
823
-42
688
-960
994
-515
193
1261
889
22
-771
-1213
-142
-76
-78
-5
758
353
-39
-911
-839
1890
-480
408
-1198
-714
677
262
-460
-69
730
315
-186
628
255
-815
-177
-1049
-515
-723
779
528
-435
-691
-410
110
138
-697
-666
201
725
-86
1071
-338
1353
-308
-428
-1075
-284
-497
-904
-62
-260
298
-1094
93
380
-259
-223
-964
1693
-1323
-105
280
-1062
-419
-328
1007
-526
-945
757
-750
-322
-513
852
-1412
88
648
-1230
-750
-1120
821
-318
-35
-12
214
-507
779
787
56
-409
-758
-826
-166
899
341
449
63
1115
724
676
410
17
-6
-44
-147
1013
591
995
-390
249
407
-66
-1121
295
202
618
1243
785
-496
-454
441
143
-1029
-452
797
1157
578
15
667
720
558
-685
248
1282
-390
-628
-143
-699
943
-1026
545
-775
-658
-85
-284
-149
-405
-274
-1140
-249
-1017
366
-490
49
487
66
37
497
1119
-1902
-1055
1080
-64
-906
776
-246
-378
-136
984
112
1819
799
-782
-514
-334
-1184
5
1013
-144
74
-123
-646
325
-609
-1372
430
-71
-186
-1699
-165
406
-246
-199
-741
-830
-765
-442
3
-19
-630
309
385
719
530
-913
403
871
-627
1008
-1173
1058
-580
132
957
5
-671
-150
-54
-921
404
737
-155
1390
-479
-34
220
-110
96
111
-419
191
210
-44
-127
557
920
1
-419
-715
-846
185
-177
-453
1068
-875
-23
-522
1013
-991
715
264
365
-676
143
1411
-490
-188
-360
129
37
-572
653
240
79
-327
340
-911
-263
-400
926
413
-337
556
725
860
-1423
-797
-218
-1605
-50
-25
748
386
-873
1390
712
1997
-1321
1232
918
1419
-127
-1247
493
683
407
-344
613
-1514
484
-94
490
1537
-474
-233
-398
-367
708
-583
-305
-1662
-841
-58
318
-89
-69
284
271
-356
-700
-1086
-467
671
-428
143
-1381
534
-534
-238
-457
-362
651
380
400
-802
-305
-594
-634
723
1595
-59
324
-533
96
1083
249
-110
-1796
3
-161
-51
477
-1012
-711
225
1032
876
496
-2307
-275
-806
335
-383
-310
-310
770
308
-392
1288
613
-166
445
798
-18
-239
691
-62
-82
653
-674
517
-317
-1132
132
-414
412
-195
231
975
-1184
-312
275
698
-248
-360
557
-318
-379
52
-1514
-199
1900
203
540
133
644
-58
121
-35
601
-528
1494
325
509
-457
291
705
83
-18
103
783
238
-71
1845
-224
300
262
414
719
-87
94
95
-66
-433
613
-989
1397
-256
-402
-990
814
297
170
1433
-79
-517
767
-846
527
911
1009
-838
526
-179
2159
513
260
-597
586
-94
-5
-680
-740
455
686
45
-77
206
419
301
-678
-455
-567
-347
686
-686
122
635
286
-723
171
225
605
922
-578
-106
561
408
-347
427
876
805
359
531
1273
492
1027
672
1015
826
38
-231
-1233
1130
-1017
195
-146
-87
-237
1160
658
389
-26
54
182
592
-774
-419
498
145
-643
-128
-297
-273
254
906
1000
-2
-446
556
764
-450
-395
251
-614
70
109
1113
-154
-304
-780
637
637
-437
567
-763
-169
-212
-478
-135
626
-1000
824
225
602
415
1491
-338
208
423
-367
-754
-1271
-171
1174
897
372
-1313
505
-5
-666
-401
291
-583
69
519
-245
191
-938
-236
116
95
-241
1157
31
-458
298
-454
650
-161
-977
33
784
274
286
229
536
167
875
-381
-157
358
-192
-1408
-1318
744
-1219
-1018
486
-435
275
-282
1580
-781
-492
-213
22
-644
36
1055
670
-963
239
947
1121
514
-818
1473
26
431
461
-545
-438
-366
-362
-723
-625
-145
1526
198
-747
-158
-126
-493
-134
-638
85
19
880
-727
124
-85
70
-401
5
1246
-635
-858
2207
-952
-562
1371
-271
731
-113
454
304
-321
-122
-1227
-240
-22
333
-975
637
-230
644
135
498
-575
751
175
-181
-618
799
502
413
-891
1230
163
-1596
-220
-779
-688
524
921
-420
-82
-100
842
271
1403
-803
185
-258
536
-354
443
881
758
-610
41
-12
448
594
-637
-682
443
909
-490
203
-1306
-216
-284
393
-296
-525
-258
238
-830
-379
635
-82
332
-434
43
277
56
-34
-1022
336
-212
-597
-497
663
-535
-516
583
906
-254
-953
807
-591
-97
-196
845
246
880
720
285
184
-237
-412
21
-198
106
522
-452
-481
-658
622
715
207
466
-204
340
-760
458
-495
-407
150
-685
61
662
-104
1015
-709
78
532
-312
-292
208
589
-359
-463
10
-535
-470
127
536
-994
-862
648
1555
684
-394
-258
-362
31
384
62
1196
599
-470
-414
393
705
208
-131
799
1092
-147
432
334
-235
-1067
-281
-724
1533
986
890
1577
-1106
-323
-1054
-131
1232
795
102
50
-343
983
-30
-172
1108
-954
157
490
775
-237
-90
60
-227
943
-506
935
555
367
755
-1001
-1387
-295
-824
-331
-402
170
-414
-259
-5
723
-389
-645
-245
-284
-336
-14
276
458
-71
-42
267
-25
-147
698
437
892
-5
617
-344
713
-62
-482
-391
789
-481
-577
-970
-433
-635
1281
552
-121
-185
-1138
12
146
-111
598
1193
45
-792
-1128
-589
355
621
1006
-1647
260
194
-1906
-158
808
771
-767
-1957
-96
50
264
259
-683
-781
757
-174
-295
124
753
624
-448
-229
-114
76
326
390
-809
-235
-252
-77
-1125
-781
1032
270
-859
690
-1108
154
474
446
1069
-80
-458
849
403
-332
34
-17
-478
593
879
-313
-646
320
167
-271
-377
576
1299
272
661
-156
362
32
941
-320
-1461
-247
-799
86
-280
-18
315
1352
-881
-892
-199
-272
626
-1514
202
-944
53
-524
1
-1493
782
-197
97
-65
377
572
58
1165
-975
-436
1007
-1387
226
573
116
-76
1110
910
370
-612
-527
-505
-50
423
117
757
-647
-138
-392
457
159
-97
-823
-31
161
362
441
1529
-787
135
-114
143
716
93
-481
-636
287
-821
-860
-340
548
-331
344
-512
241
-181
474
-510
-537
723
-1037
85
-742
-401
280
575
-666
-289
-384
-7
116
-1469
310
438
301
-1552
309
-46
-118
-1260
209
-40
-708
-488
282
295
412
932
-724
0
-2095
-214
-586
795
-1400
449
342
130
-511
-67
469
-132
21
85
-387
-697
-976
1720
-1352
119
-154
-1164
98
11
-45
-805
-195
127
42
731
-22
869
-607
-218
427
1446
56
-1045
-904
-1502
-236
638
464
118
-795
1383
1053
-1284
270
-1086
340
303
214
518
240
386
47
1549
-587
-652
-34
-335
92
-471
633
-722
-1
714
1535
-178
-624
-408
-1186
-1103
636
1046
-350
219
96
-211
-448
-59
-108
396
671
352
1341
-548
767
714
-189
1076
437
558
-356
733
1226
-218
992
-178
10
-50
87
751
1155
1466
290
236
-878
-626
-643
750
1256
-485
98
-362
-60
-412
625
897
1408
802
-981
502
795
936
68
315
-484
274
37
437
-734
1723
-435
1108
496
1101
314
1
-118
436
-1289
-706
78
-9
2515
330
63
-500
810
762
-1079
449
-463
-251
273
1205
-1151
-593
46
-728
372
100
510
397
-500
953
30
114
390
317
-323
569
-622
625
361
210
805
1215
-544
-207
538
-83
128
-630
-671
695
-1247
-444
1235
123
-1798
633
851
-1428
825
-400
-1737
-222
-286
-885
338
-111
1123
449
-539
1561
149
-627
906
-766
-211
-973
147
998
-59
18
-668
-631
-741
426
-207
7
-384
-900
337
-326
-812
1204
302
1023
-911
852
388
420
-265
655
721
-613
233
-2028
337
-720
-749
-1186
-104
-68
-442
-544
111
-832
-375
-1105
-733
-701
-11
-448
-526
-183
-188
-683
460
-204
1034
-359
429
-894
333
-773
-588
-404
187
692
485
-510
42
53
759
-63
-298
386
1048
-87
-397
150
565
-231
-763
535
-73
-1544
166
-99
-1367
99
-677
1113
59
535
-128
80
-362
321
-472
709
251
-531
-903
-229
135
2113
-2317
-834
61
437
-842
-21
853
1344
1109
-578
-626
-969
357
-1159
-552
133
397
782
-173
-365
-300
183
-615
685
204
-135
-481
1014
976
722
-534
817
-53
-604
1170
-656
1619
326
264
-47
-531
-902
-217
307
-157
-597
512
-171
1226
499
-1000
-132
-606
-454
89
-251
177
675
-547
35
1695
-568
-251
1156
524
-998
156
-508
55
-17
77
288
-289
936
240
-435
-1642
-135
129
-893
-118
-1107
-1788
-146
153
318
-33
-961
-143
147
928
-492
217
-231
-3
510
-733
5
523
910
453
103
-20
-478
576
381
1157
-4
-656
-120
-43
680
-673
743
108
-330
-245
1732
672
-1223
-434
-69
961
424
-243
-873
119
-1043
941
1054
-960
-220
129
-36
-114
74
440
252
799
754
570
-505
-548
-25
465
206
32
-1102
209
-695
-141
892
873
402
712
181
196
-1103
-678
-1099
-363
-526
-175
433
-1753
473
-154
-720
646
-153
-1236
1001
-921
126
-795
-611
-508
-735
712
-4
1014
-65
-818
-327
-1050
-337
-473
905
151
-326
69
-348
-642
-284
392
-1113
723
-12
-278
-1139
-748
-181
-614
856
-409
-117
-4
-13
812
-286
10
928
-325
-951
413
-726
774
989
-894
-1723
-47
-958
-571
825
1020
-466
816
639
76
618
1142
-711
219
1534
86
116
-561
401
684
-368
-1170
524
319
571
959
1
-438
243
-334
315
712
564
19
-1379
-1378
-1134
424
-823
179
-346
62
34
192
398
1057
-661
-268
631
-18
-878
-544
-1011
281
-336
365
347
-786
-994
-485
167
-420
-1646
-146
-218
-1009
1023
1562
96
-252
220
-388
1343
-263
246
-233
-80
316
-708
144
299
324
-503
162
-502
-533
308
224
-437
1127
-357
16
127
-132
-440
-1634
-354
-36
809
36
-267
662
-489
514
-419
218
1144
1087
1505
-390
-803
1138
427
329
-327
246
774
-426
316
323
-712
-53
627
-349
-78
-1101
957
-472
934
325
290
-1836
-496
1060
-126
285
188
-666
870
-131
188
-164
-786
1443
-438
1188
-513
1116
43
714
619
391
-686
430
470
-568
462
-208
-73
181
259
563
-222
-460
-889
-743
1256
-436
-911
102
627
-635
180
724
82
-375
725
733
-273
-448
-26
833
-129
-257
-420
594
-455
833
55
1017
642
342
-717
-447
-225
201
-92
465
-553
84
-371
893
-664
158
437
58
780
-436
27
467
155
-614
323
-1088
834
758
-331
585
-1073
-40
653
-593
-21
-481
251
51
443
-11
557
602
306
838
72
-1397
1325
406
-170
-2
-272
192
701
839
871
-372
-693
-561
-1151
-264
422
-870
949
-27
-496
1145
1247
-629
-701
417
706
27
892
135
-203
-559
-202
-327
551
-283
674
-270
-726
363
-464
-349
-1231
135
138
451
-624
613
627
1515
88
-97
-53
-523
-349
922
-308
0
420
836
771
600
-209
-1217
362
-225
-109
299
89
-237
1007
465
-17
-182
1893
251
-3
-201
663
1147
414
-867
635
257
1186
-108
930
-420
606
1984
-937
752
2091
-725
56
-159
511
-258
-80
980
759
-536
77
371
953
404
937
184
1097
-450
500
608
-473
1341
43
-392
-913
253
1571
-371
-365
-176
-1029
139
377
311
-220
334
724
764
1023
228
266
33
164
533
496
856
-455
217
-330
-1593
-348
-206
324
-33
-50
208
-1323
-890
934
-956
510
-1100
-369
-1335
967
485
-273
-538
-209
-1671
406
128
489
317
330
-458
499
-235
39
498
415
412
-409
344
-20
-520
1174
48
-233
-270
18
-507
1068
1413
-691
654
-331
-370
-833
-91
299
-734
-722
-68
778
865
585
-920
393
-739
-784
-853
-496
287
-511
-451
488
499
-88
710
39
-388
-718
1064
81
-215
323
-1025
813
941
-494
461
-988
559
688
-424
-1000
-750
-400
308
-438
-673
198
131
353
783
1407
-16
433
-14
-423
-5
197
960
475
127
96
-1000
-752
-845
665
-131
-128
483
224
560
326
815
416
-898
-937
691
-962
539
193
515
-534
-622
-330
-42
439
-244
30
-184
-498
-859
-610
1040
539
229
344
498
-1213
222
289
-619
-348
-581
649
-1039
-704
-829
43
-167
157
1056
869
98
-646
1590
40
403
-751
992
-140
-211
-156
-326
-1199
-534
480
406
216
721
-1318
-589
89
650
-860
443
-544
1955
167
-975
-263
-204
-754
-267
-47
44
-355
-143
-560
-44
498
1429
627
175
216
-309
676
-1075
1012
-8
637
875
-165
-705
427
-1048
404
-526
-242
-76
98
-386
-492
832
339
424
-350
31
-1032
630
176
-697
634
-128
1168
301
-73
1496
629
274
342
-259
-901
-748
-72
794
-435
933
-512
939
552
-719
393
755
-277
1050
-1713
228
145
-94
-1005
-417
186
-1264
-663
539
857
334
123
442
-285
538
555
-1549
-236
238
-888
-1863
-889
-1
-253
-217
21
-69
-335
446
-100
-419
-24
1125
556
-644
204
1089
-158
-38
139
311
-332
552
-176
1523
1090
-1595
-613
310
-685
52
429
160
478
590
-705
-663
-237
32
-529
-384
615
159
-734
-301
-302
-866
-478
-262
1213
386
524
474
942
-141
-452
-1421
-783
-752
191
1703
488
-406
-108
316
239
0
-512
-36
332
-296
-182
-139
479
-275
349
1551
396
-447
142
551
-1192
501
197
-657
-93
231
972
1072
72
71
255
-176
268
-1552
2027
291
-590
410
152
-383
684
841
-610
217
-462
-325
1071
1723
-502
573
-557
-270
-487
-16
-152
-1291
-549
-878
3
-884
-1010
-129
542
73
-731
-936
402
929
-62
399
163
-130
143
-375
32
-189
-501
-1450
468
-1562
750
-693
-391
64
650
-386
1082
327
-245
-354
1403
-21
-204
-1037
-135
-168
-1726
-280
-98
-1698
-226
-219
-1421
-793
47
-836
361
1036
-76
-84
-258
34
702
722
-359
2125
54
656
420
690
-330
-487
590
-759
513
29
462
176
-557
544
-100
-228
721
-289
-608
-945
926
943
213
-467
40
896
-328
-713
1402
-344
319
891
-423
24
-508
-433
318
153
-70
-81
543
-1248
-986
776
-269
350
523
836
-45
434
193
767
-13
-822
-1228
-501
-324
-814
603
29
1045
108
141
-1654
-532
-159
441
-233
-445
922
28
365
-2408
-667
277
60
-824
-430
-168
-274
812
-261
496
-572
-1519
-280
1350
136
-720
-748
160
-451
80
415
-677
267
-1352
418
27
-1217
-1022
-318
-1150
198
-751
518
-595
-5
-430
815
-38
-822
234
-291
-347
667
728
-509
-469
-16
1220
-185
244
-506
-717
-198
-685
11
39
-567
-246
-153
352
-935
434
357
1162
577
389
-372
460
-929
-213
-377
-883
1050
1191
-325
593
392
-184
452
-30
1754
-63
435
-1061
-246
186
-184
-598
76
-38
-164
8
365
1066
223
483
239
67
436
662
-497
-154
-665
-231
-148
1216
786
411
-571
173
945
648
-1437
322
-363
-1086
508
507
503
85
647
1036
-552
-615
276
-831
-363
299
-1045
-640
1044
172
-1189
495
-553
26
-28
768
929
-1139
-856
174
-573
504
-125
-627
460
-105
-958
138
107
-792
355
-378
-78
-154
-654
1427
-154
-968
717
-445
-484
352
1186
115
806
429
-130
-1088
593
-259
-127
-560
-282
-410
675
294
662
253
-843
-544
864
252
394
-45
318
-556
-1013
987
-1501
577
834
-80
-1916
823
-98
699
699
-427
1146
-416
1060
-284
1112
-404
-336
530
-850
-490
-1073
-258
-881
1911
-279
-1329
57
734
1003
-162
-120
-201
-715
-458
388
-462
765
236
60
-1094
-334
-292
197
-808
250
624
703
-454
-440
741
135
1297
763
195
-715
-1010
280
227
982
-540
114
-943
-239
-806
1222
-150
1256
499
-193
226
-44
-196
-261
-180
-992
444
27
-215
226
577
777
-125
25
344
374
-746
-204
520
-96
1049
-236
-653
406
-387
-259
781
200
-285
188
-570
-430
-1515
324
-1048
-295
577
-260
-943
-889
-80
667
1150
-1563
-284
-56
250
661
-44
297
-517
-610
-907
367
228
-726
-135
-243
-1526
-3
-1761
200
497
-237
-234
268
-1024
669
-138
47
611
-429
900
300
-9
84
-360
899
496
88
-493
-469
-955
756
429
-126
1004
-2116
-967
-361
149
-345
-1614
4
662
758
-1045
-671
-632
672
269
-259
-322
-398
-452
-1490
-1705
382
-638
288
1385
-80
602
172
1039
-325
-777
-207
1383
-389
-453
-671
63
490
436
-100
-260
21
-42
-617
556
-117
-709
627
-821
-829
503
-1545
-1653
480
-220
-168
646
-1438
1024
366
1556
-245
53
176
-835
-1077
-1473
-898
-222
1032
695
330
510
-1887
-15
-979
64
2159
-551
614
6
314
11
326
1010
832
248
1416
-320
287
-354
298
425
-323
-1057
-206
203
734
995
-200
-191
-641
445
455
-674
892
747
264
-43
-784
577
167
671
410
642
-673
-1373
-1436
-596
-482
-928
1768
151
849
519
-191
-125
-119
414
-356
-1087
-1073
835
959
-428
-926
-904
-749
1407
1236
1108
-7
-10
783
-169
125
-364
-298
63
946
-223
-377
2
863
-503
-757
-350
261
522
-127
217
-506
100
417
-355
-969
-826
-9
-10
-575
513
47
-1027
174
302
-103
-882
275
163
-476
-1114
78
1180
840
-692
423
247
268
98
-394
733
-114
-248
75
47
648
95
1787
-812
547
-162
29
-762
-315
-226
-733
-627
-421
383
1098
633
-316
-1222
458
-935
211
1075
695
402
-285
-1274
518
20
-804
-414
-146
418
775
130
-1056
135
-923
228
-7
-329
-377
-120
773
232
1804
373
349
775
-27
281
395
62
118
-756
590
30
-629
-407
-86
438
-213
1213
67
-662
-115
67
-118
1194
-196
-311
-454
101
-497
-1372
-1355
115
-95
-438
-335
-321
-714
297
14
7
1065
-246
-904
43
-621
-251
726
-164
749
622
-1364
1543
512
869
1874
431
526
393
1138
-321
155
437
-255
267
-760
-351
-1185
-519
-598
121
379
1775
32
839
598
-176
-40
-60
-1266
312
-783
186
-377
531
87
-334
-360
-170
-735
1479
-1489
1618
-625
49
98
275
777
-1015
81
90
545
-8
-653
-1326
48
-540
-447
19
-146
-302
286
414
976
1001
-200
342
-138
666
613
-1232
-595
107
-25
457
-62
432
103
989
-251
-653
-1473
-1810
876
-678
-320
-299
-325
1297
129
-1284
2096
931
194
606
942
-163
-183
-345
1497
330
1511
-715
-927
-738
-48
-292
-606
166
-737
356
-201
-448
-585
-270
-691
-586
323
-59
15
667
292
237
193
896
-399
-524
258
1012
1245
-550
-783
954
566
583
-277
-482
-908
295
114
615
-890
-338
-683
-282
546
-1044
410
-653
354
358
1128
-556
-439
-733
-130
809
-963
-361
-81
74
-619
80
1678
146
303
34
777
-8
-829
-246
-995
231
139
-186
-449
664
491
468
-344
-492
270
-752
-767
-488
-484
302
925
-191
-734
-226
-278
818
170
-192
18
-1038
600
-386
168
835
95
215
-400
188
462
1390
-208
-831
642
750
1665
290
423
-1435
-918
-977
368
1458
493
-126
-438
338
-861
-838
-448
-805
-743
515
169
-1789
1642
-1336
-116
1743
-969
-261
29
329
-563
-725
306
768
-115
-130
-81
-467
364
183
281
-256
631
-1315
690
-80
1067
-953
-23
34
-118
-626
-1247
-96
-62
-319
1057
207
-342
126
381
634
168
684
-270
827
-668
568
-170
389
-560
1299
565
388
32
-1228
517
40
-550
1316
-27
-495
-664
-334
291
46
43
63
543
211
1195
-236
-911
-329
-214
-249
-166
674
967
-200
-812
-653
-931
-166
370
218
57
715
946
-379
-486
346
611
425
1448
501
-744
-566
-1188
308
184
596
-1520
757
498
615
705
798
-105
-376
562
-279
70
-891
292
-347
170
-195
-1380
-390
881
305
-615
-788
95
102
768
1034
-447
261
175
62
340
-688
43
-158
475
174
-620
-56
-852
-1401
563
916
506
487
-121
-528
2399
-438
937
-146
-774
-468
-260
-1490
279
522
-78
-372
26
809
315
-620
-41
286
404
-232
-717
26
-335
496
-355
188
-525
-153
35
149
-1121
-304
903
560
-577
-1443
183
-678
459
1114
-648
266
522
473
1141
1208
-727
524
80
910
483
-586
825
509
-6
-841
-184
-1073
206
1100
-169
580
239
-303
1157
628
669
-520
337
155
613
-96
-454
-488
-281
884
1095
-896
-761
-79
515
-804
-2061
-135
-463
1145
902
-860
1051
-1082
589
-759
1035
302
-20
1618
1121
-123
515
744
341
-999
266
-1198
-561
-1153
729
-187
-627
-165
899
-335
-533
644
-311
-277
664
-313
96
1046
168
172
-1017
-248
347
-546
670
709
395
923
-949
389
345
-332
11
-353
-998
334
-622
-703
516
957
393
281
-453
350
1427
1619
264
302
137
-75
1034
-1205
89
292
684
-175
266
30
-689
30
-1011
1487
625
-1613
-753
61
-202
-32
552
749
696
-248
-2047
-542
-1343
-540
-86
396
-851
-537
-850
-3
-218
923
-493
-1314
-1358
-667
854
-315
1180
-226
-158
-404
-867
1048
202
370
545
209
-254
-446
28
-685
1558
-859
-50
335
-207
-394
-494
1036
602
-784
199
-154
1350
-826
581
-1265
-546
-11
-539
112
120
610
-847
544
-240
1012
300
653
-5
-69
-1125
40
1064
-855
121
38
-715
-234
0
-602
179
-1780
-1170
-40
-658
1088
-352
1641
-26
-216
-1280
819
-428
970
591
-909
-44
4
-450
419
225
-63
-141
43
-293
-1058
453
-1205
290
-60
304
415
184
-431
281
-67
392
-220
553
1332
-942
-592
508
-1042
1071
1136
-371
-266
-143
141
756
-15
-559
-333
-1406
1088
-424
621
146
-611
-599
1105
-1342
1176
-159
384
-1395
196
277
909
1509
244
-715
-207
635
721
443
594
-564
-1303
-850
-234
330
-1273
133
168
-214
-602
-48
496
886
117
273
-354
487
-666
767
-11
290
-448
46
852
543
205
325
-93
-120
1304
-694
1072
-591
922
-521
-763
-362
-1246
-338
-844
592
137
1230
788
1009
-78
626
-442
521
806
357
-74
-329
248
-159
119
101
-1694
-171
-268
-303
-567
622
521
-414
-970
162
-213
180
-445
-516
-466
-435
-447
800
675
-26
-729
259
-219
656
-451
-166
1238
65
948
-883
-259
699
854
47
-400
-1113
-506
1600
1113
447
-755
-1531
628
-288
80
343
-256
-229
122
563
-542
142
-520
1148
-474
457
890
632
-1385
-118
660
-40
178
625
279
-333
96
220
239
-1120
531
-316
-354
-1019
-1047
875
-781
-76
-1271
965
370
-809
-1622
573
1441
-1380
100
377
722
273
-472
782
701
398
-1259
-72
-350
149
774
-661
583
556
678
-1494
-342
109
-709
-379
-162
529
1496
-254
-254
31
160
-473
107
533
-567
-839
-1088
21
229
771
183
664
895
119
-372
-22
766
-681
-2222
-245
1153
-615
212
1334
113
340
201
-1079
-93
-1232
-160
1372
-604
-582
-1182
115
-634
-957
1492
-457
640
43
-616
525
197
154
-374
433
527
-474
707
-153
325
864
31
602
-334
739
-340
-1886
-685
-1200
-673
867
-544
693
-591
-663
195
-242
100
1043
-334
845
-237
303
-514
1196
494
-80
1091
264
-1410
794
-722
918
391
441
186
-245
342
34
496
-1124
70
-472
-18
-674
-1475
-643
-1583
-779
-1166
224
-470
122
455
422
-137
1135
545
-780
-349
753
-59
892
290
-562
-229
-314
940
-738
731
404
444
900
-580
-516
-246
-66
35
512
-131
-955
-544
-1319
172
583
-453
666
-541
374
-448
536
746
869
-628
-595
-226
-695
472
-1034
-365
573
306
488
366
-108
452
-304
-838
437
-530
407
470
745
514
-344
-535
877
359
-453
426
-203
-676
536
-738
-263
-645
244
154
-387
-283
-372
769
-554
88
-325
-434
611
-866
167
-800
916
817
73
-351
1010
-417
-829
1198
462
361
-1017
674
84
-950
654
1272
258
300
245
-904
85
1295
1125
-710
-821
337
1381
670
1540
184
998
-220
381
-628
-753
567
-38
661
151
225
796
78
768
101
332
-991
121
-546
1024
76
-881
-156
-1193
-1751
-1012
-395
-565
-90
568
-422
-448
-476
158
1075
-372
1090
-912
296
-584
12
608
368
-614
496
128
-940
-259
-407
-347
87
808
331
-115
-189
955
801
157
-164
530
-260
746
-1112
-937
633
-221
457
-204
534
-504
421
238
200
-280
557
265
1181
829
236
-103
-1038
285
-15
-162
-1182
569
1208
734
-774
464
-90
473
588
-50
3
503
-789
459
931
-673
-1296
-187
790
-685
66
-872
87
242
1169
-322
-1271
-1078
-352
-397
-193
139
-952
2215
-418
-90
-119
-1403
-78
-769
-1027
-72
332
114
-840
-285
360
-801
-26
-743
-44
577
773
420
632
734
487
247
28
592
-233
-906
755
-215
-348
643
38
-398
-507
-431
740
-756
-517
-479
337
-525
874
-1178
-444
793
361
451
-1013
-994
-288
-103
-870
328
-429
452
689
-129
528
-1217
1002
258
-296
-51
-165
226
-1030
126
-134
-640
-233
699
-135
332
-392
187
-26
64
-64
12
340
-259
-354
-142
165
-437
-419
553
103
742
210
-831
562
495
-192
448
-369
-235
76
116
-233
-472
317
70
-67
-1019
-781
-886
-195
-283
-374
-1070
-859
-164
449
-943
-13
-167
-163
329
111
-1258
-142
-1306
-180
332
-1254
-810
1041
-630
-461
-217
-342
-380
-68
228
-60
-575
-1180
-880
278
313
316
308
887
-1208
172
-257
21
-338
-73
-699
-351
-281
349
794
333
1101
581
53
-391
-740
-354
-227
-375
394
-962
41
1003
-583
760
1716
893
-207
818
241
961
222
-809
-576
225
-459
-61
-605
881
963
977
-570
612
659
626
-240
-251
72
220
-483
837
-768
1018
-883
-995
847
681
236
937
-608
1003
399
-719
243
-44
-1294
583
-473
129
1006
1869
211
-107
-979
-813
728
-365
-810
-275
-302
-905
-451
1242
38
-200
1392
942
-317
-1104
-166
153
-465
457
-192
681
163
129
-244
144
-378
53
-667
-1191
-524
38
792
343
-565
-159
624
385
-1143
220
350
191
-609
1221
415
518
-1523
-930
-925
466
159
990
-177
-369
-569
424
-678
507
-747
1016
-812
-150
-531
696
172
-16
-749
-4
237
241
-186
895
-100
378
804
-452
-554
-147
81
117
-99
-71
-245
-302
311
-932
-751
-667
-917
455
-712
-532
-1636
887
-492
-988
70
726
-1449
354
-212
546
668
-1626
1588
340
133
1045
1184
1505
657
33
765
292
-336
-752
95
160
489
-447
439
25
444
-637
-384
706
739
350
343
89
27
913
-509
-810
-535
463
-1017
-1053
-1160
563
284
-791
279
-308
-738
-698
-659
947
175
45
-581
-766
-522
-962
533
224
-73
224
823
-280
136
-975
-306
-101
-628
-187
-529
-327
-541
819
-1032
138
698
101
-636
70
-1262
516
98
-1127
-243
559
378
181
957
606
862
1185
523
-554
28
-868
-24
247
1533
-712
186
178
-150
700
-559
-211
536
784
-394
-996
-774
128
-792
-334
303
424
-434
57
-1125
-263
-318
825
-295
713
675
-134
-1129
-1564
1693
637
-1392
342
-102
-1194
423
-415
437
332
-67
479
-117
351
-1083
-300
74
1470
-711
301
731
-561
340
-1106
89
-501
-350
261
-354
-680
400
-683
543
937
853
-180
305
-238
-447
576
-359
-1021
-1398
-147
-105
-374
504
414
147
351
-578
508
783
-652
56
259
-675
534
242
126
-308
659
730
-428
-315
549
483
-134
114
-181
-570
175
645
-11
140
-306
-309
600
499
-653
1388
-716
-595
28
-794
-154
-942
766
-561
-396
-141
532
903
-393
298
28
199
971
-107
-969
-197
590
-131
437
-180
721
-112
491
786
811
688
828
830
567
-745
-215
-755
-86
-760
491
-212
-630
-598
2
-717
260
-77
102
-641
534
-619
-173
-403
-13
658
-1582
-890
885
283
1100
-1108
-55
-642
-166
374
169
443
-743
-1708
104
-303
-1000
-83
-1268
286
-704
152
131
-407
-1030
-1556
785
-687
433
-418
205
-337
680
-961
1471
-210
511
-577
456
-553
-756
-253
351
779
-902
802
-908
-13
-874
-542
390
-566
257
1586
-407
147
-1081
286
-303
-325
96
75
670
880
-124
-901
-416
-1272
-70
1182
829
-92
-777
580
1148
596
836
274
-159
35
-355
91
-356
-1063
780
239
-423
-312
190
-552
-295
-380
887
-1105
-765
375
951
-38
826
82
-62
-353
-1198
-735
-462
29
645
691
531
-1665
189
-1020
-201
524
-923
-342
1188
-210
-29
-741
-247
-153
196
421
-1336
1119
-114
414
-576
-1116
-577
243
915
803
-331
23
285
1090
114
412
-1223
-720
1489
-669
-1056
42
728
321
-464
747
-581
-845
356
-416
101
771
-184
-62
728
47
232
743
98
-307
441
58
148
246
-200
-563
89
50
1297
479
-664
-76
56
-110
246
-841
403
26
-14
-568
-406
160
-32
-586
-320
442
-118
239
35
-749
1233
-154
115
1306
1610
-238
825
115
551
47
-621
-259
-126
-1065
-600
-757
816
-191
-618
-490
276
490
-847
-756
-509
-293
-779
137
-229
-545
-437
1545
713
-65
-458
-1382
788
146
-1025
573
-1081
-375
-80
200
596
704
228
-843
-233
-297
190
1087
342
818
1361
1904
4
372
-13
-1119
-550
438
-149
480
938
887
525
-173
231
-921
455
560
325
21
992
-527
1398
873
-218
-65
715
-540
628
133
-494
-952
-415
-558
549
-159
-195
1168
-274
620
-73
-1405
461
-88
-177
-233
-672
650
598
-408
-861
-726
261
-343
-281
688
-84
-171
859
209
545
-833
-702
-1039
-871
243
165
-563
-270
989
-1210
625
-861
246
-170
551
582
829
-243
562
585
-555
-380
51
-764
487
882
-1010
-364
-350
123
1086
296
-1420
-28
-298
1196
221
-1488
1119
-1108
430
543
1360
-103
-1046
1032
11
-409
849
-375
-254
390
927
844
318
-842
-789
-1490
-652
-211
584
-733
875
1102
-38
247
-971
-445
528
-143
106
1610
-234
-138
-791
266
289
-459
-416
-521
-154
-387
-586
-723
-361
207
-1632
-367
-346
-601
1074
415
482
150
-415
-1160
-1008
-346
-151
