50 100 729
0 0
0 7
0 19
0 45
1 30
1 39
2 9
2 15
2 30
3 0
5 14
5 17
6 15
7 3
7 21
7 25
8 9
8 10
8 17
9 0
10 49
11 35
11 37
12 8
12 27
12 43
13 28
13 48
15 1
15 15
15 22
15 31
15 34
16 7
16 18
16 29
16 42
17 1
17 43
18 11
19 12
19 46
20 25
21 7
22 1
22 12
22 23
22 43
22 48
24 1
25 34
25 44
26 7
26 29
27 28
27 36
28 20
28 49
29 25
29 27
29 44
30 35
31 15
31 27
31 35
32 29
33 1
33 9
33 16
33 39
34 3
34 21
35 24
35 42
36 13
36 46
37 3
37 8
37 40
38 5
38 33
39 17
39 35
40 20
40 29
41 20
41 36
42 15
42 16
42 20
42 34
43 19
44 13
45 22
45 29
45 36
46 21
48 35
49 1
49 29
43
0
37
51
96
86
6
67
88
9
97
2
20
16
19
50
14
74
84
38
46
61
30
87
42
78
23
45
68
29
5
92
62
89
48
44
47
1
13
82
21
76
40
79
26
85
18
31
56
94
98
70
77
39
36
41
64
71
7
28
58
3
57
22
52
55
32
10
4
27
49
66
8
90
93
81
69
80
34
25
83
35
59
72
33
65
15
91
95
54
73
11
12
75
24
53
60
17
99
63
494
-96
-2045
-431
-613
348
824
-757
514
957
-146
-688
-98
727
-1336
690
39
-883
29
1120
-416
106
-634
-913
488
695
-1079
-348
470
-738
1552
121
53
372
-440
836
153
726
665
538
962
-844
-389
840
216
435
139
-425
-1006
-1228
1128
582
1042
-389
-236
462
-485
-819
-605
-104
779
-1030
-174
946
256
-121
433
422
-110
399
196
1145
260
23
-54
552
-517
343
288
124
1208
1407
1069
360
708
150
-708
933
593
442
-972
691
-356
-547
123
-287
-1037
1090
111
-409
-879
-846
32
602
214
-154
993
-210
-776
-52
-574
-552
534
-170
1444
-564
-1357
103
-536
-2
390
-616
-402
410
1412
109
713
1138
766
45
-371
856
405
-1008
630
-685
514
-262
-986
-665
462
-366
955
-182
426
235
-191
701
-228
703
-19
873
-54
370
444
304
965
-783
-630
737
320
-38
1937
334
747
-169
-353
720
-513
-1431
521
452
103
-206
777
-566
1361
-79
600
192
73
987
-607
176
-69
42
-814
283
916
-448
156
393
-181
-878
-174
744
478
579
-339
147
351
766
523
-203
194
-643
-587
201
-597
359
62
-78
-638
-510
-1078
-230
-497
-31
74
-729
472
447
-1205
167
77
-21
234
14
-1715
-375
-788
921
1780
-315
-1050
-694
-1644
-168
-7
-366
-1725
-281
-1678
-958
-375
-362
138
322
-782
-1018
515
958
1059
-232
1125
-953
424
-209
-934
-312
-508
-1210
-89
-496
-760
186
-182
449
-712
-304
-25
-291
-690
-789
123
-178
363
407
-195
-769
41
1221
410
-48
-301
661
1076
268
798
-223
964
-935
-338
-395
167
-681
-275
-806
-962
-1078
-420
1012
-820
-879
926
802
-28
745
1285
-207
-1377
-292
-984
-198
-96
143
1661
541
-193
-168
145
1674
1477
779
-150
-600
-504
592
-94
882
-433
-1352
-596
176
1212
-32
-333
1
-394
-1256
497
55
1533
270
-324
-412
845
-779
84
-603
570
522
213
-839
1061
-174
627
315
-723
-480
661
-148
299
851
327
-627
306
-301
-700
-196
-1152
362
17
862
-1376
309
365
260
8
3
538
-623
-68
-544
799
-538
1172
534
-812
85
133
-531
1181
-500
831
1830
428
-12
864
272
488
-483
434
-882
128
-202
-1004
-1214
75
-682
78
16
-267
988
97
-216
-1127
-306
-413
-560
64
101
91
-540
-803
514
-23
-1006
-1171
-574
-850
-869
365
-204
-818
-215
29
359
961
1198
-1068
862
517
-777
-4
291
1031
-556
14
-215
-391
-77
476
-230
-1245
-4
-380
-279
1311
-1296
-1217
238
619
78
242
-1071
-925
26
762
-1290
396
508
638
-433
113
-347
-269
-116
-13
344
737
293
-487
-160
153
95
-1195
-262
-135
884
-620
187
263
237
101
563
-415
-247
60
634
-48
-481
678
-266
-882
798
275
310
-69
153
578
-747
-466
-140
84
-487
313
-802
-625
-461
1066
420
92
870
-482
-438
-321
-502
-431
1317
321
72
3
-319
73
400
870
-86
329
1272
1116
-772
-95
-156
-421
517
-233
943
1001
-684
-188
205
2207
59
-1397
1422
988
-366
804
-125
1021
-437
132
-90
301
645
-1059
-66
-221
514
578
138
387
-26
-692
108
-704
776
-1037
-24
308
383
201
1079
253
96
198
-420
614
-63
24
-412
51
355
887
-290
-150
448
50
-59
817
-1293
-667
218
-314
-1969
-670
-377
-458
1126
-943
-751
164
-721
-367
-1226
842
-642
480
-1033
763
34
140
-96
1697
-209
-915
-1168
2030
167
401
1219
-85
974
-1385
29
-1386
-300
3
-299
717
2253
-423
-1681
-306
741
-203
-682
716
333
-2
-663
-742
-476
309
1298
657
-72
1407
689
-636
-66
700
-763
-991
-185
254
-9
536
-630
114
-445
616
-429
1434
322
-352
-354
208
554
1108
-190
64
-453
562
53
877
-1248
1067
556
2087
126
627
1038
719
-875
-1463
310
379
-375
1197
193
249
1323
14
-243
809
834
-515
598
-592
-638
510
-389
3
-313
-66
-1205
95
-498
1183
-622
574
66
1065
-343
746
152
757
1419
557
61
-1038
903
-556
-46
111
927
-93
-381
216
1447
-76
-551
-1655
-600
835
-122
-2177
1562
864
455
15
709
-2040
261
-1130
682
-27
-268
-783
-15
-199
51
19
604
617
1008
827
202
-1580
210
79
516
-914
-1611
-127
214
-1112
-25
1634
-423
394
-775
526
125
-1139
-482
288
-395
152
187
149
-796
842
472
299
526
-1432
362
-203
-5
-1177
658
139
-738
1560
1187
1083
466
-581
604
-210
-840
554
749
-435
512
171
-833
-104
-844
33
298
889
936
101
-239
188
-745
796
-509
-591
-618
-18
330
-589
436
870
-705
-549
180
-31
1114
-595
38
-446
1333
891
-368
240
-162
1078
-297
124
-402
-346
-346
-87
-22
-567
1019
493
-1080
475
1637
66
-964
-383
-2014
612
-201
102
-39
1653
-770
277
249
275
-109
-167
244
-781
-320
-871
-502
660
-1111
-1040
-90
439
290
832
-39
314
72
-85
435
-1067
595
481
-482
188
-471
-120
-335
-1203
-499
-422
1457
173
-233
574
547
1046
-113
-596
420
-625
1338
979
451
208
591
1492
444
761
-620
-531
1603
-903
1235
9
-722
-665
-1064
-229
57
437
963
-754
-927
627
-164
-360
-25
-987
749
-353
-1287
-109
-73
-154
-609
-68
-865
268
894
-188
-375
-377
-388
416
269
-32
1663
-455
-135
-505
-233
426
325
1680
-636
750
116
-12
25
632
-1422
-335
-531
1521
-1277
-859
437
1239
-175
23
273
218
-34
-460
522
253
-954
515
-1188
1049
506
432
76
-81
-1085
1164
1518
208
-907
-155
1625
455
-844
433
149
-431
672
1590
667
-861
623
315
-114
-150
218
-503
402
-142
1
144
-689
601
174
-4
-279
-691
-378
-1275
-1402
-1125
-930
-3
914
1477
-1056
1180
592
-202
-789
-399
682
-42
-618
-616
975
-841
203
-725
580
-661
-69
327
55
791
1920
2037
336
909
132
581
148
863
-363
210
722
973
-466
600
-462
5
262
-726
-1557
1243
1187
-862
672
213
-1476
-358
174
-1555
-1407
908
769
31
-621
-588
-546
-346
-393
-1139
-125
992
1835
104
857
-868
-734
-765
-906
716
1553
-247
392
-2091
1146
-1600
-263
1095
-272
-384
-456
-916
568
-378
-114
-436
758
-747
312
421
-694
1219
-278
173
156
-792
297
1446
97
-706
1582
-126
-609
-1444
952
410
157
-411
-72
723
-152
576
-780
7
-886
-379
328
-1509
88
-688
-137
-433
729
1533
638
655
1053
-423
665
239
-596
127
-501
59
574
-263
-195
-160
-41
-6
180
-119
42
-786
-696
509
871
-294
-788
23
-691
706
-203
-898
224
-29
-711
268
221
-290
-238
581
-907
-1247
-150
1275
43
-601
-618
166
266
-1149
-890
44
780
-420
-641
-201
-1519
-569
602
1225
-637
-346
-384
476
1883
-755
12
-719
-1018
-1302
-180
609
371
179
384
-1177
594
859
725
630
604
0
-611
512
-963
408
220
180
-447
813
448
-346
-1311
-771
1584
-195
799
180
-242
-594
627
253
532
81
-501
1255
1061
-525
-1244
-738
-303
513
-856
1831
219
-282
12
677
-419
118
-413
1104
-369
-74
-1185
-670
92
983
714
1144
720
-660
1355
-655
166
-594
-333
628
841
47
65
-322
-813
424
833
644
233
389
279
1429
39
-1887
576
-853
-598
290
76
-205
188
-595
560
1779
144
579
64
-1458
-652
-1006
-575
117
126
-442
-313
-262
-121
60
-1103
477
-518
493
16
348
57
-1515
43
-1188
307
251
496
-484
-377
422
-232
1070
-1008
-169
-718
409
-602
1749
948
-268
348
1597
-811
-159
554
1871
-172
172
106
-697
13
1559
-192
276
838
785
-534
-399
-642
-1767
-568
-248
334
-35
38
-237
-381
-387
-730
1162
640
-844
-25
-53
1565
-24
1302
-2169
-277
-879
126
-1508
497
-1452
210
817
-336
-983
93
-459
-1215
843
-111
463
1591
-379
59
-1618
866
-1233
526
1347
6
-259
389
916
532
1973
-1634
-893
-171
-163
169
-162
59
-1052
220
-240
-1675
535
-244
-264
64
-120
336
572
187
-1456
10
-189
-142
-1496
313
272
-1035
543
-237
-1097
-27
-606
-1134
-173
431
1566
359
-186
-147
-410
-879
-1033
-789
115
-1070
9
-706
-574
293
1273
844
217
-187
662
-1393
737
741
649
566
-369
249
-1196
-831
505
315
325
-1712
328
208
-811
-371
-1927
-562
621
-592
-155
-229
546
-876
453
-206
-999
177
-718
-155
-187
350
503
-459
-398
-613
-190
795
473
650
735
510
-1074
464
-594
-806
-144
65
1728
1142
612
212
99
-1164
334
-779
492
592
1131
783
312
-1541
142
908
989
672
-1155
-34
169
-791
-1963
-37
-958
-597
1574
-261
-519
154
583
-140
-162
-605
109
793
-1401
-347
-1055
189
-888
61
1052
60
-304
-45
644
80
24
-643
-1072
-412
37
313
1014
410
270
646
-865
694
-608
-884
-75
694
-881
-38
92
322
198
-1028
398
-24
669
-228
-118
-433
-878
550
441
596
-1348
1194
470
-188
1553
537
-312
137
529
-451
-987
1324
94
-731
436
-286
467
38
-234
80
-142
337
-222
495
-2152
756
-354
228
295
371
789
239
758
1863
94
-226
-429
-19
-632
-1149
339
-279
460
358
-79
-656
283
127
-1133
-549
164
1308
-805
16
-152
1471
255
-175
-1213
128
2003
904
-254
575
-69
314
214
-334
-494
-1497
-537
-316
207
-132
-146
-184
414
1285
393
137
346
481
1056
-338
-282
447
-422
-613
-1065
-79
-1986
706
-909
280
-221
-110
-2044
-221
-678
-2020
358
616
-848
1009
459
825
-931
-769
-541
-485
178
-27
960
-155
-707
333
669
1231
-997
-788
17
1315
-1856
780
-1330
-731
431
-116
537
-934
474
562
-202
-450
-1807
202
-384
-537
31
-458
-913
1780
-585
13
-105
192
352
-91
-79
-415
-292
381
145
367
434
-1025
1404
-1437
-633
-300
25
-277
573
-11
56
-1364
784
360
630
-503
-247
1147
-64
1078
1380
-651
166
-562
608
1980
719
205
7
123
772
746
-308
-585
-732
-705
-1635
-1051
-1013
-718
354
-864
-857
-231
-450
-1189
445
181
-2065
137
-846
-38
-1093
-788
946
-488
763
697
808
-522
62
-733
440
-170
991
-202
-1377
31
-342
-384
1363
-584
-1201
-585
-1221
-597
-412
-1093
-800
-1058
-511
91
-261
-120
-491
410
-505
-90
1233
-417
762
-226
350
98
43
-27
818
-548
-390
66
-303
-472
-489
-592
-87
430
-714
-122
-199
528
1416
-517
1069
395
1022
-1063
-348
432
-483
-924
-354
872
-1068
-267
-612
519
152
-687
367
904
780
1060
-1365
625
1043
-252
821
547
404
-131
-1736
181
-971
1522
602
-491
1384
201
435
-1220
192
268
-241
-1093
550
-513
497
1120
352
-1101
114
1277
-291
-172
-485
814
1026
-1200
-1144
627
-343
479
136
519
4
-732
-412
-1384
478
-777
-424
-617
-865
1070
58
-1164
-103
-657
-323
178
-142
-543
200
-832
310
-880
-781
175
41
-487
-173
454
-325
-1631
74
-23
764
28
-363
461
-625
-298
553
1596
-451
-104
-1589
-653
-429
25
-239
-1858
-455
218
517
134
-405
-2775
-177
-119
-950
-1275
-500
224
-119
-386
2031
606
1658
367
-207
167
352
597
-983
-308
-885
-736
-104
-348
-743
147
-1111
-608
363
292
-510
522
-596
-878
1362
-1296
-183
146
-723
792
-217
928
-659
-940
588
75
-456
-652
795
-352
270
192
-192
304
-727
524
16
-545
581
-655
350
-387
361
203
241
-574
1447
-934
837
-136
736
700
652
-845
42
-150
433
-1161
137
442
1525
410
-211
-646
-553
589
-754
673
-605
954
1085
14
-1447
-276
1124
134
-1216
946
-167
598
1257
252
950
-5
-396
-761
-230
48
-719
-207
-85
367
321
-459
61
-542
1229
521
157
940
-4
538
370
-495
-278
-442
-62
-495
1067
-233
522
-659
-285
-850
126
-701
-275
-364
498
-734
-517
-504
1926
24
-513
-1093
-625
-1226
-816
533
-45
-669
-209
302
-1114
-951
-403
294
-498
-774
263
33
1189
621
-543
336
-401
1136
-362
1031
-717
219
-1585
691
-1337
115
694
555
-742
-1305
596
-1089
-168
531
-192
-1692
-459
644
972
-212
598
-847
173
-380
161
-292
311
497
-1429
92
-449
518
-498
171
833
418
-187
1172
522
1422
-834
-748
218
887
486
532
412
1300
263
-687
78
323
-727
-84
-577
-1220
433
760
644
908
37
432
142
331
-839
885
-346
-201
612
169
244
692
-188
1081
-482
-359
348
409
-977
1546
740
111
569
217
68
954
174
-554
-773
-863
-1172
324
-522
-251
335
-541
-266
1650
-1061
1433
564
-872
252
-579
-1177
-3
-300
-373
-836
-1275
181
-1255
-366
405
-535
-91
787
-410
754
-43
83
124
-254
276
-37
-298
777
15
944
374
374
796
191
455
-816
469
1161
-657
-282
-252
354
-660
111
-726
899
-684
1735
-406
551
536
130
317
631
207
-150
363
-197
170
-205
-509
-300
105
-656
157
554
-990
200
1045
937
-206
-1264
-32
976
-1356
-470
1784
-219
-484
-1535
859
-103
-589
-220
-1326
516
241
-169
556
132
282
208
1289
1186
502
-1396
604
99
9
-780
1438
-70
174
366
133
821
1091
-1385
-378
587
-121
775
-25
77
-517
870
-1371
760
643
471
-775
-566
9
16
1055
1698
1140
-397
-612
-173
415
-531
-885
-241
-286
-5
259
-476
1224
184
-940
-395
12
838
-892
464
-263
811
769
-156
307
379
366
1777
1001
-1846
222
-934
-577
-62
-200
-914
602
-147
-645
1375
-463
-672
584
-565
733
419
289
803
-215
-1361
-322
-585
776
-673
-513
-231
-93
195
318
-591
-379
-608
-372
-76
502
-414
266
644
662
134
-1011
191
934
79
181
-211
-642
739
17
1864
-326
-273
51
279
719
-315
-267
-276
-305
-776
-1405
502
-387
-387
-338
-235
-700
596
239
596
915
-314
-1618
1028
330
972
-647
-1277
294
321
1068
-448
1541
407
133
96
-264
926
-254
382
-76
-308
331
1661
308
148
525
-1027
895
310
-295
184
147
263
-1327
-1313
-559
-1957
-531
594
-916
-179
-178
1255
690
1220
-567
484
-1110
535
1022
772
-398
-827
579
-824
264
764
-695
-288
-149
391
-1009
-396
269
-70
438
-1148
571
-101
279
-376
933
165
-77
391
171
26
-467
786
756
-559
360
649
-504
1076
465
259
48
-149
-540
-435
1140
-1310
3043
496
-52
-196
698
574
-187
91
624
-931
-76
-1106
-693
1388
568
-37
151
386
37
836
-724
267
847
175
407
711
-211
54
642
-626
142
952
-664
-232
634
-145
253
-624
-957
354
796
-151
-129
-79
-995
1041
-981
486
-140
287
245
-407
-213
-128
940
-438
722
837
-738
133
206
449
-260
984
153
64
-538
49
611
787
-735
-43
1762
-377
1
-278
-761
1
1505
745
-883
404
1077
17
-621
92
360
-567
631
370
188
851
-439
607
1233
-601
-64
-1423
48
-4
625
314
-3
-767
560
-300
-399
-474
-1510
-2
2243
487
929
-1075
-1000
567
-507
361
740
-551
-735
-25
-465
124
752
-992
-321
808
639
-71
765
634
973
-757
380
114
997
-633
472
64
-370
47
1415
308
311
-123
407
-1240
-583
976
33
870
443
-921
-350
1116
1328
513
296
44
1360
524
-596
-642
-299
213
1440
301
-80
903
1725
670
455
85
-453
-290
-184
-848
-144
587
-685
-413
-601
207
-492
-1241
-1054
41
-207
-165
-409
331
37
492
432
39
-39
481
-544
-524
872
-314
-1139
465
-535
61
341
-365
-273
264
404
-611
-340
727
104
-917
670
266
-196
450
-458
-495
0
778
524
-451
666
103
-1398
261
-1089
154
-49
-266
369
-1368
718
31
447
-85
369
-190
1448
-225
-230
452
-327
3
-1193
402
-359
-1535
58
-376
-1207
241
556
-188
163
146
-132
-404
1110
-1241
-783
-1735
831
420
-380
384
43
79
470
-903
-286
-639
821
257
180
-117
199
-588
-470
249
-1218
569
745
747
-384
-480
239
-1109
212
-365
189
-122
-1021
-306
281
-167
-590
-860
-241
-777
43
830
-644
-83
308
-30
106
-945
468
-96
-804
231
637
344
-1194
-407
-562
1905
-744
24
184
438
605
401
1883
-512
-814
1077
-1290
-139
-929
171
-579
-417
-1592
-466
-1137
-60
884
-913
1037
-131
-415
-44
187
-783
139
959
127
664
689
615
435
560
-1331
-103
-212
392
341
651
-63
-747
-668
-2538
170
15
-913
718
-522
955
-194
230
83
-319
610
-95
465
512
721
754
629
86
138
-1350
94
-1073
484
-280
-1140
1344
-660
-491
1266
-278
-512
124
296
534
426
150
-161
958
99
-317
96
1262
474
230
-228
-370
-906
-15
1160
-38
1172
28
-1297
259
-326
65
228
-637
-429
-1353
965
-52
342
244
-1255
53
-476
516
773
323
-297
349
-617
-475
-93
-1004
-163
398
-300
126
1426
-1482
832
-262
281
497
-541
420
-1024
1018
-852
275
322
355
401
-281
-154
-530
-181
1230
541
767
303
-1713
-596
340
1434
-270
928
344
-648
-1454
-1089
872
694
-1208
235
241
-244
-1010
-303
423
966
-230
160
197
-233
-4
99
-262
-486
397
-842
-206
-337
1470
100
-313
-324
395
-344
111
-400
641
-1140
-154
135
-37
-2033
539
174
561
-49
179
-191
98
29
158
106
1967
-1255
-536
-76
14
319
625
534
40
-596
536
245
164
1169
-373
-482
609
812
-715
267
-201
-579
-598
-168
850
1052
-591
-236
456
-1430
-96
1502
970
477
-490
-574
-653
-902
-1124
728
1193
-563
-204
-757
-495
-364
898
608
-698
-515
-444
870
-1394
288
-71
-599
-328
569
1144
-784
-1017
1032
-1645
-663
-864
-59
1147
224
-2006
-174
-381
-442
-429
415
-187
1161
450
-572
7
809
-650
-125
-10
-480
320
962
-455
-11
-1102
211
93
-1051
338
-392
1156
-1392
520
-417
-1399
34
-298
283
-149
-224
-579
287
-917
732
97
-210
-695
-791
378
49
-250
1001
821
-232
-14
-467
-1179
1139
-68
134
62
-557
177
-1330
-262
263
-142
223
-1001
1402
96
-50
-427
-364
-806
-338
746
709
580
-876
1473
417
232
-114
932
128
-453
-159
-652
-1192
23
323
-187
810
-430
-1464
-648
-1792
1577
5
897
510
934
-524
494
-486
-1220
-223
-698
-342
324
12
556
448
1892
-238
1469
-197
-298
-257
90
-1597
74
379
389
-2
-246
1053
-532
-60
-377
-1091
4
-660
-50
938
-281
162
-137
88
-49
635
-573
-622
-1143
-252
-967
-658
512
260
1217
1396
624
-742
826
333
293
678
-178
673
244
86
1161
-42
229
437
-1361
1003
-693
46
-284
-119
-579
396
1355
-468
-913
-901
-1008
-59
-266
767
-313
-941
326
-115
-1023
971
1041
-203
171
-344
-40
-1110
-299
-100
93
738
110
721
-244
-346
10
985
284
1578
338
878
-2
-747
-500
1154
-368
-413
-627
1031
-802
0
1800
-203
351
606
1192
-2692
1923
-217
122
-6
235
-631
-889
-217
113
-781
643
1192
-1279
-989
1403
754
1218
1013
1018
693
1177
-989
273
617
1125
-168
2146
104
-297
1766
1427
985
330
-1168
509
888
396
-132
-1604
-786
-1003
-743
-1078
-417
1565
148
-900
1066
-1050
618
-346
1355
2284
-1293
552
176
-75
147
1267
300
1009
550
-303
-664
1014
2414
763
946
-199
809
-188
792
62
22
-43
696
-137
-20
-4
-46
1089
976
-209
-606
-664
394
-437
-1666
-51
-286
-108
526
149
-965
-417
-1010
757
-909
148
495
-44
632
-648
245
130
679
-13
-591
-765
914
-36
-127
-242
1577
298
-962
295
1391
-751
169
-267
177
667
696
197
556
23
1489
-585
-100
1319
1065
-867
-361
1082
240
106
814
1238
35
439
244
1231
405
647
-863
-1108
507
95
-194
-821
-318
289
516
-57
459
654
672
-622
881
499
-1754
245
357
-683
-252
161
121
-112
-938
-163
1390
-975
-428
83
282
-497
-117
122
-220
1061
-860
265
278
-284
839
-1266
-76
345
-1825
94
-579
200
1338
-351
1158
103
-1074
281
-806
-735
547
570
1076
586
-590
390
1880
708
-150
389
415
1844
321
730
702
45
170
731
913
124
-91
584
833
607
461
297
-281
-83
-565
756
-190
-829
835
922
-1001
-37
-768
-734
1186
-942
516
775
913
103
307
-573
479
772
-7
97
781
-777
545
-394
29
-295
363
-5
-259
176
377
-656
-169
-317
1056
-680
1386
609
1083
-758
-579
778
967
-1572
1001
-28
-514
-985
-147
1119
162
-79
-1544
-1301
334
-165
579
-195
-799
747
-722
-823
-988
1154
-5
-375
270
-330
-464
-402
-526
-374
77
-1631
859
574
-868
-1607
-16
464
-581
-346
-378
-296
344
-477
768
329
-143
-905
1471
-1045
-240
401
-42
-632
-5
-820
-367
-792
-521
222
-666
-1357
972
231
-861
28
339
1240
-410
-411
706
-150
-579
83
-1808
1804
-587
-1114
546
731
913
-799
-305
-540
-562
-115
515
-808
944
811
-219
-114
-249
103
-112
-167
252
645
-683
-335
210
949
1028
-185
-744
-1296
230
-498
883
1053
-538
-365
-967
444
239
85
-545
578
170
-151
-522
-383
115
285
-167
-789
-1575
-105
-171
1103
-949
207
213
949
155
-504
-464
855
-1812
494
-277
-361
648
98
-618
-153
-658
-275
425
-411
283
-217
1324
-398
1901
-700
671
-518
-72
-1036
176
-398
-91
-331
-847
-52
-1062
-66
228
509
-176
380
-766
1961
-266
-379
-511
358
-603
1151
29
830
-120
1284
-889
357
-194
-476
1064
1204
89
766
80
-175
530
-16
276
-81
1097
201
-721
-1009
1923
146
959
-226
812
-1380
903
149
208
-979
-704
390
383
-1139
-135
-699
555
-610
234
636
-543
66
10
-184
-359
-1219
862
-248
-626
-232
-2291
245
-579
-761
1366
-22
-1024
-438
1917
-495
-616
-1479
62
-842
312
813
549
-68
785
1015
-122
549
531
1007
607
1707
-379
328
-629
-286
952
399
-158
207
-102
122
828
182
-153
67
165
-353
756
-557
-715
667
269
207
-1224
887
890
108
959
-1094
-500
-519
976
-1305
403
-219
-763
319
-1070
1495
-309
-179
583
1055
311
1231
-273
-611
460
2074
-348
-861
-1315
-1119
-517
-593
366
-2087
240
592
393
1036
265
62
497
679
-174
-59
-261
39
107
279
431
-108
-1285
378
280
2059
153
-189
-744
-1080
977
102
93
75
446
106
7
-898
1800
126
-937
160
-463
-891
654
610
-2725
-833
230
837
1027
476
-853
377
603
-136
262
249
38
139
-616
-759
-1045
234
-309
1484
-532
526
1035
-762
956
-591
87
-1166
1050
-1427
430
-753
901
-841
1275
-204
-909
500
315
202
683
-909
690
-257
-283
-381
-30
-809
-1199
-1302
-509
-490
-450
-969
547
1063
646
27
791
417
-348
-607
-436
651
-741
1488
-16
322
-382
-285
103
-195
-517
-372
961
-983
-912
-279
-804
537
702
1144
-1124
175
-38
183
504
1044
-406
26
1505
353
-83
-690
218
-613
102
-167
63
1005
467
402
-152
-46
456
-191
504
582
-598
14
339
864
-1059
-274
-7
-438
163
335
-951
622
239
650
-272
371
-290
119
-481
-126
1208
91
-449
-1604
-397
-288
-1978
401
1181
-862
380
-592
173
-893
448
28
330
-679
-799
39
1000
-216
-75
2067
165
-948
-336
-544
-74
-643
49
232
545
-502
330
59
-652
-709
909
647
1079
1275
423
-272
-94
-397
727
192
497
-1002
-252
-659
-1335
-147
-837
-266
80
212
680
-926
-901
667
1026
435
-248
356
-358
-305
-69
87
-1704
1204
87
-151
-840
-303
-878
62
-1041
296
14
-1471
-540
347
288
-145
211
1736
-714
-1388
-398
505
498
-776
-317
-942
-866
16
-1704
1214
-1073
343
-1423
-370
208
464
-769
-1168
-496
-230
586
-172
1788
494
-572
-197
199
662
-973
-452
-1520
26
-2196
944
667
-330
-863
235
-1496
431
1034
1525
121
-623
-351
-884
-651
-343
-562
381
272
607
709
-461
80
-271
1164
1929
-627
973
-692
-1158
-915
504
1628
-371
-131
878
1701
-178
-608
-881
-398
-489
-404
576
172
-1707
141
920
-91
-557
-733
852
-1594
31
978
-866
611
-1514
336
238
964
134
1001
763
215
1630
1237
685
510
295
-1105
-703
235
-1589
630
63
263
535
165
-652
705
659
-1236
259
182
-35
-197
-14
-454
-115
-89
580
408
1308
462
-9
-746
622
1114
-481
-382
-82
1229
-9
261
70
530
-788
-720
159
798
1817
-1238
463
-81
108
307
-393
-525
-28
-168
298
373
-690
848
-300
869
279
-488
177
862
-346
196
-631
-694
-270
1033
1423
491
-112
-300
-1465
-43
-825
687
-755
-100
641
1520
590
979
1006
-74
-884
-649
397
-1294
211
-439
-506
-883
-1062
1021
-242
-1421
-614
-433
-588
-844
104
-323
1190
-10
405
-1639
-727
-916
67
112
-693
-48
-516
71
-574
1125
-388
-1309
-853
396
-981
-1305
-539
36
1029
231
-559
1095
1076
-1583
-123
571
238
868
-783
-411
-218
1038
-939
-13
-131
-392
-125
-652
447
-37
-232
264
-840
947
-72
-386
542
-458
319
-1597
-848
-134
-551
-51
-630
70
441
379
849
-272
-1008
352
141
-280
50
197
739
119
319
641
1011
81
-63
-317
-1292
253
-270
1336
140
-1079
-156
1566
39
-961
-331
234
789
87
124
1392
-777
899
381
870
-81
-887
-246
25
-371
877
309
-821
223
975
-98
-960
-603
567
-814
-195
417
693
47
6
-540
171
1199
-393
-1737
36
1542
427
0
-118
29
-65
233
-218
-983
124
-1018
-1106
-694
24
1139
474
-242
-782
-225
381
263
-473
214
9
-240
1195
236
356
823
299
940
-181
522
213
318
-845
403
1300
651
-613
-578
41
231
-39
861
-332
548
-47
-75
-150
-275
-706
717
120
263
-326
-367
6
829
195
1196
419
165
386
953
549
-571
888
-45
742
-1035
1072
-556
208
1360
959
24
-832
-1308
-153
-82
-84
-5
818
381
-42
-982
-904
2038
-517
440
-1292
-770
730
282
-496
-75
787
340
-201
678
275
-879
-191
-1131
-556
-780
840
570
-470
-746
-442
119
149
-752
-718
216
782
-93
1155
-365
1459
-332
-461
-1159
-306
-536
-975
-67
-280
321
-1180
100
409
-279
-240
-1039
1825
-1427
-113
302
-1145
-452
-354
1085
-567
-1019
817
-809
-348
-553
919
-1523
94
699
-1326
-809
-1208
886
-343
-38
-13
231
-547
840
849
60
-441
-817
-891
-179
969
367
485
67
1203
781
729
442
19
-6
-47
-159
1093
638
1073
-420
268
439
-72
-1209
318
217
667
1340
846
-535
-490
476
154
-1109
-488
860
1248
623
16
720
777
602
-739
268
1383
-420
-677
-154
-754
1017
-1107
588
-836
-709
-92
-306
-161
-437
-296
-1229
-268
-1097
395
-528
53
525
71
39
536
1206
-2051
-1138
1165
-70
-978
836
-265
-408
-147
1061
120
1962
862
-843
-555
-360
-1277
5
1092
-155
80
-133
-697
350
-657
-1479
464
-77
-201
-1832
-178
438
-265
-215
-799
-895
-825
-476
4
-21
-679
334
415
775
571
-984
434
940
-676
1087
-1265
1141
-625
142
1032
6
-724
-162
-59
-993
435
795
-167
1498
-516
-37
237
-118
104
119
-452
206
227
-47
-137
600
992
2
-452
-771
-912
200
-191
-488
1151
-943
-25
-563
1093
-1068
771
284
394
-729
154
1522
-528
-203
-389
140
40
-617
704
259
85
-352
367
-982
-284
-431
999
446
-364
599
782
927
-1534
-860
-235
-1731
-54
-26
807
417
-941
1499
768
2153
-1425
1329
990
1531
-137
-1344
531
737
439
-371
661
-1633
522
-101
529
1657
-511
-252
-429
-396
764
-629
-329
-1792
-907
-62
343
-96
-74
307
292
-384
-755
-1171
-504
723
-462
154
-1490
576
-576
-256
-492
-390
702
410
431
-865
-328
-641
-683
780
1720
-64
349
-575
104
1168
269
-119
-1937
3
-173
-55
515
-1092
-767
242
1113
945
535
-2488
-297
-870
361
-413
-334
-334
831
332
-422
1389
661
-179
480
861
-19
-258
745
-66
-89
704
-726
557
-341
-1221
143
-446
444
-211
249
1051
-1277
-337
296
752
-268
-388
601
-343
-408
56
-1632
-214
2049
219
583
144
694
-62
130
-38
648
-569
1611
351
549
-493
313
760
90
-20
111
844
256
-76
1990
-242
323
283
446
775
-94
102
102
-71
-467
661
-1066
1507
-276
-433
-1068
878
320
183
1545
-85
-557
827
-913
568
983
1088
-904
567
-193
2329
553
280
-644
632
-101
-6
-733
-798
491
739
48
-83
222
452
325
-731
-490
-611
-374
740
-740
131
685
309
-780
185
242
652
994
-624
-114
605
440
-374
460
945
868
387
573
1373
530
1108
725
1094
890
41
-249
-1329
1218
-1097
210
-157
-94
-256
1251
710
419
-28
59
196
639
-835
-452
537
156
-693
-138
-320
-294
274
977
1078
-2
-481
599
824
-485
-426
271
-662
75
118
1200
-166
-328
-841
687
687
-472
611
-823
-182
-229
-515
-145
676
-1078
888
242
649
448
1608
-364
224
456
-396
-813
-1371
-184
1266
967
401
-1416
544
-6
-718
-432
314
-628
75
560
-264
206
-1011
-255
125
103
-260
1247
33
-494
321
-489
701
-174
-1053
35
846
296
309
246
578
181
943
-411
-169
386
-207
-1518
-1422
803
-1315
-1098
524
-470
297
-304
1704
-842
-531
-230
24
-695
39
1138
722
-1039
257
1022
1209
555
-883
1589
28
465
497
-588
-472
-395
-390
-780
-674
-156
1645
214
-805
-170
-136
-532
-145
-688
91
21
949
-784
134
-92
76
-432
5
1343
-685
-925
2381
-1027
-606
1478
-292
788
-122
490
328
-347
-131
-1323
-259
-24
360
-1052
687
-248
694
146
537
-620
810
189
-195
-667
862
542
445
-961
1327
176
-1722
-237
-840
-742
566
993
-453
-88
-107
909
293
1513
-866
200
-278
579
-382
478
950
817
-658
44
-13
483
640
-687
-735
477
980
-529
219
-1408
-233
-306
424
-320
-566
-278
257
-895
-409
685
-89
358
-468
46
299
60
-37
-1102
363
-229
-643
-536
715
-577
-557
629
977
-274
-1027
871
-637
-104
-212
911
266
949
777
307
198
-255
-444
23
-213
115
563
-487
-519
-710
671
771
224
503
-220
366
-819
494
-533
-439
162
-739
66
714
-112
1095
-764
85
574
-336
-315
224
635
-387
-499
10
-577
-506
137
579
-1072
-929
699
1677
737
-424
-278
-390
33
414
67
1290
646
-507
-446
423
760
224
-141
861
1178
-159
466
361
-254
-1151
-303
-781
1653
1064
960
1700
-1192
-348
-1137
-141
1329
857
110
54
-370
1060
-32
-185
1195
-1028
169
528
836
-256
-97
64
-244
1017
-546
1008
599
396
814
-1080
-1495
-318
-888
-357
-433
184
-447
-279
-5
780
-420
-695
-264
-307
-362
-15
298
494
-76
-45
288
-27
-159
752
472
961
-6
665
-371
769
-67
-520
-422
850
-519
-622
-1047
-467
-685
1382
595
-131
-199
-1227
13
157
-120
644
1286
48
-854
-1217
-635
383
670
1085
-1776
281
209
-2056
-170
872
831
-827
-2110
-103
54
285
279
-736
-843
816
-187
-318
134
812
673
-483
-247
-123
82
352
421
-872
-253
-272
-83
-1213
-842
1113
292
-926
744
-1195
167
511
481
1153
-87
-494
915
435
-358
37
-18
-515
639
948
-338
-697
345
181
-292
-407
621
1400
293
713
-168
391
34
1015
-345
-1575
-266
-862
93
-302
-19
340
1458
-950
-962
-215
-293
675
-1633
218
-1018
57
-565
1
-1610
844
-213
104
-70
406
617
62
1256
-1051
-470
1086
-1496
243
618
125
-82
1197
981
399
-660
-568
-545
-53
457
127
817
-698
-149
-422
493
171
-105
-888
-34
174
390
476
1649
-849
146
-123
154
772
101
-518
-686
309
-885
-928
-367
591
-357
371
-552
259
-196
512
-550
-579
780
-1118
91
-801
-432
302
620
-718
-312
-414
-8
125
-1584
334
472
324
-1674
334
-50
-127
-1359
225
-43
-764
-526
304
318
444
1005
-780
0
-2260
-231
-632
857
-1509
484
369
140
-551
-72
505
-142
23
92
-417
-751
-1052
1855
-1458
128
-166
-1255
105
12
-48
-869
-210
137
45
788
-24
937
-654
-236
461
1560
60
-1127
-975
-1619
-254
688
501
127
-858
1491
1136
-1385
292
-1171
366
327
231
559
258
416
51
1670
-633
-703
-37
-361
99
-508
682
-779
-1
770
1656
-192
-673
-440
-1279
-1189
686
1128
-377
237
103
-227
-483
-63
-116
428
724
380
1446
-591
827
769
-204
1160
471
602
-384
790
1322
-235
1070
-192
11
-54
94
809
1245
1581
313
255
-946
-675
-693
809
1354
-523
106
-390
-65
-444
674
967
1518
865
-1057
541
858
1010
73
340
-522
296
40
472
-792
1858
-469
1195
535
1187
339
1
-127
471
-1390
-762
84
-9
2712
356
68
-539
873
821
-1164
485
-499
-270
295
1299
-1242
-639
49
-785
401
108
550
428
-539
1027
32
123
420
341
-349
614
-671
674
389
227
868
1310
-587
-223
580
-89
138
-680
-724
750
-1345
-479
1332
133
-1939
683
918
-1540
890
-432
-1873
-240
-308
-954
365
-120
1211
484
-582
1683
161
-676
977
-826
-228
-1049
159
1076
-64
19
-720
-681
-799
459
-223
8
-414
-971
364
-351
-876
1299
325
1104
-982
919
419
452
-286
706
778
-661
252
-2186
364
-776
-807
-1279
-112
-74
-476
-587
119
-898
-404
-1191
-790
-756
-12
-483
-567
-198
-202
-737
496
-220
1115
-388
462
-964
359
-834
-634
-436
202
746
523
-550
45
58
819
-68
-322
416
1131
-94
-428
162
609
-249
-823
577
-78
-1665
179
-107
-1474
107
-730
1201
63
577
-139
86
-390
347
-508
764
271
-573
-974
-247
145
2279
-2498
-899
66
471
-908
-23
920
1449
1196
-624
-676
-1045
385
-1250
-596
143
428
843
-187
-393
-323
197
-663
738
220
-145
-518
1094
1053
779
-576
881
-57
-651
1262
-707
1746
352
285
-51
-572
-973
-235
332
-169
-643
553
-185
1322
538
-1079
-143
-653
-490
96
-271
191
728
-590
38
1828
-613
-271
1246
565
-1077
169
-547
59
-18
83
310
-312
1010
259
-469
-1770
-145
139
-963
-127
-1194
-1928
-157
165
343
-36
-1037
-155
159
1001
-530
234
-249
-3
550
-791
5
564
982
489
111
-21
-516
622
411
1248
-5
-708
-130
-46
734
-726
801
117
-356
-264
1868
724
-1318
-468
-74
1036
458
-262
-941
128
-1125
1014
1137
-1035
-237
139
-39
-123
79
474
271
862
813
615
-545
-590
-26
501
223
35
-1189
226
-750
-152
962
941
434
768
195
212
-1190
-731
-1185
-391
-567
-189
467
-1890
510
-166
-777
697
-165
-1333
1080
-993
135
-858
-659
-547
-793
768
-4
1094
-70
-882
-353
-1132
-364
-511
976
163
-351
74
-375
-693
-306
422
-1200
779
-13
-300
-1229
-806
-195
-662
923
-441
-126
-4
-14
875
-309
11
1000
-351
-1025
445
-783
835
1066
-964
-1858
-50
-1033
-616
889
1100
-502
880
689
82
667
1231
-767
236
1655
93
126
-605
433
738
-397
-1262
565
344
616
1034
1
-473
262
-361
340
768
608
20
-1488
-1486
-1223
458
-887
193
-373
67
37
207
429
1140
-713
-289
680
-20
-947
-587
-1090
303
-362
394
374
-847
-1072
-523
180
-453
-1775
-158
-235
-1088
1104
1684
104
-271
237
-418
1448
-283
265
-251
-86
341
-763
155
323
350
-542
175
-542
-575
332
242
-471
1215
-385
17
137
-143
-474
-1762
-382
-38
872
39
-288
713
-528
555
-452
235
1234
1172
1623
-421
-866
1227
461
355
-353
265
835
-460
341
348
-767
-57
677
-376
-84
-1187
1032
-509
1007
351
313
-1980
-535
1143
-136
307
203
-718
939
-142
202
-177
-848
1556
-472
1281
-553
1204
47
770
667
422
-739
464
506
-612
498
-224
-78
195
279
607
-239
-497
-958
-802
1355
-470
-982
110
676
-684
194
781
89
-404
782
791
-294
-483
-28
898
-139
-277
-453
640
-490
898
59
1097
692
368
-774
-482
-242
217
-99
501
-596
90
-400
963
-716
170
471
63
841
-470
29
504
167
-662
349
-1173
900
817
-356
631
-1157
-43
704
-639
-23
-519
270
55
478
-12
600
649
329
904
78
-1507
1429
438
-183
-2
-293
208
756
905
940
-401
-748
-605
-1241
-284
455
-938
1024
-29
-535
1235
1345
-678
-756
449
761
29
962
145
-218
-603
-218
-353
595
-305
727
-291
-783
391
-500
-377
-1328
146
149
486
-672
661
676
1634
95
-105
-57
-564
-376
995
-333
0
453
901
832
647
-226
-1312
390
-243
-118
323
96
-256
1086
502
-18
-196
2041
271
-3
-217
715
1237
447
-935
685
277
1278
-116
1003
-453
653
2139
-1010
811
2255
-782
60
-172
551
-279
-86
1056
818
-579
84
400
1028
436
1010
198
1183
-485
539
656
-510
1446
46
-423
-985
273
1694
-400
-393
-190
-1109
150
407
336
-237
360
781
824
1103
246
286
36
177
575
535
923
-491
234
-356
-1718
-375
-222
349
-36
-54
224
-1427
-960
1007
-1031
550
-1186
-397
-1439
1043
523
-294
-581
-226
-1802
438
138
528
341
356
-494
538
-254
42
537
447
444
-441
371
-21
-561
1266
52
-252
-291
20
-547
1151
1523
-745
706
-357
-399
-898
-98
323
-791
-779
-73
839
933
631
-992
423
-797
-846
-919
-535
309
-551
-487
527
539
-95
766
42
-419
-774
1148
87
-232
348
-1105
876
1015
-533
497
-1066
603
742
-457
-1078
-809
-432
332
-472
-726
213
141
381
844
1518
-18
467
-15
-457
-5
212
1035
513
137
104
-1079
-811
-912
717
-141
-138
520
242
604
352
879
448
-969
-1010
746
-1038
581
208
555
-576
-670
-356
-45
474
-264
33
-198
-537
-927
-658
1121
581
247
371
537
-1308
239
311
-668
-376
-627
700
-1121
-760
-894
47
-180
170
1139
937
105
-697
1715
43
435
-810
1070
-151
-227
-168
-351
-1293
-575
518
438
233
777
-1421
-635
95
701
-927
478
-586
2109
180
-1052
-283
-220
-813
-288
-50
47
-383
-154
-603
-48
537
1541
676
189
233
-333
729
-1159
1091
-9
687
943
-178
-760
460
-1130
436
-567
-260
-82
106
-417
-531
897
365
457
-378
33
-1113
680
190
-752
684
-138
1259
325
-79
1613
679
295
369
-280
-971
-807
-77
857
-469
1006
-553
1012
595
-775
423
814
-298
1132
-1847
245
157
-102
-1084
-450
201
-1363
-715
581
924
361
133
477
-307
580
598
-1670
-255
257
-957
-2009
-958
-1
-273
-234
23
-74
-362
481
-108
-452
-26
1213
599
-695
220
1175
-171
-41
150
336
-358
595
-190
1642
1175
-1720
-661
335
-739
56
463
172
515
637
-760
-715
-255
34
-571
-414
664
172
-792
-324
-326
-934
-516
-283
1308
417
565
511
1016
-152
-487
-1533
-844
-810
206
1837
526
-438
-117
341
258
0
-552
-39
358
-319
-196
-150
516
-296
376
1673
427
-482
153
594
-1286
541
212
-709
-100
249
1049
1156
78
77
274
-189
289
-1673
2186
314
-637
442
164
-413
737
907
-658
234
-498
-351
1155
1858
-541
618
-600
-291
-525
-18
-164
-1392
-592
-946
3
-953
-1089
-139
584
79
-788
-1009
433
1001
-67
431
176
-140
155
-405
35
-204
-541
-1564
505
-1685
809
-747
-422
69
701
-416
1167
353
-264
-382
1513
-23
-219
-1119
-145
-181
-1861
-302
-106
-1832
-244
-236
-1532
-855
50
-901
389
1117
-82
-91
-278
37
757
779
-387
2291
58
707
453
744
-356
-525
636
-818
554
31
498
190
-600
587
-108
-246
777
-311
-656
-1019
998
1017
230
-504
43
966
-354
-769
1512
-371
344
961
-456
26
-548
-466
343
165
-76
-87
585
-1346
-1064
837
-290
377
564
901
-49
468
208
827
-14
-886
-1325
-541
-350
-877
650
31
1127
116
152
-1783
-573
-171
475
-252
-480
994
30
393
-2597
-719
299
65
-889
-464
-181
-295
875
-281
535
-617
-1638
-302
1456
146
-776
-807
173
-486
86
447
-730
288
-1458
451
29
-1313
-1103
-343
-1240
213
-810
559
-642
-5
-464
879
-41
-886
253
-314
-374
720
785
-549
-506
-17
1316
-199
263
-546
-773
-213
-739
12
43
-611
-265
-164
380
-1009
469
386
1253
622
420
-401
496
-1002
-229
-406
-952
1133
1284
-350
639
423
-199
487
-32
1891
-68
469
-1144
-265
201
-199
-644
82
-41
-177
9
393
1150
241
520
258
72
471
714
-536
-166
-717
-250
-160
1312
848
444
-616
187
1019
699
-1550
347
-391
-1171
548
547
543
91
697
1117
-596
-663
297
-896
-392
322
-1126
-690
1126
186
-1282
533
-596
28
-30
829
1001
-1228
-923
188
-618
543
-135
-677
496
-113
-1033
149
115
-854
383
-408
-84
-166
-706
1539
-166
-1044
773
-479
-522
380
1279
124
869
463
-141
-1173
639
-279
-137
-604
-304
-442
728
318
713
273
-909
-586
932
272
425
-48
343
-600
-1093
1064
-1619
623
899
-87
-2066
887
-105
754
754
-460
1236
-448
1144
-306
1199
-435
-363
571
-917
-529
-1157
-278
-950
2060
-301
-1433
61
792
1081
-174
-129
-217
-771
-494
419
-499
825
255
65
-1180
-360
-315
213
-872
269
673
758
-489
-475
800
145
1399
823
210
-772
-1089
302
245
1059
-583
123
-1016
-258
-869
1318
-162
1354
538
-208
244
-48
-211
-282
-194
-1070
479
29
-232
244
622
838
-135
27
371
403
-804
-220
561
-103
1131
-255
-704
438
-417
-280
842
216
-308
202
-615
-464
-1634
349
-1131
-318
622
-281
-1017
-959
-86
719
1240
-1685
-306
-60
270
713
-47
320
-558
-657
-978
396
246
-783
-145
-262
-1645
-3
-1900
216
536
-255
-253
289
-1104
722
-149
50
659
-462
971
323
-10
91
-389
970
535
95
-531
-506
-1030
815
463
-136
1082
-2282
-1043
-390
160
-372
-1740
4
714
817
-1127
-724
-682
725
290
-280
-347
-430
-487
-1606
-1838
412
-688
311
1493
-87
649
185
1120
-351
-838
-223
1491
-419
-489
-723
68
528
470
-108
-281
23
-45
-665
600
-127
-764
676
-886
-894
543
-1666
-1782
518
-237
-181
697
-1551
1104
395
1678
-265
57
189
-901
-1162
-1588
-968
-239
1113
750
356
550
-2035
-17
-1056
69
2329
-594
663
6
339
11
351
1089
897
267
1527
-345
310
-382
322
458
-348
-1140
-222
218
792
1073
-215
-206
-691
480
490
-727
962
806
284
-46
-846
623
180
724
442
692
-725
-1481
-1549
-643
-520
-1000
1907
163
915
560
-206
-135
-128
446
-384
-1172
-1157
900
1034
-462
-999
-975
-807
1517
1333
1195
-7
-11
844
-182
135
-393
-321
68
1020
-240
-407
2
930
-542
-816
-377
281
563
-137
234
-545
108
450
-383
-1045
-891
-10
-11
-621
554
50
-1107
188
326
-111
-951
297
176
-513
-1202
84
1272
906
-747
456
266
289
105
-425
791
-123
-268
81
51
699
103
1927
-875
590
-175
31
-822
-340
-244
-790
-676
-454
413
1184
683
-340
-1318
494
-1008
227
1159
750
433
-307
-1374
559
22
-867
-447
-157
451
835
140
-1139
145
-996
246
-7
-355
-407
-130
834
250
1945
403
376
836
-29
303
426
66
127
-815
636
33
-678
-439
-93
472
-229
1308
72
-714
-124
72
-127
1287
-211
-336
-490
109
-536
-1480
-1461
124
-103
-472
-362
-346
-769
321
15
7
1148
-265
-975
47
-670
-271
782
-177
808
671
-1471
1664
553
937
2021
465
567
424
1228
-347
167
471
-275
288
-820
-378
-1278
-560
-645
131
408
1914
35
904
645
-190
-43
-64
-1365
336
-844
200
-407
572
93
-361
-388
-183
-792
1595
-1606
1744
-674
53
106
296
837
-1095
87
97
588
-8
-704
-1430
52
-582
-482
20
-157
-326
309
446
1053
1080
-216
369
-149
718
661
-1329
-642
115
-27
493
-67
465
111
1067
-270
-704
-1589
-1952
945
-731
-345
-323
-350
1399
139
-1385
2260
1004
209
653
1015
-176
-197
-372
1614
356
1629
-771
-1000
-796
-52
-315
-653
180
-795
384
-217
-483
-631
-291
-745
-632
348
-63
16
719
315
256
208
966
-431
-565
278
1091
1343
-593
-844
1029
610
628
-299
-519
-980
319
123
663
-960
-365
-736
-304
589
-1126
443
-704
382
386
1216
-599
-473
-791
-140
872
-1038
-390
-88
80
-667
86
1809
158
327
37
838
-9
-894
-266
-1073
249
150
-201
-485
716
529
505
-371
-531
291
-811
-828
-527
-522
325
998
-206
-791
-244
-300
882
183
-207
19
-1119
647
-416
181
901
102
232
-431
203
499
1499
-225
-896
692
809
1795
313
456
-1548
-990
-1054
397
1572
531
-135
-472
364
-928
-904
-483
-868
-801
555
183
-1929
1770
-1441
-125
1879
-1045
-282
32
355
-607
-782
330
828
-124
-140
-88
-504
392
197
303
-276
680
-1418
744
-87
1151
-1028
-24
37
-127
-675
-1345
-103
-67
-344
1140
223
-369
136
411
683
181
738
-292
892
-721
612
-184
419
-604
1401
610
419
35
-1325
558
43
-594
1419
-29
-533
-716
-361
314
50
47
68
585
228
1289
-254
-983
-355
-231
-269
-179
727
1043
-216
-875
-704
-1004
-179
399
235
62
771
1020
-409
-524
373
659
458
1562
541
-802
-611
-1282
332
199
642
-1639
817
537
663
760
860
-114
-406
606
-300
76
-961
315
-374
184
-210
-1489
-421
950
329
-663
-849
102
110
828
1115
-482
281
189
67
367
-742
46
-170
513
188
-668
-60
-918
-1511
608
988
546
525
-131
-570
2587
-472
1011
-157
-834
-504
-280
-1607
301
563
-84
-401
28
872
340
-669
-44
309
435
-250
-773
28
-361
535
-382
203
-566
-165
38
161
-1209
-328
974
604
-622
-1556
197
-731
495
1201
-699
287
562
510
1230
1303
-784
565
86
982
521
-632
890
548
-6
-907
-198
-1157
222
1186
-183
626
258
-327
1247
677
721
-561
364
167
661
-103
-490
-526
-303
953
1181
-966
-820
-85
556
-867
-2223
-146
-499
1235
972
-927
1134
-1167
635
-818
1117
326
-22
1744
1209
-133
556
803
367
-1077
287
-1292
-604
-1244
787
-201
-676
-178
969
-361
-574
695
-335
-299
717
-338
104
1128
181
186
-1097
-268
375
-589
722
765
426
995
-1024
419
372
-358
12
-380
-1076
361
-671
-758
557
1032
424
303
-488
377
1539
1746
285
325
148
-81
1116
-1299
96
315
738
-189
287
33
-744
33
-1090
1604
674
-1740
-812
66
-218
-35
595
807
751
-268
-2208
-585
-1448
-582
-93
427
-917
-579
-917
-3
-235
995
-532
-1417
-1464
-720
921
-339
1273
-243
-171
-435
-935
1130
217
399
588
226
-274
-481
30
-739
1680
-926
-54
361
-223
-425
-533
1117
650
-846
215
-166
1456
-891
626
-1365
-589
-11
-582
120
129
658
-913
587
-258
1092
323
704
-5
-75
-1213
43
1148
-922
130
41
-771
-252
0
-649
193
-1919
-1262
-43
-709
1174
-380
1770
-28
-233
-1380
883
-462
1046
637
-981
-47
5
-485
452
243
-68
-152
46
-316
-1141
489
-1299
312
-64
327
448
198
-465
303
-73
423
-237
596
1437
-1016
-638
548
-1124
1155
1225
-400
-287
-154
152
815
-16
-603
-360
-1516
1173
-457
670
157
-659
-646
1192
-1447
1268
-172
414
-1505
211
299
980
1627
263
-771
-224
685
778
477
640
-609
-1406
-917
-252
356
-1373
144
182
-231
-650
-52
535
956
127
294
-382
526
-718
827
-11
313
-484
49
918
585
221
350
-100
-129
1406
-748
1156
-637
994
-562
-823
-391
-1343
-365
-911
638
148
1326
850
1088
-84
675
-477
562
870
386
-80
-355
267
-172
129
109
-1826
-184
-289
-327
-611
671
562
-447
-1046
175
-230
194
-480
-556
-503
-469
-482
863
728
-28
-786
279
-236
707
-487
-179
1335
70
1023
-952
-279
753
921
50
-431
-1200
-545
1725
1200
482
-814
-1651
677
-311
86
370
-276
-247
131
607
-585
153
-561
1238
-512
493
960
682
-1493
-127
712
-43
192
674
301
-359
103
237
258
-1208
573
-341
-381
-1099
-1130
944
-843
-82
-1370
1041
399
-873
-1750
617
1554
-1488
108
407
779
295
-509
843
756
429
-1358
-77
-377
160
835
-712
629
599
731
-1611
-369
118
-764
-408
-175
571
1613
-274
-274
34
173
-510
115
575
-612
-905
-1173
22
247
831
198
716
965
128
-401
-24
826
-735
-2396
-264
1243
-663
229
1439
122
367
217
-1163
-100
-1328
-172
1479
-651
-627
-1274
124
-684
-1032
1609
-493
690
46
-664
566
213
166
-403
467
569
-511
763
-165
351
932
33
649
-360
797
-367
-2034
-739
-1294
-726
935
-586
747
-638
-715
210
-261
108
1124
-360
912
-256
327
-555
1290
533
-86
1176
284
-1521
856
-779
989
422
476
201
-264
369
36
535
-1212
76
-509
-19
-727
-1590
-694
-1707
-840
-1257
242
-506
132
491
455
-148
1224
588
-842
-376
812
-63
961
313
-607
-247
-339
1014
-796
789
435
479
970
-626
-556
-265
-71
38
552
-142
-1029
-587
-1422
185
628
-489
718
-584
404
-483
578
804
938
-677
-642
-244
-750
509
-1115
-394
618
330
527
394
-116
487
-328
-904
471
-571
439
507
803
554
-371
-577
946
388
-488
459
-219
-729
578
-796
-284
-696
263
166
-418
-306
-401
829
-598
95
-350
-468
659
-933
181
-862
988
881
79
-379
1089
-450
-893
1292
498
390
-1096
727
90
-1025
706
1372
278
323
264
-974
91
1397
1213
-766
-885
364
1489
723
1661
199
1076
-237
411
-677
-812
612
-41
713
163
243
858
84
828
109
358
-1069
131
-589
1105
82
-950
-169
-1287
-1889
-1091
-425
-609
-97
613
-455
-483
-513
170
1160
-401
1176
-984
319
-630
13
656
397
-663
535
138
-1013
-279
-439
-374
94
872
356
-123
-203
1030
864
170
-177
571
-281
805
-1199
-1011
682
-238
492
-220
576
-543
454
257
215
-302
601
285
1274
893
255
-112
-1119
307
-17
-175
-1274
614
1302
792
-835
500
-97
510
634
-54
3
543
-851
495
1004
-726
-1398
-201
852
-739
71
-940
94
261
1260
-347
-1371
-1163
-380
-429
-208
150
-1027
2388
-451
-97
-128
-1513
-84
-829
-1108
-77
358
123
-906
-307
388
-864
-28
-802
-47
622
833
453
682
792
525
267
30
639
-252
-977
814
-232
-375
693
41
-429
-546
-465
798
-815
-557
-516
364
-566
943
-1271
-478
855
389
486
-1093
-1072
-310
-111
-938
354
-463
488
743
-139
570
-1313
1081
278
-319
-55
-178
243
-1111
136
-145
-690
-252
754
-145
358
-422
202
-28
69
-69
13
366
-279
-382
-154
178
-471
-452
596
111
800
227
-897
606
534
-207
483
-398
-253
82
125
-251
-509
342
75
-72
-1099
-843
-956
-210
-305
-403
-1154
-926
-176
484
-1017
-13
-180
-176
355
119
-1356
-153
-1408
-194
359
-1352
-874
1122
-679
-497
-234
-369
-410
-73
246
-65
-620
-1273
-949
300
338
341
333
956
-1303
186
-277
22
-365
-79
-754
-379
-304
377
856
359
1188
627
57
-421
-798
-382
-244
-404
424
-1038
45
1081
-629
820
1851
963
-224
882
259
1037
240
-873
-621
243
-495
-66
-652
950
1038
1054
-615
660
711
675
-259
-271
77
237
-521
903
-828
1098
-953
-1073
913
734
255
1011
-655
1081
430
-775
262
-48
-1396
629
-510
139
1085
2015
228
-115
-1056
-877
785
-393
-873
-297
-326
-976
-486
1339
41
-216
1501
1016
-342
-1190
-179
165
-501
492
-207
734
176
139
-263
155
-407
57
-719
-1285
-565
41
854
370
-610
-171
673
416
-1233
237
377
206
-657
1317
448
559
-1642
-1003
-997
503
171
1068
-191
-398
-614
457
-731
547
-806
1096
-876
-162
-572
750
185
-17
-808
-4
256
259
-201
966
-108
407
867
-487
-597
-158
88
126
-106
-76
-264
-326
336
-1005
-810
-719
-989
491
-768
-574
-1764
957
-530
-1065
76
783
-1562
382
-228
589
720
-1753
1712
366
143
1127
1277
1623
708
36
824
315
-362
-811
103
173
527
-482
474
27
479
-687
-414
761
797
378
370
96
29
985
-549
-874
-577
499
-1097
-1136
-1250
608
306
-853
301
-332
-796
-753
-711
1021
189
49
-627
-826
-563
-1037
575
242
-78
241
887
-302
146
-1051
-330
-109
-678
-202
-571
-353
-583
884
-1113
149
752
109
-686
76
-1361
557
105
-1216
-262
603
407
195
1032
654
929
1278
564
-597
30
-936
-25
266
1653
-768
201
192
-162
754
-603
-228
578
845
-425
-1074
-835
138
-854
-360
327
457
-468
61
-1213
-284
-343
889
-318
769
727
-144
-1218
-1687
1826
687
-1501
369
-110
-1287
457
-448
471
358
-72
517
-126
379
-1168
-324
80
1585
-767
324
788
-605
367
-1193
96
-540
-377
282
-382
-733
431
-737
586
1010
920
-194
329
-257
-482
621
-387
-1101
-1508
-159
-113
-404
544
447
158
379
-623
548
845
-703
60
279
-727
575
261
136
-332
710
788
-461
-340
592
521
-145
123
-195
-615
189
696
-11
151
-330
-333
647
538
-705
1497
-772
-641
30
-856
-166
-1016
826
-605
-428
-152
574
974
-424
321
31
215
1047
-115
-1044
-212
636
-141
471
-194
777
-121
529
848
875
741
893
895
611
-804
-232
-814
-93
-819
529
-228
-679
-645
2
-774
280
-83
110
-691
575
-667
-186
-434
-14
709
-1706
-960
955
305
1186
-1195
-59
-693
-179
404
182
477
-801
-1841
113
-327
-1079
-89
-1367
308
-759
164
142
-439
-1111
-1678
846
-741
467
-451
221
-364
733
-1037
1586
-226
551
-622
492
-596
-815
-273
379
840
-972
865
-979
-14
-942
-585
421
-611
277
1710
-439
158
-1166
308
-326
-350
104
81
722
949
-134
-972
-448
-1372
-75
1275
895
-99
-838
626
1238
643
902
296
-172
37
-383
98
-383
-1147
842
258
-456
-336
205
-596
-318
-410
956
-1192
-825
404
1025
-41
891
89
-67
-381
-1292
-792
-499
31
695
745
573
-1795
204
-1100
-216
565
-996
-369
1281
-226
-32
-799
-266
-165
211
454
-1441
1206
-123
447
-621
-1204
-622
262
986
866
-357
25
308
1176
123
444
-1319
-777
1606
-721
-1139
46
785
346
-500
806
-627
-911
384
-449
109
831
-199
-67
785
51
250
801
105
-331
476
62
160
266
-215
-608
96
54
1399
517
-716
-82
61
-118
265
-907
435
28
-15
-613
-438
172
-35
-632
-346
476
-127
257
38
-808
1330
-166
124
1409
1737
-257
889
124
594
51
-669
-279
-136
-1148
-647
-817
880
-206
-666
-528
297
528
-914
-815
-549
-316
-840
148
-247
-588
-472
1666
769
-70
-494
-1491
850
158
-1105
618
-1166
-404
-87
216
642
759
246
-909
-251
-321
205
1172
368
883
1468
2053
4
402
-14
-1206
-593
472
-160
518
1011
956
566
-187
249
-993
491
603
350
22
1070
-568
1508
942
-236
-70
771
-583
677
144
-533
-1027
-447
-602
593
-171
-210
1260
-296
668
-78
-1515
497
-95
-191
-252
-725
701
645
-440
-929
-783
282
-370
-303
742
-91
-185
926
225
588
-898
-757
-1120
-940
262
177
-607
-291
1066
-1304
674
-929
265
-184
594
627
894
-262
606
631
-598
-410
55
-824
525
951
-1090
-393
-377
132
1171
319
-1532
-30
-322
1290
238
-1604
1207
-1195
463
585
1467
-111
-1128
1113
12
-441
916
-404
-274
420
1000
910
343
-908
-851
-1607
-703
-228
630
-790
943
1189
-41
266
-1047
-480
570
-154
115
1736
-252
-149
-853
287
312
-495
-448
-562
-167
-417
-632
-780
-389
223
-1760
-396
-373
-648
1158
447
519
162
-448
-1251
-1087
-373
-163
