50 100 784
0 0
0 7
0 19
0 45
1 30
1 39
2 9
2 15
2 30
3 0
5 14
5 17
6 15
7 3
7 21
7 25
8 9
8 10
8 17
9 0
10 49
11 35
11 37
12 8
12 27
12 43
13 28
13 48
15 1
15 15
15 22
15 31
15 34
16 7
16 18
16 29
16 42
17 1
17 43
18 11
19 12
19 46
20 25
21 7
22 1
22 12
22 23
22 43
22 48
24 1
25 34
25 44
26 7
26 29
27 28
27 36
28 20
28 49
29 25
29 27
29 44
30 35
31 15
31 27
31 35
32 29
33 1
33 9
33 16
33 39
34 3
34 21
35 24
35 42
36 13
36 46
37 3
37 8
37 40
38 5
38 33
39 17
39 35
40 20
40 29
41 20
41 36
42 15
42 16
42 20
42 34
43 19
44 13
45 22
45 29
45 36
46 21
48 35
49 1
49 29
43
0
37
51
96
86
6
67
88
9
97
2
20
16
19
50
14
74
84
38
46
61
30
87
42
78
23
45
68
29
5
92
62
89
48
44
47
1
13
82
21
76
40
79
26
85
18
31
56
94
98
70
77
39
36
41
64
71
7
28
58
3
57
22
52
55
32
10
4
27
49
66
8
90
93
81
69
80
34
25
83
35
59
72
33
65
15
91
95
54
73
11
12
75
24
53
60
17
99
63
531
-104
-2199
-463
-659
374
886
-814
553
1030
-157
-740
-105
782
-1437
742
42
-950
31
1204
-448
115
-682
-981
524
748
-1160
-375
505
-794
1669
130
57
400
-473
900
165
781
715
578
1035
-908
-418
904
232
468
149
-457
-1082
-1320
1214
626
1120
-419
-254
496
-521
-880
-651
-112
837
-1107
-187
1017
275
-130
465
453
-118
430
211
1231
280
24
-58
593
-556
368
310
133
1299
1513
1150
388
761
161
-762
1003
638
476
-1045
743
-383
-589
132
-308
-1115
1172
119
-440
-945
-910
34
647
230
-166
1068
-226
-834
-55
-618
-594
574
-183
1552
-606
-1459
110
-576
-2
420
-663
-432
441
1519
118
767
1224
824
48
-399
920
436
-1084
678
-737
553
-281
-1061
-715
497
-394
1027
-196
458
252
-205
754
-245
756
-20
939
-58
398
477
327
1038
-842
-678
793
344
-41
2083
359
803
-182
-379
774
-552
-1539
561
486
110
-222
836
-609
1464
-85
646
206
78
1061
-653
190
-74
46
-875
304
985
-482
168
423
-194
-944
-187
800
514
622
-365
159
378
824
563
-218
208
-692
-631
216
-642
387
67
-83
-686
-548
-1159
-248
-535
-33
80
-784
508
480
-1296
179
83
-22
252
15
-1845
-404
-847
991
1915
-339
-1129
-747
-1768
-181
-8
-393
-1855
-302
-1805
-1030
-403
-389
149
346
-841
-1094
554
1030
1139
-249
1210
-1025
455
-225
-1005
-335
-547
-1302
-95
-533
-818
200
-196
483
-766
-327
-27
-313
-742
-848
133
-192
391
438
-210
-827
44
1313
441
-52
-323
711
1157
288
858
-240
1036
-1006
-363
-425
179
-733
-296
-867
-1035
-1160
-451
1089
-882
-945
996
863
-31
801
1382
-223
-1481
-314
-1058
-212
-103
154
1787
582
-207
-181
156
1800
1588
837
-161
-645
-542
637
-101
949
-466
-1454
-641
189
1304
-34
-358
1
-424
-1351
534
59
1648
291
-348
-443
909
-838
91
-648
613
561
230
-902
1141
-187
674
339
-778
-517
711
-159
322
915
351
-674
329
-323
-753
-210
-1239
389
18
927
-1479
332
392
279
9
3
578
-670
-74
-585
860
-579
1260
574
-874
92
143
-572
1270
-538
893
1968
460
-13
930
293
525
-519
467
-949
138
-218
-1080
-1306
80
-734
84
18
-287
1063
105
-232
-1212
-329
-444
-602
68
109
98
-581
-863
553
-25
-1082
-1259
-618
-914
-935
393
-219
-880
-231
31
386
1033
1288
-1149
927
556
-835
-5
313
1109
-598
15
-231
-420
-83
512
-247
-1338
-4
-409
-300
1410
-1394
-1309
256
666
84
260
-1152
-995
28
820
-1388
426
546
687
-465
121
-373
-289
-125
-14
370
793
315
-524
-172
164
102
-1285
-282
-145
950
-667
201
283
255
109
605
-446
-266
64
681
-52
-517
730
-286
-948
858
296
333
-74
165
621
-803
-501
-151
90
-524
337
-862
-672
-496
1147
452
99
935
-518
-471
-345
-540
-464
1416
345
77
4
-343
79
430
936
-92
354
1368
1200
-831
-102
-167
-452
556
-250
1015
1076
-735
-203
221
2374
63
-1502
1529
1063
-393
865
-135
1098
-469
142
-97
324
694
-1138
-71
-238
553
622
148
416
-28
-744
116
-757
834
-1115
-26
331
412
216
1161
272
104
213
-452
660
-67
26
-443
55
381
954
-312
-161
482
54
-63
879
-1390
-717
235
-338
-2118
-720
-405
-492
1211
-1014
-807
177
-776
-395
-1318
905
-691
516
-1111
820
37
150
-104
1825
-224
-984
-1256
2183
180
431
1311
-91
1048
-1489
31
-1491
-322
3
-321
771
2423
-455
-1808
-329
797
-219
-733
770
358
-2
-713
-798
-511
332
1396
707
-77
1514
741
-684
-71
753
-820
-1066
-199
274
-10
577
-677
122
-478
662
-462
1542
347
-379
-380
224
595
1191
-204
68
-487
605
57
943
-1342
1147
597
2244
136
674
1116
774
-940
-1574
333
407
-403
1288
208
268
1422
15
-261
870
897
-554
643
-636
-686
549
-418
3
-337
-71
-1296
102
-536
1272
-669
618
71
1146
-369
802
163
814
1527
599
66
-1117
971
-598
-50
119
997
-100
-410
233
1557
-81
-592
-1780
-645
898
-131
-2341
1680
929
489
16
762
-2194
281
-1216
734
-29
-288
-842
-16
-214
55
20
649
664
1084
889
217
-1699
226
85
555
-982
-1733
-136
230
-1196
-27
1757
-455
424
-833
566
134
-1225
-519
310
-424
163
201
160
-856
905
508
321
566
-1540
389
-218
-6
-1265
707
150
-793
1678
1277
1165
501
-625
649
-226
-904
595
805
-468
550
184
-896
-112
-907
36
321
956
1007
109
-257
203
-801
856
-547
-635
-664
-19
355
-634
469
935
-758
-590
194
-33
1198
-640
41
-480
1434
959
-396
258
-174
1159
-320
133
-432
-372
-372
-93
-24
-610
1096
530
-1161
511
1760
71
-1037
-412
-2166
658
-216
110
-42
1778
-828
298
268
296
-117
-180
263
-840
-344
-937
-540
710
-1195
-1119
-97
472
312
895
-42
338
78
-91
468
-1148
640
518
-519
202
-506
-129
-360
-1294
-537
-454
1567
186
-251
617
589
1125
-122
-641
452
-672
1439
1053
485
224
636
1605
477
819
-666
-572
1724
-971
1328
10
-776
-715
-1144
-246
62
469
1035
-810
-997
674
-176
-387
-27
-1062
805
-379
-1384
-117
-79
-165
-655
-73
-930
288
962
-203
-404
-405
-417
447
290
-35
1788
-489
-145
-544
-251
458
350
1806
-684
807
125
-13
27
680
-1529
-360
-572
1636
-1373
-924
470
1333
-188
25
294
234
-37
-495
562
272
-1026
554
-1278
1128
545
465
82
-87
-1166
1252
1632
224
-975
-167
1748
490
-908
466
160
-464
722
1710
718
-926
669
339
-123
-161
234
-541
432
-152
1
155
-741
646
188
-4
-300
-743
-407
-1371
-1508
-1209
-1000
-3
983
1589
-1136
1269
636
-218
-849
-429
733
-45
-665
-663
1048
-904
219
-780
624
-711
-74
352
59
851
2065
2191
362
977
141
625
159
928
-390
226
776
1047
-502
646
-497
6
282
-781
-1674
1337
1276
-928
723
229
-1588
-385
188
-1672
-1513
977
827
33
-667
-633
-588
-372
-423
-1225
-134
1066
1974
112
922
-934
-790
-823
-975
770
1670
-266
421
-2249
1232
-1721
-283
1178
-292
-413
-491
-985
611
-406
-123
-469
815
-804
335
453
-746
1311
-299
186
168
-851
319
1555
105
-759
1701
-135
-655
-1552
1024
441
169
-441
-78
778
-163
620
-839
7
-953
-408
353
-1623
95
-740
-147
-466
784
1649
686
705
1132
-455
716
257
-641
137
-539
63
617
-283
-210
-172
-44
-6
194
-128
45
-845
-748
547
937
-316
-847
24
-743
760
-218
-966
241
-31
-764
288
238
-312
-255
625
-976
-1341
-161
1371
46
-646
-665
178
286
-1236
-957
47
839
-452
-689
-216
-1634
-612
647
1318
-685
-373
-413
512
2025
-812
13
-773
-1095
-1400
-193
655
399
192
413
-1266
638
924
780
678
650
0
-657
551
-1036
439
237
194
-480
875
482
-372
-1410
-829
1703
-210
859
193
-260
-639
674
272
572
87
-539
1350
1141
-565
-1338
-794
-325
552
-920
1969
235
-303
13
728
-451
127
-444
1187
-397
-79
-1274
-720
99
1057
768
1230
775
-710
1458
-705
178
-639
-358
675
904
51
70
-347
-875
456
896
692
250
418
301
1537
42
-2029
620
-918
-643
312
82
-220
202
-640
602
1914
155
623
69
-1568
-701
-1082
-619
126
135
-475
-336
-282
-130
64
-1186
513
-557
531
17
374
61
-1629
46
-1278
330
270
534
-521
-406
453
-249
1151
-1084
-182
-773
439
-647
1880
1019
-288
374
1717
-872
-171
596
2012
-185
185
114
-750
14
1676
-207
297
901
844
-574
-430
-690
-1900
-611
-267
360
-38
41
-255
-410
-416
-785
1250
688
-908
-27
-57
1683
-26
1400
-2333
-298
-945
135
-1622
535
-1562
226
879
-361
-1057
100
-494
-1307
907
-119
498
1711
-408
64
-1740
932
-1326
565
1449
7
-279
419
985
572
2122
-1757
-960
-184
-176
182
-175
63
-1131
237
-258
-1802
576
-262
-284
69
-129
362
615
201
-1566
11
-203
-153
-1609
337
293
-1113
584
-255
-1179
-29
-652
-1220
-186
464
1684
386
-200
-158
-441
-946
-1111
-848
123
-1151
9
-759
-617
315
1369
908
234
-201
712
-1498
793
797
698
608
-397
268
-1286
-894
543
339
349
-1842
353
223
-872
-399
-2073
-604
668
-636
-167
-246
587
-942
488
-221
-1074
190
-772
-167
-201
377
541
-494
-428
-659
-204
855
509
699
790
549
-1156
499
-639
-867
-154
70
1858
1228
658
228
107
-1252
359
-837
529
636
1217
842
335
-1657
153
976
1064
723
-1242
-37
182
-850
-2111
-40
-1030
-642
1692
-281
-558
165
627
-150
-175
-650
117
852
-1507
-373
-1135
204
-955
66
1132
65
-327
-49
692
86
26
-692
-1153
-443
40
337
1091
441
290
695
-930
746
-654
-951
-81
747
-948
-41
99
346
213
-1106
428
-25
720
-246
-127
-466
-944
592
474
641
-1449
1285
506
-203
1670
578
-335
147
569
-485
-1062
1424
101
-786
469
-308
502
40
-252
86
-152
362
-239
532
-2315
813
-381
245
317
399
849
257
815
2004
101
-243
-462
-21
-680
-1236
364
-300
495
385
-85
-705
304
136
-1219
-591
176
1407
-866
17
-163
1582
274
-188
-1305
137
2154
972
-273
618
-74
337
230
-360
-531
-1610
-578
-340
222
-142
-157
-198
446
1382
422
147
373
518
1136
-364
-303
481
-454
-659
-1145
-85
-2136
759
-978
301
-237
-119
-2198
-238
-730
-2173
385
662
-912
1085
494
887
-1001
-827
-582
-522
192
-29
1032
-166
-760
358
719
1324
-1072
-848
18
1414
-1996
839
-1431
-787
464
-124
578
-1005
509
604
-217
-484
-1943
218
-413
-578
33
-493
-982
1915
-629
14
-113
206
379
-98
-84
-447
-314
409
156
395
467
-1102
1510
-1545
-681
-323
27
-298
616
-12
60
-1467
843
388
677
-541
-266
1233
-69
1159
1484
-700
179
-605
654
2129
773
220
7
132
830
803
-331
-630
-787
-758
-1758
-1130
-1089
-772
381
-930
-921
-248
-484
-1278
479
194
-2221
148
-910
-41
-1176
-847
1017
-525
821
750
869
-562
66
-788
473
-182
1066
-218
-1481
34
-368
-413
1466
-628
-1292
-629
-1313
-642
-443
-1175
-860
-1138
-549
98
-280
-129
-528
441
-543
-97
1326
-449
819
-243
377
105
46
-29
879
-589
-420
71
-326
-508
-526
-637
-93
463
-767
-131
-214
568
1523
-556
1150
425
1099
-1143
-374
465
-519
-993
-380
938
-1149
-287
-659
558
163
-739
395
972
838
1140
-1468
672
1122
-271
883
588
435
-140
-1867
195
-1044
1636
647
-528
1488
216
468
-1312
206
288
-259
-1175
591
-552
535
1205
379
-1184
123
1373
-313
-185
-522
875
1103
-1291
-1230
674
-369
516
146
558
4
-788
-443
-1488
514
-836
-456
-664
-930
1151
63
-1252
-111
-707
-347
191
-153
-584
215
-894
333
-946
-840
188
45
-524
-186
488
-350
-1754
80
-25
821
30
-390
495
-672
-320
594
1716
-485
-111
-1709
-702
-462
27
-257
-1998
-490
234
556
144
-435
-2985
-191
-128
-1021
-1371
-538
241
-128
-415
2184
652
1783
394
-222
180
379
643
-1057
-331
-952
-792
-112
-374
-799
158
-1194
-654
391
314
-549
561
-641
-944
1464
-1394
-196
157
-778
852
-234
999
-709
-1011
632
81
-491
-701
855
-378
290
207
-207
327
-782
564
18
-586
625
-704
377
-416
389
219
260
-618
1556
-1005
900
-147
792
752
701
-909
45
-161
466
-1249
147
475
1640
440
-227
-695
-594
633
-810
724
-650
1026
1167
15
-1557
-297
1209
144
-1308
1017
-180
643
1352
271
1021
-5
-426
-818
-247
51
-774
-223
-92
395
345
-494
66
-583
1322
560
169
1011
-5
579
398
-532
-299
-475
-67
-532
1147
-251
561
-709
-307
-914
136
-754
-296
-392
535
-789
-556
-542
2071
26
-552
-1176
-673
-1319
-878
573
-48
-719
-225
325
-1198
-1023
-433
317
-535
-832
283
35
1279
668
-584
361
-432
1222
-389
1109
-771
235
-1704
743
-1438
123
746
597
-799
-1403
641
-1171
-180
571
-206
-1820
-493
693
1046
-228
643
-911
186
-409
173
-314
334
534
-1537
99
-483
557
-536
184
896
450
-202
1261
561
1529
-897
-804
235
953
523
572
443
1399
283
-739
84
347
-781
-90
-620
-1313
465
818
693
976
40
465
153
356
-902
952
-372
-216
658
181
263
744
-202
1163
-518
-386
375
440
-1051
1663
796
120
612
233
73
1026
187
-596
-831
-928
-1261
349
-562
-269
360
-582
-286
1774
-1141
1541
607
-937
271
-623
-1266
-4
-323
-401
-899
-1372
195
-1350
-393
435
-575
-98
846
-441
810
-46
90
133
-273
297
-40
-321
836
16
1016
402
403
856
205
489
-877
504
1248
-707
-303
-271
381
-710
119
-781
967
-736
1866
-437
593
577
140
341
679
223
-162
390
-212
183
-221
-547
-323
113
-705
169
596
-1065
215
1124
1008
-221
-1359
-34
1050
-1458
-506
1919
-235
-521
-1651
924
-110
-633
-237
-1426
555
260
-181
598
142
303
224
1386
1275
539
-1502
650
106
9
-838
1546
-75
187
394
143
883
1173
-1489
-407
632
-130
834
-27
83
-556
935
-1474
817
692
506
-834
-609
10
17
1135
1826
1226
-427
-658
-186
447
-571
-951
-259
-308
-5
278
-512
1316
198
-1011
-425
13
901
-960
499
-283
872
827
-168
331
408
394
1912
1076
-1985
239
-1004
-621
-66
-215
-983
648
-158
-694
1478
-498
-723
628
-608
788
451
311
864
-231
-1464
-346
-629
835
-724
-552
-249
-100
210
342
-635
-408
-653
-400
-81
540
-446
286
692
712
144
-1088
205
1004
85
195
-227
-691
795
18
2005
-351
-294
55
300
773
-339
-287
-297
-329
-834
-1511
540
-416
-416
-363
-252
-753
641
257
641
984
-338
-1740
1106
355
1045
-696
-1373
316
345
1149
-482
1658
437
143
103
-284
996
-273
411
-81
-331
356
1786
331
160
564
-1105
963
334
-317
198
159
282
-1427
-1412
-601
-2105
-571
639
-985
-193
-191
1350
742
1312
-609
521
-1194
575
1099
830
-428
-889
623
-886
284
822
-748
-310
-160
420
-1085
-425
290
-75
471
-1235
614
-109
300
-404
1003
177
-83
421
184
28
-502
846
813
-601
387
698
-542
1157
500
278
52
-161
-581
-468
1226
-1408
3272
533
-56
-211
750
617
-201
98
672
-1001
-82
-1190
-745
1493
611
-40
163
415
40
899
-778
287
911
188
437
765
-227
58
690
-673
153
1023
-715
-250
682
-156
273
-671
-1029
381
856
-162
-139
-84
-1070
1120
-1055
522
-151
309
264
-438
-229
-138
1011
-471
777
900
-793
143
221
482
-280
1058
164
68
-579
52
657
846
-791
-46
1895
-405
1
-299
-818
1
1619
801
-950
434
1159
19
-668
99
387
-610
679
398
203
915
-472
653
1326
-647
-69
-1530
52
-4
673
337
-3
-825
603
-323
-429
-510
-1624
-3
2412
524
999
-1156
-1076
610
-545
388
796
-592
-790
-27
-500
133
809
-1067
-346
869
687
-77
823
682
1047
-814
409
123
1073
-681
508
69
-398
51
1521
331
335
-133
438
-1334
-627
1050
36
936
477
-991
-377
1200
1429
552
319
47
1462
563
-641
-691
-321
229
1549
323
-86
971
1856
721
490
92
-487
-311
-198
-912
-155
631
-737
-444
-647
222
-530
-1335
-1133
44
-223
-177
-440
356
39
529
464
42
-42
518
-585
-563
938
-338
-1225
500
-576
65
367
-393
-294
284
434
-657
-366
782
112
-986
721
286
-211
483
-492
-532
0
836
563
-485
716
111
-1504
281
-1171
165
-52
-286
396
-1471
772
34
481
-92
397
-204
1557
-241
-247
486
-352
3
-1283
432
-386
-1651
62
-405
-1298
259
598
-202
175
157
-142
-434
1193
-1335
-842
-1866
894
452
-408
413
46
85
505
-972
-308
-687
883
277
193
-126
214
-632
-505
268
-1310
612
801
804
-413
-517
257
-1193
228
-392
203
-131
-1098
-329
302
-180
-635
-924
-259
-836
47
893
-693
-89
332
-32
114
-1016
503
-103
-865
248
685
370
-1284
-437
-604
2048
-800
26
197
471
651
431
2025
-550
-876
1158
-1387
-150
-999
184
-623
-448
-1712
-501
-1223
-64
950
-981
1115
-141
-446
-48
201
-842
149
1031
137
714
741
662
468
603
-1432
-110
-228
422
367
700
-67
-803
-719
-2729
183
16
-982
773
-561
1027
-209
248
89
-343
656
-102
500
550
776
811
676
93
148
-1452
101
-1154
520
-301
-1226
1446
-710
-528
1361
-299
-550
134
318
574
458
162
-173
1030
107
-341
103
1357
509
248
-245
-398
-975
-16
1248
-41
1260
31
-1394
279
-351
70
246
-685
-461
-1455
1038
-56
368
262
-1350
57
-511
555
831
347
-319
375
-663
-511
-100
-1080
-176
428
-322
136
1534
-1594
895
-282
302
534
-582
451
-1101
1095
-917
296
346
382
431
-303
-165
-570
-195
1322
581
825
326
-1843
-641
365
1542
-290
998
370
-697
-1564
-1171
938
746
-1300
253
259
-263
-1086
-325
455
1039
-248
172
212
-250
-4
107
-282
-523
427
-906
-221
-362
1580
107
-336
-348
425
-369
119
-430
690
-1226
-166
145
-40
-2186
579
187
603
-52
192
-205
106
32
170
114
2115
-1349
-576
-82
15
343
673
575
44
-641
576
263
176
1257
-402
-518
655
873
-769
287
-216
-623
-643
-181
914
1132
-636
-254
490
-1538
-103
1616
1043
513
-527
-617
-702
-970
-1209
783
1283
-605
-219
-814
-533
-392
965
654
-750
-554
-477
936
-1499
310
-77
-645
-353
612
1231
-843
-1094
1110
-1769
-713
-929
-63
1234
241
-2157
-187
-409
-476
-461
446
-201
1249
484
-615
7
870
-699
-134
-11
-516
344
1034
-490
-12
-1185
227
100
-1131
363
-422
1243
-1497
559
-449
-1505
37
-321
304
-160
-241
-622
309
-986
787
105
-226
-747
-851
407
53
-269
1076
883
-250
-15
-502
-1268
1225
-73
144
67
-599
191
-1431
-282
283
-153
240
-1076
1508
104
-54
-459
-391
-867
-363
802
762
623
-942
1584
449
250
-122
1002
137
-487
-171
-702
-1282
25
347
-201
871
-462
-1575
-697
-1927
1696
5
965
549
1004
-563
531
-523
-1312
-240
-751
-368
348
13
598
481
2034
-256
1580
-212
-320
-277
96
-1717
80
408
419
-2
-265
1133
-573
-64
-406
-1174
4
-709
-54
1009
-302
174
-147
95
-53
683
-616
-669
-1230
-271
-1040
-708
551
280
1309
1501
671
-798
889
358
315
729
-192
724
262
92
1248
-45
246
470
-1463
1079
-745
50
-306
-128
-623
426
1457
-503
-982
-969
-1085
-64
-286
825
-337
-1012
351
-124
-1100
1044
1119
-218
184
-370
-43
-1193
-322
-108
100
794
118
776
-262
-372
10
1059
305
1697
363
944
-2
-803
-538
1242
-395
-444
-674
1109
-863
0
1936
-218
378
651
1282
-2895
2069
-233
131
-7
252
-678
-956
-233
121
-840
691
1282
-1376
-1064
1509
811
1310
1090
1095
745
1266
-1064
294
663
1210
-181
2308
112
-320
1900
1535
1060
355
-1256
547
955
425
-142
-1726
-845
-1079
-799
-1159
-448
1683
159
-968
1146
-1129
664
-372
1457
2457
-1390
593
189
-81
158
1362
323
1086
592
-325
-714
1090
2596
820
1017
-214
870
-202
852
67
24
-46
749
-148
-22
-5
-50
1171
1050
-225
-651
-714
424
-470
-1792
-55
-308
-116
566
161
-1038
-448
-1086
815
-978
159
532
-48
680
-697
264
139
730
-14
-635
-823
982
-39
-136
-260
1696
321
-1035
317
1496
-808
182
-287
190
717
749
212
598
24
1602
-630
-108
1419
1145
-932
-388
1163
258
114
876
1331
37
473
263
1324
436
696
-928
-1191
545
103
-208
-883
-342
311
555
-61
494
704
722
-669
948
537
-1886
263
384
-734
-271
173
130
-120
-1009
-175
1495
-1048
-460
90
303
-534
-125
132
-236
1141
-925
285
299
-306
902
-1361
-82
371
-1962
102
-623
215
1439
-377
1246
111
-1155
302
-867
-790
588
613
1157
630
-635
419
2022
761
-162
418
446
1983
345
785
755
48
183
786
982
133
-98
628
896
653
496
320
-302
-90
-607
813
-205
-891
898
992
-1077
-40
-826
-790
1276
-1013
555
833
982
110
330
-616
515
830
-7
104
840
-836
586
-423
31
-318
391
-5
-279
190
406
-705
-181
-341
1136
-731
1490
655
1165
-815
-623
836
1040
-1690
1076
-30
-553
-1059
-158
1204
174
-85
-1661
-1399
359
-178
622
-210
-860
803
-776
-885
-1062
1241
-6
-404
291
-354
-499
-432
-566
-402
83
-1754
924
617
-933
-1729
-17
499
-625
-372
-407
-318
370
-513
826
354
-153
-973
1582
-1124
-258
431
-46
-679
-6
-882
-394
-851
-560
239
-716
-1460
1045
248
-926
30
365
1333
-441
-442
759
-161
-623
89
-1944
1940
-632
-1198
587
786
982
-859
-328
-581
-605
-124
554
-869
1015
872
-236
-123
-268
111
-120
-180
271
694
-735
-360
225
1020
1105
-199
-800
-1394
247
-536
950
1132
-579
-392
-1039
478
257
92
-586
622
183
-163
-561
-412
124
307
-180
-848
-1694
-113
-184
1186
-1021
222
229
1020
167
-543
-499
920
-1948
531
-298
-388
697
105
-664
-164
-707
-295
457
-442
305
-233
1424
-428
2044
-753
721
-557
-78
-1114
189
-428
-98
-356
-911
-56
-1142
-71
245
547
-190
409
-824
2109
-286
-408
-549
385
-648
1237
31
892
-129
1381
-956
383
-209
-512
1145
1295
95
824
86
-188
570
-17
297
-87
1180
216
-776
-1085
2068
157
1032
-243
873
-1484
972
160
224
-1053
-757
420
412
-1225
-145
-751
596
-656
252
684
-584
70
11
-198
-386
-1311
927
-267
-673
-249
-2463
264
-622
-819
1469
-24
-1101
-471
2061
-533
-662
-1591
66
-906
335
874
590
-73
844
1091
-131
590
571
1083
653
1836
-408
352
-677
-307
1024
429
-170
222
-110
132
890
196
-165
72
178
-379
813
-599
-769
718
289
223
-1316
954
957
117
1031
-1176
-538
-558
1050
-1404
433
-235
-820
343
-1151
1608
-332
-193
627
1134
334
1324
-293
-657
495
2230
-374
-926
-1414
-1204
-556
-638
394
-2244
258
637
422
1114
285
66
534
730
-187
-64
-281
42
115
300
464
-116
-1382
407
301
2214
165
-203
-800
-1161
1051
110
101
81
480
114
8
-966
1935
136
-1007
172
-498
-958
704
656
-2931
-896
248
900
1104
512
-917
405
649
-146
282
268
41
150
-662
-816
-1124
252
-333
1596
-572
565
1113
-819
1028
-636
94
-1254
1129
-1535
462
-809
969
-905
1371
-219
-977
537
339
217
735
-978
742
-276
-304
-409
-33
-870
-1289
-1400
-548
-527
-484
-1042
589
1143
694
29
851
449
-375
-653
-469
700
-797
1600
-17
347
-411
-307
111
-209
-556
-400
1034
-1057
-981
-300
-865
577
755
1230
-1209
188
-40
196
542
1123
-437
27
1619
380
-90
-742
235
-659
109
-179
68
1081
502
432
-163
-50
490
-205
542
626
-643
15
364
929
-1139
-295
-8
-472
175
360
-1022
669
257
699
-292
399
-312
128
-518
-136
1300
98
-483
-1725
-426
-310
-2127
431
1270
-927
409
-636
186
-960
482
30
355
-731
-859
42
1076
-232
-81
2223
178
-1019
-361
-585
-80
-692
53
250
586
-540
355
64
-701
-762
978
696
1161
1371
454
-293
-101
-427
782
206
535
-1077
-271
-709
-1436
-158
-900
-286
86
228
732
-996
-969
718
1103
468
-267
382
-385
-327
-74
94
-1833
1295
93
-162
-903
-325
-944
67
-1119
319
15
-1582
-580
373
310
-156
227
1867
-768
-1493
-428
543
536
-835
-341
-1013
-932
17
-1833
1306
-1154
369
-1530
-398
223
499
-827
-1256
-533
-248
631
-185
1923
531
-615
-212
214
712
-1047
-487
-1634
28
-2362
1015
717
-354
-929
252
-1609
463
1112
1640
131
-670
-377
-951
-700
-369
-604
410
293
653
763
-496
86
-291
1252
2075
-674
1046
-745
-1246
-984
542
1750
-399
-140
944
1829
-191
-653
-947
-428
-526
-434
619
185
-1836
151
990
-98
-599
-789
916
-1714
33
1051
-932
658
-1628
361
256
1037
144
1077
820
231
1753
1331
737
548
317
-1188
-756
253
-1709
678
67
283
575
178
-701
759
709
-1330
278
196
-37
-212
-15
-489
-124
-96
624
439
1407
496
-10
-803
669
1198
-517
-411
-88
1321
-10
281
75
570
-848
-774
171
858
1954
-1331
497
-87
116
330
-423
-565
-31
-181
320
402
-742
912
-323
934
301
-525
190
927
-372
211
-679
-747
-291
1111
1530
528
-120
-322
-1575
-46
-887
739
-812
-107
689
1635
634
1053
1082
-79
-951
-698
427
-1392
226
-473
-544
-949
-1142
1098
-261
-1528
-660
-465
-632
-907
111
-347
1280
-10
435
-1763
-782
-986
72
120
-745
-51
-555
76
-617
1210
-417
-1408
-917
426
-1054
-1403
-579
39
1107
248
-602
1178
1157
-1702
-132
614
255
934
-842
-442
-234
1116
-1010
-14
-141
-422
-135
-701
481
-40
-249
283
-903
1019
-77
-415
583
-493
343
-1717
-912
-144
-592
-55
-677
75
475
407
913
-293
-1084
379
152
-301
54
212
795
128
343
690
1087
87
-67
-341
-1389
272
-291
1437
151
-1160
-167
1684
42
-1034
-356
252
848
93
133
1497
-836
967
409
936
-87
-954
-264
26
-399
943
333
-883
240
1049
-106
-1032
-649
610
-876
-209
448
745
50
7
-581
183
1290
-422
-1868
38
1658
459
0
-127
31
-70
251
-234
-1057
134
-1094
-1190
-746
26
1225
510
-260
-842
-242
410
282
-509
230
10
-259
1286
254
383
885
322
1011
-195
561
230
342
-908
433
1399
700
-660
-622
44
249
-41
926
-357
589
-50
-81
-162
-295
-759
771
129
283
-351
-395
6
892
210
1286
450
178
416
1025
590
-614
955
-49
798
-1113
1153
-597
223
1462
1031
25
-894
-1407
-164
-89
-90
-6
879
409
-45
-1056
-973
2192
-556
473
-1389
-828
785
304
-534
-80
847
366
-216
729
296
-945
-205
-1216
-598
-838
903
613
-505
-802
-475
127
160
-809
-773
233
841
-100
1242
-392
1569
-357
-496
-1247
-329
-576
-1048
-72
-302
346
-1269
107
440
-300
-258
-1118
1963
-1535
-121
324
-1232
-486
-381
1167
-610
-1096
878
-870
-374
-595
988
-1638
102
752
-1426
-870
-1299
952
-369
-41
-14
248
-588
904
913
65
-475
-879
-958
-192
1042
395
521
73
1293
840
784
475
20
-7
-51
-171
1175
686
1153
-452
289
472
-77
-1300
342
234
717
1441
910
-575
-527
512
166
-1193
-524
924
1342
670
17
774
835
647
-795
288
1487
-452
-728
-166
-810
1094
-1190
632
-899
-763
-99
-329
-173
-470
-318
-1322
-289
-1180
424
-568
57
564
76
42
576
1297
-2205
-1224
1253
-75
-1051
900
-285
-439
-158
1141
129
2110
927
-907
-597
-387
-1373
6
1175
-167
86
-143
-750
377
-706
-1591
499
-83
-216
-1970
-191
471
-285
-231
-860
-963
-887
-512
4
-22
-731
359
446
834
614
-1058
467
1010
-727
1168
-1360
1227
-673
153
1110
6
-778
-174
-63
-1068
468
854
-179
1612
-555
-40
255
-127
112
128
-486
221
244
-51
-147
646
1067
2
-486
-829
-981
215
-205
-525
1238
-1015
-27
-605
1175
-1149
829
306
424
-783
166
1637
-568
-218
-418
150
43
-664
757
278
92
-379
394
-1056
-305
-464
1074
479
-391
645
841
997
-1650
-925
-253
-1861
-58
-28
867
448
-1012
1612
826
2316
-1533
1429
1065
1646
-148
-1446
572
792
472
-399
710
-1756
561
-109
569
1782
-549
-271
-461
-426
821
-676
-354
-1927
-976
-67
369
-103
-80
330
314
-412
-812
-1260
-542
778
-497
166
-1602
619
-619
-276
-530
-420
755
441
464
-930
-353
-689
-735
838
1849
-69
375
-618
112
1256
289
-128
-2083
3
-186
-60
553
-1174
-824
260
1197
1016
576
-2676
-319
-935
389
-444
-360
-360
893
357
-454
1493
711
-192
516
926
-21
-277
802
-72
-95
757
-781
599
-367
-1313
154
-480
478
-227
268
1130
-1374
-362
318
809
-288
-418
646
-369
-439
61
-1756
-231
2203
235
626
155
747
-67
140
-41
697
-612
1733
377
591
-530
337
817
96
-21
119
908
275
-82
2140
-260
348
304
480
834
-101
109
110
-76
-503
711
-1147
1620
-297
-466
-1148
944
344
197
1662
-91
-599
890
-982
611
1057
1170
-972
610
-207
2504
595
302
-693
680
-109
-6
-788
-858
528
795
52
-89
239
486
350
-786
-527
-657
-402
796
-796
141
737
332
-838
199
261
701
1069
-671
-123
651
474
-403
495
1016
933
416
616
1477
570
1191
779
1177
957
44
-268
-1430
1310
-1179
226
-169
-101
-275
1345
763
451
-30
63
211
687
-898
-486
578
168
-746
-149
-345
-317
294
1050
1160
-3
-517
645
886
-522
-458
291
-712
81
127
1290
-179
-353
-904
739
739
-507
657
-885
-195
-246
-554
-156
727
-1160
955
261
698
482
1730
-392
241
491
-426
-874
-1475
-198
1362
1040
432
-1522
585
-6
-772
-465
338
-676
80
602
-284
221
-1087
-274
134
111
-279
1341
36
-532
345
-526
754
-187
-1133
38
909
318
332
265
622
194
1015
-442
-182
415
-222
-1633
-1529
863
-1414
-1181
564
-505
319
-327
1833
-905
-571
-247
25
-747
42
1224
777
-1117
277
1099
1301
597
-949
1709
30
500
535
-632
-508
-425
-419
-839
-725
-168
1769
230
-866
-183
-146
-572
-156
-740
98
22
1021
-843
144
-99
82
-464
5
1445
-737
-995
2560
-1104
-651
1589
-314
848
-131
527
352
-373
-141
-1423
-279
-25
387
-1131
739
-267
747
157
578
-666
871
203
-210
-717
927
582
479
-1033
1427
189
-1852
-255
-903
-798
608
1068
-487
-95
-116
977
315
1628
-932
215
-299
622
-410
514
1021
879
-708
47
-14
520
688
-739
-791
513
1054
-569
235
-1514
-251
-329
456
-344
-608
-299
276
-963
-440
737
-96
385
-503
50
322
65
-40
-1185
390
-246
-692
-576
769
-620
-599
676
1050
-294
-1105
936
-685
-112
-228
980
286
1020
835
330
213
-275
-478
25
-230
123
606
-524
-558
-763
721
829
241
541
-237
394
-881
531
-574
-472
174
-795
71
768
-121
1177
-822
91
617
-362
-339
241
683
-416
-537
11
-621
-545
147
622
-1153
-1000
752
1803
793
-456
-299
-420
36
446
72
1387
694
-545
-480
455
818
241
-151
926
1267
-171
502
388
-273
-1238
-325
-839
1778
1144
1032
1829
-1282
-374
-1222
-152
1429
922
118
58
-398
1140
-35
-199
1285
-1106
182
568
899
-275
-105
69
-263
1093
-587
1084
644
425
875
-1161
-1608
-342
-955
-384
-466
198
-481
-301
-5
838
-451
-748
-284
-330
-390
-16
321
531
-82
-49
310
-30
-171
809
507
1034
-6
715
-399
827
-72
-559
-454
914
-558
-669
-1126
-502
-737
1486
640
-140
-214
-1320
14
169
-129
693
1383
52
-918
-1308
-683
412
721
1167
-1910
302
225
-2211
-183
938
894
-889
-2270
-111
58
306
300
-792
-906
878
-202
-342
144
874
724
-519
-266
-132
88
378
452
-938
-273
-292
-90
-1304
-905
1197
314
-996
801
-1285
179
549
517
1239
-93
-531
984
467
-385
40
-20
-554
688
1019
-363
-749
371
194
-314
-438
668
1506
315
767
-180
420
37
1092
-371
-1694
-287
-927
100
-325
-20
365
1568
-1022
-1034
-231
-316
726
-1756
234
-1095
62
-608
2
-1731
907
-229
112
-75
437
664
67
1351
-1131
-506
1168
-1609
262
665
134
-88
1287
1056
429
-710
-611
-586
-58
491
136
878
-750
-161
-454
530
184
-113
-955
-36
187
419
512
1773
-913
156
-132
166
830
108
-557
-738
333
-952
-998
-395
635
-384
399
-594
279
-210
550
-592
-623
839
-1202
98
-861
-465
325
667
-772
-335
-445
-9
134
-1704
359
508
349
-1800
359
-54
-137
-1461
242
-46
-821
-566
327
342
478
1080
-839
0
-2430
-248
-680
922
-1623
521
397
151
-592
-77
543
-153
24
99
-448
-808
-1132
1995
-1568
138
-178
-1349
113
13
-52
-934
-226
147
48
848
-25
1008
-704
-253
495
1678
64
-1212
-1049
-1742
-273
740
538
137
-922
1604
1221
-1490
313
-1260
394
351
248
601
278
448
55
1796
-681
-756
-40
-389
106
-546
734
-838
-2
828
1781
-207
-724
-473
-1376
-1279
737
1213
-405
255
111
-245
-519
-68
-125
460
778
409
1555
-635
889
828
-219
1248
507
648
-413
850
1421
-253
1151
-207
12
-58
101
870
1339
1700
336
274
-1018
-726
-745
870
1456
-563
114
-419
-70
-478
725
1040
1633
930
-1137
582
922
1086
78
365
-562
318
42
507
-852
1998
-504
1285
575
1277
365
1
-137
506
-1495
-819
90
-10
2916
382
73
-580
939
883
-1252
521
-537
-291
317
1397
-1335
-688
53
-844
432
116
591
460
-580
1105
34
133
452
367
-375
660
-721
724
419
244
933
1409
-631
-240
624
-96
148
-731
-778
806
-1447
-515
1433
143
-2085
735
987
-1656
957
-464
-2015
-258
-331
-1026
392
-129
1302
520
-626
1810
173
-727
1051
-888
-245
-1128
171
1158
-69
21
-775
-732
-860
494
-240
9
-446
-1044
391
-378
-942
1397
350
1187
-1057
988
450
487
-307
760
836
-711
271
-2351
391
-835
-868
-1375
-121
-79
-512
-631
128
-965
-435
-1281
-850
-813
-12
-520
-610
-213
-218
-792
533
-236
1200
-417
497
-1036
387
-897
-682
-469
217
802
563
-592
48
62
880
-73
-346
447
1216
-101
-460
174
655
-268
-885
620
-84
-1790
193
-115
-1585
115
-785
1291
68
621
-149
92
-419
373
-547
822
291
-616
-1047
-266
156
2451
-2687
-967
71
507
-976
-24
990
1558
1287
-671
-726
-1124
414
-1344
-641
154
461
907
-201
-423
-347
212
-713
794
236
-156
-557
1176
1132
838
-619
947
-61
-701
1357
-760
1878
378
306
-54
-616
-1046
-252
357
-182
-692
594
-199
1422
579
-1160
-153
-703
-527
103
-292
205
783
-635
41
1966
-659
-291
1340
608
-1158
181
-589
64
-19
89
334
-335
1086
278
-505
-1904
-156
150
-1036
-136
-1284
-2073
-169
177
369
-38
-1115
-166
171
1077
-570
251
-268
-4
592
-850
6
606
1056
525
119
-23
-555
669
442
1342
-5
-761
-140
-50
789
-780
862
126
-383
-284
2009
779
-1418
-503
-80
1114
492
-282
-1012
137
-1210
1091
1223
-1114
-255
149
-42
-133
85
510
292
927
875
662
-586
-635
-28
539
239
37
-1279
243
-806
-163
1034
1012
466
826
210
228
-1279
-786
-1275
-421
-610
-203
502
-2033
549
-179
-835
750
-177
-1434
1161
-1068
146
-922
-709
-589
-853
826
-5
1176
-76
-948
-379
-1218
-391
-549
1050
175
-378
80
-403
-745
-329
454
-1290
838
-14
-322
-1321
-867
-210
-712
992
-474
-136
-5
-15
941
-332
12
1076
-377
-1103
479
-842
898
1147
-1036
-1999
-54
-1111
-662
956
1183
-540
947
741
88
717
1324
-825
254
1779
100
135
-650
466
793
-427
-1357
608
369
663
1112
2
-509
281
-388
366
826
654
22
-1600
-1599
-1315
492
-954
207
-401
72
40
223
462
1226
-767
-311
731
-21
-1018
-631
-1173
325
-389
423
402
-911
-1152
-563
194
-488
-1909
-170
-252
-1170
1187
1811
111
-292
255
-450
1558
-304
285
-270
-93
367
-821
167
347
376
-583
188
-583
-618
357
260
-506
1307
-414
19
148
-153
-510
-1895
-410
-41
938
42
-310
767
-568
597
-486
253
1327
1261
1745
-453
-931
1320
495
382
-380
285
898
-494
367
374
-825
-61
728
-405
-91
-1276
1110
-548
1083
377
336
-2130
-576
1230
-146
330
219
-772
1009
-152
218
-191
-912
1674
-508
1377
-595
1295
50
828
718
453
-795
499
545
-658
536
-241
-84
210
301
653
-257
-534
-1031
-862
1457
-505
-1057
118
728
-736
208
840
96
-435
841
851
-317
-520
-30
966
-149
-298
-488
689
-527
966
64
1180
744
396
-832
-518
-261
233
-106
539
-641
97
-430
1036
-770
183
506
67
904
-505
31
542
180
-712
375
-1262
968
879
-383
678
-1245
-46
758
-687
-24
-558
291
59
514
-12
645
698
354
972
84
-1621
1537
471
-197
-3
-316
223
813
973
1011
-431
-804
-650
-1335
-306
489
-1009
1101
-32
-576
1328
1447
-730
-813
483
819
31
1034
156
-235
-648
-235
-379
639
-328
782
-313
-842
420
-538
-405
-1428
157
160
523
-723
711
727
1758
102
-113
-61
-606
-405
1070
-358
0
487
969
894
696
-243
-1411
420
-261
-126
347
104
-275
1168
540
-19
-211
2195
291
-3
-233
769
1330
481
-1005
737
298
1375
-125
1079
-487
702
2301
-1087
872
2425
-841
65
-185
593
-300
-93
1136
880
-622
90
431
1105
468
1087
213
1272
-522
580
705
-549
1555
49
-455
-1059
294
1822
-430
-423
-205
-1193
162
437
361
-255
387
840
886
1186
265
308
39
190
619
576
993
-528
252
-383
-1848
-403
-239
376
-38
-58
241
-1535
-1032
1083
-1109
592
-1276
-427
-1548
1122
562
-316
-624
-243
-1938
471
148
567
367
383
-531
579
-273
46
578
481
478
-474
399
-23
-603
1361
56
-271
-313
21
-588
1238
1638
-802
759
-384
-429
-966
-106
347
-851
-838
-79
903
1003
679
-1067
455
-857
-910
-989
-575
333
-593
-523
566
579
-102
824
45
-450
-833
1234
94
-250
375
-1188
943
1092
-573
535
-1146
648
798
-492
-1160
-870
-464
357
-508
-780
229
152
409
908
1632
-19
503
-16
-491
-5
228
1113
551
148
112
-1160
-872
-980
771
-152
-148
560
260
649
378
945
482
-1042
-1087
802
-1116
625
224
597
-620
-721
-383
-48
509
-284
35
-213
-577
-996
-707
1206
625
266
399
578
-1407
257
335
-718
-404
-674
753
-1205
-817
-961
50
-194
183
1225
1008
113
-749
1844
46
468
-871
1151
-163
-244
-181
-378
-1391
-619
557
471
250
836
-1529
-683
103
754
-997
514
-630
2268
193
-1131
-305
-236
-874
-310
-54
51
-412
-166
-649
-51
577
1658
727
204
250
-358
784
-1246
1174
-10
739
1015
-191
-817
495
-1215
469
-610
-280
-88
114
-448
-571
965
393
492
-406
36
-1197
731
204
-808
736
-149
1354
349
-85
1735
730
318
396
-301
-1044
-868
-83
921
-505
1082
-594
1089
640
-833
455
876
-321
1217
-1986
264
168
-110
-1166
-484
216
-1466
-768
625
993
388
143
513
-331
624
643
-1796
-274
276
-1030
-2160
-1031
-1
-293
-251
24
-80
-389
518
-116
-486
-28
1305
645
-747
237
1264
-183
-44
162
361
-385
640
-204
1766
1264
-1850
-710
360
-794
60
498
185
554
685
-817
-769
-274
37
-614
-445
714
185
-852
-349
-350
-1005
-555
-304
1406
448
608
550
1092
-163
-524
-1648
-908
-872
221
1975
566
-471
-125
366
278
0
-594
-42
385
-343
-211
-162
555
-319
405
1799
459
-518
165
639
-1383
582
228
-762
-108
268
1128
1243
84
83
295
-204
310
-1799
2351
338
-685
476
176
-444
793
976
-708
252
-535
-377
1242
1998
-582
664
-646
-313
-564
-19
-177
-1497
-636
-1018
3
-1025
-1172
-150
628
85
-848
-1085
466
1077
-72
463
189
-150
166
-435
37
-220
-581
-1682
543
-1812
870
-804
-454
74
754
-448
1255
379
-284
-411
1628
-25
-236
-1203
-156
-195
-2001
-325
-114
-1970
-262
-254
-1648
-920
54
-969
419
1202
-88
-97
-299
39
814
838
-416
2464
63
760
487
800
-383
-565
684
-880
595
34
536
204
-645
631
-116
-264
836
-335
-705
-1096
1074
1093
247
-542
46
1039
-381
-827
1626
-399
370
1034
-490
28
-590
-502
369
178
-81
-94
630
-1448
-1144
900
-312
406
606
969
-52
503
224
890
-15
-953
-1425
-581
-376
-944
699
33
1212
125
164
-1918
-617
-184
511
-271
-516
1069
32
423
-2793
-773
321
70
-956
-499
-195
-318
941
-302
575
-664
-1762
-325
1566
157
-835
-868
186
-523
93
481
-786
310
-1568
485
31
-1412
-1186
-369
-1334
230
-871
601
-690
-6
-499
945
-44
-953
272
-338
-402
774
844
-591
-544
-19
1415
-214
283
-587
-831
-229
-795
13
46
-657
-285
-177
408
-1085
504
415
1348
669
451
-431
533
-1078
-247
-437
-1024
1218
1381
-377
687
455
-214
524
-34
2034
-73
504
-1231
-285
216
-214
-693
88
-44
-190
9
423
1236
259
560
277
78
506
768
-577
-178
-772
-268
-172
1410
912
477
-663
201
1096
752
-1666
373
-421
-1260
590
588
584
98
750
1201
-641
-713
320
-964
-421
347
-1211
-742
1211
200
-1379
574
-641
30
-32
891
1077
-1321
-992
202
-665
584
-145
-728
534
-121
-1111
161
124
-919
412
-438
-90
-178
-759
1655
-179
-1122
832
-516
-562
408
1376
133
934
497
-151
-1261
687
-300
-148
-650
-327
-476
783
341
767
293
-977
-631
1002
292
457
-52
368
-645
-1175
1144
-1741
670
967
-93
-2222
954
-113
811
811
-495
1329
-482
1230
-329
1290
-468
-390
614
-986
-569
-1245
-299
-1022
2216
-323
-1541
66
852
1163
-187
-139
-234
-829
-531
450
-536
888
274
70
-1269
-388
-339
229
-937
289
723
815
-526
-511
860
156
1505
885
226
-830
-1171
324
264
1139
-627
132
-1093
-277
-935
1418
-174
1456
579
-224
262
-51
-227
-303
-209
-1150
515
31
-249
262
669
902
-145
29
399
434
-865
-236
603
-111
1216
-274
-757
471
-449
-301
905
232
-331
218
-661
-499
-1757
376
-1216
-342
669
-302
-1094
-1031
-93
773
1334
-1812
-329
-65
290
766
-51
344
-600
-707
-1052
426
264
-842
-156
-281
-1769
-4
-2043
232
577
-274
-272
311
-1188
776
-161
54
709
-497
1044
348
-11
98
-418
1043
576
102
-571
-544
-1108
877
497
-146
1164
-2454
-1122
-419
172
-400
-1871
5
767
879
-1212
-778
-733
779
312
-301
-374
-462
-524
-1728
-1977
443
-740
334
1606
-93
698
199
1205
-377
-902
-240
1604
-451
-526
-778
73
568
505
-116
-302
25
-49
-716
645
-136
-822
727
-952
-961
584
-1792
-1917
557
-255
-195
749
-1668
1188
425
1804
-285
61
204
-969
-1249
-1708
-1041
-257
1197
806
383
591
-2188
-18
-1135
75
2504
-639
713
7
365
12
378
1171
965
287
1642
-371
333
-411
346
493
-374
-1226
-239
235
852
1154
-232
-222
-744
516
527
-782
1035
867
306
-50
-909
669
194
779
476
744
-780
-1592
-1666
-691
-560
-1076
2051
175
984
602
-222
-145
-138
480
-413
-1261
-1244
968
1112
-497
-1074
-1049
-868
1631
1434
1285
-8
-12
908
-196
145
-422
-345
73
1097
-258
-438
2
1000
-583
-878
-406
302
605
-147
251
-587
116
484
-412
-1124
-958
-10
-11
-667
595
54
-1191
202
350
-120
-1023
319
189
-552
-1292
90
1368
974
-803
490
286
311
113
-457
851
-132
-288
87
54
752
110
2073
-941
635
-188
34
-884
-365
-262
-850
-727
-488
444
1273
734
-366
-1418
531
-1085
244
1247
807
466
-330
-1477
601
23
-932
-481
-169
485
898
151
-1224
156
-1071
265
-8
-382
-437
-139
897
269
2092
433
405
899
-32
326
458
71
136
-877
684
35
-729
-472
-100
508
-247
1407
78
-768
-133
78
-137
1384
-227
-361
-527
118
-577
-1591
-1572
133
-110
-508
-389
-372
-828
345
16
8
1235
-285
-1048
50
-720
-291
841
-190
869
722
-1582
1789
594
1008
2173
500
610
455
1320
-373
179
506
-295
310
-882
-407
-1374
-602
-693
141
439
2059
38
973
694
-204
-46
-69
-1468
361
-908
215
-438
615
101
-388
-417
-197
-852
1716
-1727
1876
-725
57
114
319
901
-1178
94
105
632
-9
-758
-1537
56
-626
-518
22
-169
-350
332
480
1132
1161
-232
397
-160
772
711
-1429
-690
124
-29
530
-72
501
119
1147
-291
-757
-1709
-2100
1016
-786
-371
-347
-377
1504
150
-1489
2431
1080
225
703
1092
-190
-212
-400
1736
382
1752
-829
-1075
-856
-56
-338
-703
193
-854
413
-233
-519
-679
-313
-801
-679
375
-68
18
773
338
275
224
1039
-463
-607
299
1174
1444
-637
-908
1107
656
676
-322
-559
-1054
343
132
713
-1032
-392
-792
-327
634
-1211
476
-757
411
415
1308
-645
-509
-851
-151
938
-1117
-419
-94
86
-718
93
1946
169
352
39
901
-9
-961
-286
-1154
268
162
-216
-521
770
569
543
-399
-571
313
-872
-890
-566
-561
350
1073
-221
-851
-262
-322
948
197
-223
21
-1203
695
-448
194
969
110
249
-463
218
536
1613
-242
-964
744
870
1931
337
491
-1664
-1065
-1133
427
1691
572
-146
-508
392
-998
-972
-520
-933
-862
597
196
-2075
1904
-1550
-135
2021
-1123
-303
34
382
-653
-841
355
891
-133
-151
-94
-542
422
212
325
-296
731
-1525
800
-93
1237
-1106
-26
40
-137
-726
-1447
-111
-72
-370
1226
240
-397
147
441
735
194
793
-314
959
-775
658
-197
451
-650
1506
656
450
37
-1425
600
46
-638
1526
-31
-574
-770
-388
338
54
50
73
629
245
1386
-273
-1057
-382
-249
-289
-193
782
1122
-232
-941
-757
-1080
-193
430
253
67
829
1097
-439
-564
402
709
493
1680
581
-863
-657
-1378
358
214
691
-1763
878
577
713
818
925
-122
-436
652
-323
81
-1034
339
-402
198
-226
-1601
-453
1022
354
-713
-913
110
118
890
1199
-518
302
203
72
395
-798
50
-183
551
202
-719
-65
-988
-1624
653
1062
587
564
-140
-613
2782
-508
1087
-169
-897
-543
-301
-1728
324
605
-90
-431
31
938
365
-719
-47
332
468
-269
-831
31
-388
575
-411
218
-608
-178
41
173
-1300
-353
1048
649
-669
-1674
212
-786
532
1292
-752
309
605
549
1323
1401
-844
608
93
1056
560
-680
957
590
-7
-975
-213
-1244
238
1276
-196
673
277
-351
1342
728
775
-603
391
180
711
-111
-527
-566
-325
1025
1270
-1039
-882
-92
598
-933
-2390
-157
-537
1328
1046
-997
1219
-1255
683
-880
1201
350
-23
1876
1300
-143
597
863
395
-1158
309
-1389
-650
-1338
846
-216
-727
-191
1042
-388
-618
747
-361
-321
771
-363
111
1213
194
200
-1179
-288
403
-633
777
822
458
1070
-1101
451
401
-385
13
-409
-1157
388
-722
-816
599
1110
456
325
-525
406
1655
1878
306
350
159
-87
1200
-1398
103
339
794
-203
309
35
-800
35
-1173
1725
725
-1871
-873
71
-234
-37
640
868
807
-288
-2375
-629
-1558
-626
-100
459
-986
-623
-986
-3
-252
1070
-572
-1524
-1574
-774
990
-365
1369
-262
-184
-468
-1006
1215
234
429
632
243
-294
-517
32
-795
1807
-996
-58
388
-240
-457
-573
1201
699
-910
231
-179
1566
-958
674
-1467
-634
-12
-625
129
139
707
-982
631
-278
1174
348
757
-6
-81
-1305
46
1234
-992
140
44
-829
-271
0
-698
207
-2064
-1357
-46
-763
1262
-409
1904
-30
-250
-1485
949
-497
1125
685
-1055
-51
5
-522
486
261
-74
-164
49
-340
-1227
526
-1397
336
-69
352
482
213
-500
325
-78
455
-255
641
1545
-1093
-686
589
-1209
1242
1317
-430
-309
-165
164
876
-18
-648
-387
-1631
1262
-492
720
169
-708
-695
1282
-1556
1363
-185
445
-1618
227
321
1054
1750
283
-830
-241
736
837
513
689
-654
-1512
-986
-271
383
-1476
155
195
-248
-699
-56
575
1028
136
317
-411
565
-772
890
-12
336
-520
53
988
629
238
376
-107
-139
1512
-805
1243
-685
1069
-605
-885
-420
-1445
-392
-979
686
159
1426
914
1170
-90
726
-513
605
935
415
-86
-382
287
-185
139
118
-1964
-198
-311
-352
-657
721
605
-480
-1125
188
-247
209
-516
-598
-541
-504
-519
928
783
-30
-846
300
-254
760
-523
-192
1436
75
1100
-1024
-301
810
990
54
-464
-1291
-586
1855
1291
519
-875
-1775
728
-334
92
398
-297
-266
141
653
-629
165
-603
1331
-550
530
1032
733
-1606
-136
766
-46
206
725
324
-386
111
255
278
-1299
616
-367
-410
-1182
-1215
1015
-906
-89
-1474
1119
429
-939
-1882
664
1671
-1600
117
437
838
317
-547
907
813
461
-1460
-83
-406
173
898
-766
676
644
786
-1732
-396
127
-822
-439
-188
614
1735
-294
-294
36
186
-549
124
618
-658
-973
-1262
24
266
894
213
770
1038
138
-432
-26
888
-790
-2576
-284
1337
-713
246
1548
131
394
233
-1251
-108
-1428
-185
1591
-700
-675
-1371
133
-736
-1110
1730
-530
742
50
-714
609
229
179
-434
503
612
-550
820
-178
377
1002
36
698
-388
857
-394
-2187
-795
-1392
-781
1005
-631
803
-686
-769
226
-280
116
1209
-387
980
-275
352
-597
1387
573
-92
1265
306
-1636
921
-837
1064
454
512
216
-284
397
39
576
-1304
81
-548
-21
-782
-1710
-746
-1835
-904
-1352
260
-545
142
528
490
-159
1317
633
-905
-405
873
-68
1034
337
-652
-266
-365
1090
-856
848
468
515
1043
-673
-598
-285
-76
41
594
-152
-1107
-631
-1530
199
676
-526
772
-628
434
-520
621
865
1008
-729
-690
-263
-807
547
-1200
-423
664
354
566
424
-125
524
-352
-972
507
-614
472
546
864
596
-399
-620
1017
417
-525
494
-236
-784
622
-856
-306
-748
282
179
-449
-329
-432
892
-643
102
-377
-503
709
-1004
194
-927
1062
947
85
-407
1171
-484
-961
1389
536
419
-1179
782
97
-1102
759
1476
299
348
284
-1048
98
1502
1305
-823
-952
391
1601
777
1786
214
1158
-255
442
-728
-873
658
-44
767
175
261
923
90
890
117
385
-1149
140
-634
1188
88
-1022
-181
-1384
-2031
-1174
-458
-655
-104
659
-489
-520
-552
183
1247
-432
1265
-1058
343
-677
14
705
427
-713
576
148
-1090
-300
-473
-402
101
937
383
-133
-219
1107
929
182
-190
614
-302
865
-1290
-1087
734
-256
529
-236
619
-584
488
276
232
-325
646
307
1370
961
274
-120
-1203
330
-18
-188
-1371
660
1401
852
-898
538
-105
548
682
-58
3
584
-915
532
1080
-781
-1503
-216
916
-795
76
-1011
101
281
1356
-373
-1474
-1250
-409
-461
-224
161
-1104
2569
-485
-104
-138
-1627
-90
-892
-1191
-83
385
132
-975
-330
417
-929
-30
-862
-51
669
896
487
733
852
565
287
32
687
-271
-1051
875
-249
-403
746
44
-462
-587
-500
858
-877
-599
-555
391
-609
1014
-1367
-515
919
418
523
-1175
-1153
-334
-119
-1009
380
-497
525
799
-150
613
-1412
1162
299
-343
-59
-191
262
-1195
146
-156
-742
-271
811
-156
385
-454
217
-30
74
-74
14
394
-300
-410
-165
192
-507
-486
641
120
861
244
-964
652
574
-223
519
-428
-273
88
134
-270
-547
368
81
-78
-1181
-906
-1028
-226
-328
-434
-1241
-996
-190
520
-1094
-15
-194
-189
382
128
-1458
-164
-1515
-209
386
-1454
-940
1207
-730
-534
-252
-396
-440
-78
264
-69
-667
-1369
-1021
323
363
367
358
1029
-1401
200
-298
24
-392
-85
-811
-407
-326
405
921
386
1277
674
61
-453
-859
-410
-263
-435
456
-1116
48
1163
-676
881
1990
1035
-240
949
279
1115
258
-938
-668
261
-532
-71
-702
1021
1117
1133
-661
710
765
726
-279
-292
83
255
-560
971
-890
1181
-1024
-1154
982
789
274
1087
-705
1163
463
-834
282
-51
-1501
677
-548
149
1167
2167
245
-124
-1135
-943
844
-423
-939
-319
-351
-1050
-523
1440
44
-232
1614
1093
-368
-1280
-193
178
-539
529
-222
790
189
150
-283
166
-438
61
-773
-1382
-608
44
919
398
-656
-184
724
447
-1326
255
406
222
-706
1416
481
601
-1766
-1079
-1073
541
184
1149
-205
-428
-660
492
-786
588
-867
1179
-942
-175
-615
807
199
-18
-869
-4
275
279
-216
1038
-116
438
932
-524
-642
-170
94
135
-114
-82
-284
-350
361
-1081
-872
-773
-1064
528
-826
-617
-1898
1029
-570
-1146
82
842
-1680
411
-246
634
774
-1886
1841
394
154
1212
1373
1745
761
38
887
339
-389
-872
110
186
567
-518
509
29
515
-739
-446
818
857
406
398
104
31
1059
-590
-940
-620
537
-1180
-1222
-1345
653
329
-917
324
-357
-856
-809
-764
1098
203
53
-674
-888
-606
-1115
618
260
-84
259
954
-324
158
-1130
-355
-117
-729
-217
-614
-379
-627
950
-1197
160
809
117
-738
81
-1463
599
113
-1307
-282
649
438
210
1109
703
999
1375
607
-642
32
-1006
-27
287
1777
-826
216
206
-174
811
-648
-245
622
909
-457
-1155
-898
149
-919
-387
352
492
-504
66
-1304
-305
-369
956
-342
827
782
-155
-1310
-1814
1963
739
-1614
397
-118
-1385
491
-481
507
385
-78
556
-136
407
-1256
-348
86
1704
-825
349
847
-650
394
-1283
103
-581
-406
303
-411
-788
464
-793
630
1087
989
-209
354
-276
-519
668
-416
-1184
-1621
-170
-121
-434
585
480
170
408
-670
589
909
-756
64
300
-782
619
281
146
-357
764
847
-496
-365
636
560
-156
132
-209
-661
203
748
-12
163
-355
-358
696
579
-758
1610
-830
-690
33
-921
-179
-1092
888
-651
-460
-163
618
1047
-456
345
33
231
1126
-124
-1123
-228
684
-152
507
-208
836
-130
569
912
941
797
961
962
658
-864
-250
-875
-100
-881
569
-246
-730
-694
2
-832
301
-89
119
-743
619
-718
-200
-467
-15
763
-1834
-1032
1027
328
1275
-1285
-64
-745
-193
434
196
513
-862
-1980
121
-351
-1160
-96
-1470
332
-817
177
152
-472
-1195
-1804
910
-797
502
-485
238
-391
788
-1115
1706
-244
592
-669
529
-642
-877
-294
407
903
-1046
930
-1053
-15
-1014
-629
452
-657
298
1839
-472
170
-1254
331
-351
-377
112
88
777
1021
-144
-1045
-482
-1475
-81
1371
962
-106
-902
673
1331
692
970
318
-185
40
-412
105
-412
-1233
905
277
-490
-362
221
-641
-342
-440
1028
-1282
-887
434
1102
-44
958
95
-72
-410
-1389
-852
-536
34
748
802
616
-1931
219
-1183
-233
608
-1071
-396
1378
-243
-34
-860
-286
-178
227
488
-1549
1297
-132
481
-668
-1295
-669
282
1061
932
-384
27
331
1264
132
478
-1418
-835
1727
-776
-1225
49
844
372
-538
866
-674
-980
413
-483
118
894
-214
-72
844
55
269
861
113
-356
512
67
172
286
-232
-653
103
58
1504
556
-770
-88
65
-127
285
-975
468
31
-16
-659
-471
185
-37
-680
-372
512
-137
277
41
-869
1430
-178
133
1515
1868
-276
957
133
638
55
-720
-300
-146
-1235
-695
-878
946
-222
-716
-568
320
568
-983
-876
-590
-340
-903
159
-265
-632
-507
1792
827
-75
-531
-1603
914
170
-1189
664
-1254
-435
-93
232
691
816
264
-978
-270
-345
221
1261
396
949
1578
2208
4
432
-16
-1297
-638
508
-173
557
1088
1028
609
-201
268
-1068
528
649
377
24
1151
-611
1621
1013
-253
-75
830
-626
728
155
-573
-1104
-481
-647
637
-184
-226
1355
-318
719
-84
-1629
535
-102
-206
-271
-779
754
693
-473
-999
-842
303
-398
-326
798
-98
-198
996
242
632
-966
-814
-1205
-1010
282
191
-653
-313
1147
-1403
725
-999
285
-197
639
675
961
-282
652
679
-644
-440
59
-886
565
1023
-1172
-423
-406
142
1259
343
-1647
-32
-346
1387
256
-1725
1298
-1285
498
629
1578
-120
-1213
1197
13
-474
985
-434
-294
452
1076
979
368
-977
-915
-1728
-756
-245
678
-850
1014
1279
-44
287
-1126
-516
613
-166
123
1867
-272
-161
-917
309
336
-532
-482
-604
-179
-449
-679
-839
-419
240
-1893
-426
-401
-697
1246
481
558
174
-481
-1345
-1169
-401
-175
