50 100 841
0 0
0 7
0 19
0 45
1 30
1 39
2 9
2 15
2 30
3 0
5 14
5 17
6 15
7 3
7 21
7 25
8 9
8 10
8 17
9 0
10 49
11 35
11 37
12 8
12 27
12 43
13 28
13 48
15 1
15 15
15 22
15 31
15 34
16 7
16 18
16 29
16 42
17 1
17 43
18 11
19 12
19 46
20 25
21 7
22 1
22 12
22 23
22 43
22 48
24 1
25 34
25 44
26 7
26 29
27 28
27 36
28 20
28 49
29 25
29 27
29 44
30 35
31 15
31 27
31 35
32 29
33 1
33 9
33 16
33 39
34 3
34 21
35 24
35 42
36 13
36 46
37 3
37 8
37 40
38 5
38 33
39 17
39 35
40 20
40 29
41 20
41 36
42 15
42 16
42 20
42 34
43 19
44 13
45 22
45 29
45 36
46 21
48 35
49 1
49 29
43
0
37
51
96
86
6
67
88
9
97
2
20
16
19
50
14
74
84
38
46
61
30
87
42
78
23
45
68
29
5
92
62
89
48
44
47
1
13
82
21
76
40
79
26
85
18
31
56
94
98
70
77
39
36
41
64
71
7
28
58
3
57
22
52
55
32
10
4
27
49
66
8
90
93
81
69
80
34
25
83
35
59
72
33
65
15
91
95
54
73
11
12
75
24
53
60
17
99
63
570
-111
-2359
-497
-707
402
951
-873
593
1104
-169
-794
-113
839
-1541
796
46
-1019
33
1292
-480
123
-731
-1053
563
802
-1244
-402
542
-851
1791
139
61
429
-508
965
177
837
767
621
1110
-974
-448
969
249
502
160
-491
-1160
-1416
1302
672
1202
-449
-272
532
-559
-944
-698
-120
898
-1188
-201
1091
295
-140
499
486
-127
461
227
1320
300
26
-62
637
-596
395
333
143
1394
1623
1234
416
817
173
-817
1076
684
510
-1121
797
-411
-632
142
-331
-1196
1257
128
-472
-1014
-976
36
695
247
-178
1145
-243
-895
-59
-663
-637
616
-196
1665
-650
-1565
118
-618
-2
450
-711
-463
474
1629
126
822
1313
883
52
-429
987
468
-1163
727
-790
593
-302
-1138
-767
533
-423
1102
-210
492
271
-220
809
-263
811
-22
1007
-62
427
512
351
1113
-903
-727
851
369
-44
2235
385
861
-195
-407
831
-592
-1651
602
521
118
-238
897
-653
1570
-91
692
221
84
1138
-701
203
-79
49
-939
326
1057
-517
180
454
-208
-1012
-200
858
551
668
-391
170
405
884
604
-234
223
-742
-677
232
-689
415
72
-90
-736
-588
-1244
-266
-574
-35
86
-841
545
515
-1390
193
89
-24
270
16
-1979
-433
-909
1063
2054
-364
-1211
-801
-1896
-194
-9
-422
-1990
-324
-1936
-1105
-432
-417
160
372
-902
-1174
594
1105
1222
-267
1297
-1099
489
-241
-1078
-360
-586
-1396
-102
-572
-877
214
-210
518
-821
-350
-29
-336
-796
-910
142
-206
419
470
-225
-887
47
1409
473
-56
-347
763
1241
309
920
-257
1112
-1079
-390
-456
192
-786
-317
-930
-1110
-1244
-484
1168
-946
-1013
1069
926
-33
859
1483
-239
-1588
-336
-1135
-228
-110
165
1917
624
-222
-194
168
1931
1704
898
-173
-692
-581
683
-109
1018
-500
-1560
-687
203
1398
-36
-384
1
-455
-1449
573
63
1768
312
-373
-475
975
-899
97
-695
658
602
246
-968
1224
-200
723
364
-834
-554
763
-170
345
981
377
-723
353
-347
-807
-226
-1329
417
20
995
-1587
356
421
300
10
3
620
-719
-79
-627
922
-621
1352
616
-937
98
154
-613
1362
-577
958
2111
494
-14
997
314
564
-557
501
-1018
148
-234
-1159
-1401
86
-787
90
19
-308
1140
112
-249
-1300
-353
-477
-646
73
117
105
-623
-926
593
-27
-1160
-1351
-663
-980
-1003
421
-235
-944
-248
33
414
1108
1382
-1232
995
596
-896
-5
336
1190
-642
16
-248
-451
-89
549
-265
-1436
-4
-439
-322
1512
-1495
-1404
274
714
90
279
-1236
-1067
30
880
-1488
457
586
737
-499
130
-400
-311
-134
-15
397
850
338
-562
-184
176
109
-1379
-302
-156
1019
-715
216
303
273
117
649
-479
-285
69
731
-56
-555
783
-307
-1017
921
318
358
-79
177
666
-861
-537
-162
97
-562
361
-925
-721
-532
1230
485
106
1003
-556
-505
-370
-580
-497
1519
370
83
4
-368
85
461
1004
-99
380
1468
1287
-891
-109
-180
-485
596
-269
1088
1155
-789
-217
237
2546
68
-1612
1640
1140
-422
927
-145
1178
-504
152
-104
348
744
-1221
-77
-256
593
667
159
446
-30
-798
125
-812
895
-1196
-28
355
442
232
1245
292
111
228
-485
708
-72
28
-475
59
409
1024
-334
-173
517
58
-68
942
-1492
-769
252
-362
-2272
-773
-434
-528
1299
-1088
-866
190
-832
-423
-1414
971
-741
554
-1192
880
40
161
-111
1957
-241
-1055
-1347
2342
193
463
1406
-98
1124
-1598
33
-1599
-346
3
-345
827
2599
-488
-1940
-353
855
-235
-787
826
384
-2
-765
-856
-549
357
1497
758
-83
1624
795
-734
-76
807
-880
-1144
-214
294
-10
619
-727
131
-513
710
-495
1654
372
-406
-408
240
639
1278
-219
73
-522
649
62
1012
-1440
1231
641
2407
146
723
1197
830
-1009
-1688
357
437
-433
1381
223
288
1526
17
-280
933
963
-594
690
-683
-736
589
-449
3
-361
-76
-1390
109
-575
1364
-718
662
76
1229
-396
860
175
874
1637
643
71
-1198
1041
-641
-54
128
1069
-107
-440
249
1670
-87
-635
-1910
-692
963
-140
-2512
1802
996
525
17
817
-2353
301
-1304
787
-31
-309
-903
-17
-230
59
21
697
712
1163
954
233
-1823
243
92
595
-1054
-1859
-146
247
-1283
-28
1885
-488
455
-894
607
144
-1314
-556
333
-455
175
215
172
-919
971
545
345
607
-1652
418
-234
-6
-1357
759
161
-851
1799
1370
1250
538
-671
697
-243
-969
639
864
-502
590
197
-961
-120
-973
39
344
1026
1080
117
-276
217
-859
918
-587
-681
-713
-20
381
-680
503
1003
-813
-633
208
-36
1285
-687
44
-515
1538
1028
-424
277
-187
1244
-343
143
-464
-399
-399
-100
-26
-654
1175
569
-1245
548
1888
76
-1112
-442
-2323
706
-232
118
-45
1908
-888
320
288
317
-126
-193
282
-901
-369
-1005
-580
761
-1282
-1200
-104
506
334
960
-45
363
83
-98
502
-1231
686
555
-556
217
-543
-138
-386
-1388
-576
-487
1681
199
-269
662
631
1206
-131
-687
484
-721
1543
1129
520
240
682
1721
512
878
-715
-613
1849
-1042
1424
10
-833
-767
-1227
-264
66
504
1111
-869
-1069
723
-189
-415
-29
-1139
864
-407
-1485
-125
-84
-177
-703
-78
-997
309
1032
-217
-433
-435
-447
480
311
-37
1918
-524
-156
-583
-269
491
375
1938
-734
865
134
-14
29
729
-1640
-387
-613
1754
-1473
-991
504
1430
-202
27
315
251
-39
-531
602
292
-1101
594
-1371
1210
584
498
88
-94
-1251
1343
1751
240
-1046
-179
1875
525
-974
500
172
-497
775
1834
770
-994
718
363
-132
-173
251
-580
463
-163
1
166
-795
693
201
-4
-322
-797
-436
-1471
-1618
-1297
-1073
-4
1055
1704
-1218
1362
683
-234
-911
-460
786
-48
-713
-711
1125
-970
235
-837
669
-763
-79
377
63
912
2215
2350
388
1048
152
670
171
995
-419
242
833
1123
-538
693
-533
6
302
-838
-1796
1434
1369
-995
775
245
-1703
-413
201
-1794
-1623
1048
887
35
-716
-679
-630
-399
-453
-1315
-144
1144
2117
120
989
-1002
-847
-883
-1045
826
1792
-285
452
-2412
1322
-1846
-304
1263
-313
-443
-527
-1057
655
-436
-132
-503
874
-862
360
486
-801
1406
-321
200
180
-913
343
1668
112
-814
1825
-145
-703
-1665
1098
473
181
-474
-83
834
-175
665
-900
8
-1022
-438
379
-1741
102
-794
-158
-499
841
1769
736
756
1215
-488
768
275
-688
147
-578
68
662
-304
-225
-184
-47
-7
208
-137
49
-906
-803
587
1005
-339
-909
26
-797
815
-234
-1036
258
-33
-820
309
255
-334
-274
671
-1047
-1439
-173
1471
50
-693
-713
191
307
-1326
-1027
51
900
-485
-739
-232
-1752
-656
694
1414
-734
-400
-444
549
2173
-871
14
-829
-1175
-1502
-207
703
428
206
443
-1358
685
991
837
727
697
0
-705
591
-1111
471
254
208
-515
938
517
-399
-1513
-889
1827
-225
922
207
-279
-686
723
292
613
94
-578
1448
1224
-606
-1435
-852
-349
592
-987
2113
252
-325
14
781
-483
136
-476
1273
-426
-85
-1367
-773
106
1134
824
1320
831
-761
1564
-756
191
-685
-384
724
970
55
75
-372
-938
489
961
742
268
449
322
1649
45
-2177
665
-985
-690
335
88
-236
217
-686
646
2053
166
668
74
-1682
-752
-1161
-663
135
145
-510
-361
-302
-140
69
-1272
551
-598
569
18
401
66
-1748
49
-1371
354
289
573
-558
-435
486
-267
1235
-1162
-196
-829
471
-694
2017
1093
-309
401
1842
-936
-183
639
2159
-198
199
123
-804
15
1798
-222
319
967
905
-616
-461
-740
-2038
-655
-286
386
-41
44
-274
-439
-446
-842
1341
738
-974
-29
-61
1805
-27
1501
-2502
-320
-1014
145
-1740
574
-1675
242
943
-387
-1134
107
-530
-1402
973
-128
534
1835
-438
69
-1867
999
-1422
606
1554
7
-299
449
1056
613
2276
-1885
-1030
-198
-189
195
-187
68
-1213
254
-276
-1933
618
-281
-305
74
-138
388
660
216
-1679
12
-218
-164
-1726
362
314
-1194
626
-273
-1265
-31
-699
-1309
-200
497
1807
414
-215
-170
-473
-1014
-1192
-910
132
-1235
10
-815
-662
338
1469
974
251
-216
764
-1607
851
855
748
653
-426
287
-1379
-959
582
363
375
-1976
378
239
-936
-428
-2223
-648
717
-682
-179
-264
630
-1010
523
-237
-1152
204
-829
-179
-216
404
580
-530
-459
-707
-219
917
546
750
848
589
-1240
535
-686
-930
-166
75
1993
1317
706
245
114
-1343
385
-898
568
682
1305
903
359
-1778
164
1047
1141
776
-1333
-39
195
-912
-2265
-43
-1105
-689
1815
-301
-599
177
672
-161
-187
-697
125
914
-1616
-401
-1217
218
-1024
71
1214
69
-351
-52
743
92
27
-742
-1237
-475
43
361
1170
473
311
745
-997
800
-702
-1020
-87
801
-1017
-44
106
371
228
-1186
460
-27
772
-263
-137
-500
-1013
635
509
687
-1555
1378
542
-217
1792
620
-360
158
611
-520
-1139
1528
108
-843
503
-330
539
43
-270
93
-164
388
-256
571
-2483
872
-408
263
340
428
911
275
874
2149
108
-261
-495
-22
-729
-1326
391
-322
531
414
-91
-757
326
146
-1307
-634
189
1509
-929
19
-175
1697
294
-202
-1399
147
2311
1042
-293
663
-79
362
247
-386
-569
-1727
-620
-365
238
-153
-169
-212
478
1483
453
158
400
555
1218
-390
-325
515
-487
-707
-1228
-92
-2291
814
-1049
323
-255
-127
-2358
-255
-783
-2330
413
711
-978
1164
530
951
-1074
-888
-624
-559
206
-31
1107
-178
-815
384
771
1420
-1150
-909
19
1517
-2141
900
-1535
-844
498
-133
620
-1078
546
648
-233
-519
-2084
234
-443
-620
35
-529
-1053
2054
-675
15
-121
221
406
-105
-91
-479
-337
439
167
423
500
-1182
1619
-1658
-730
-346
29
-319
661
-13
65
-1573
904
416
727
-581
-285
1323
-74
1243
1592
-751
192
-649
702
2284
829
236
8
142
890
861
-355
-675
-845
-813
-1886
-1212
-1169
-829
409
-997
-988
-266
-519
-1371
513
208
-2382
158
-976
-44
-1261
-909
1091
-564
880
804
932
-603
71
-846
507
-196
1143
-234
-1588
36
-394
-443
1572
-673
-1386
-674
-1408
-689
-475
-1260
-923
-1221
-589
105
-301
-139
-566
473
-583
-104
1422
-481
879
-261
404
113
50
-31
943
-632
-450
76
-349
-545
-565
-683
-100
496
-823
-141
-229
609
1634
-596
1234
456
1179
-1226
-402
499
-557
-1066
-408
1006
-1232
-308
-706
599
175
-793
424
1043
899
1222
-1574
721
1204
-290
947
631
466
-151
-2003
209
-1120
1755
694
-566
1596
232
502
-1407
221
309
-278
-1261
634
-592
574
1292
406
-1270
132
1473
-336
-199
-560
939
1183
-1385
-1319
723
-396
553
156
599
5
-845
-475
-1597
551
-897
-489
-712
-997
1235
67
-1343
-119
-758
-373
205
-164
-626
231
-959
357
-1015
-901
202
48
-562
-199
523
-375
-1882
86
-27
881
32
-419
531
-721
-343
638
1841
-520
-120
-1833
-754
-495
28
-276
-2143
-525
251
596
154
-467
-3202
-205
-137
-1095
-1471
-577
259
-138
-445
2343
699
1912
423
-239
193
407
689
-1134
-355
-1021
-849
-120
-401
-857
170
-1281
-702
419
337
-589
602
-688
-1013
1571
-1495
-211
169
-834
914
-251
1071
-761
-1084
678
87
-526
-752
917
-406
311
222
-222
351
-839
605
19
-629
670
-756
404
-447
417
234
278
-663
1669
-1078
966
-157
849
807
752
-975
49
-173
500
-1340
158
510
1759
473
-243
-745
-638
679
-869
776
-698
1101
1252
16
-1670
-319
1296
155
-1403
1091
-193
690
1450
290
1096
-6
-457
-878
-265
55
-830
-239
-98
424
370
-530
71
-626
1418
601
182
1084
-5
621
427
-571
-320
-510
-72
-571
1231
-269
602
-760
-329
-981
146
-809
-317
-420
574
-846
-596
-581
2222
27
-592
-1261
-721
-1415
-942
614
-52
-772
-241
348
-1285
-1097
-465
340
-574
-893
303
38
1372
717
-626
388
-463
1310
-417
1189
-827
252
-1828
797
-1542
132
800
640
-857
-1505
688
-1257
-194
612
-221
-1952
-529
743
1122
-245
689
-977
199
-438
186
-337
358
573
-1649
106
-518
598
-575
198
961
483
-216
1353
602
1640
-963
-863
252
1023
561
613
475
1500
304
-793
90
372
-838
-97
-665
-1408
499
877
743
1047
43
499
164
382
-967
1021
-399
-232
706
195
282
799
-217
1247
-556
-414
402
472
-1127
1784
854
128
657
250
78
1101
201
-639
-892
-995
-1353
374
-603
-289
386
-624
-306
1903
-1224
1653
651
-1006
290
-668
-1358
-4
-347
-430
-965
-1471
209
-1448
-422
467
-617
-105
908
-473
869
-50
96
143
-293
319
-43
-344
896
17
1090
431
432
918
220
524
-941
541
1339
-758
-325
-290
408
-761
128
-838
1037
-789
2001
-469
636
619
150
366
728
239
-174
419
-227
196
-237
-587
-347
121
-757
181
639
-1142
231
1206
1081
-237
-1458
-37
1126
-1564
-542
2058
-252
-559
-1771
991
-118
-679
-254
-1530
596
279
-194
641
152
325
240
1487
1368
579
-1611
697
114
10
-899
1659
-81
201
423
153
947
1259
-1597
-436
678
-140
894
-29
89
-597
1003
-1581
877
742
543
-894
-653
10
19
1218
1959
1315
-458
-706
-199
479
-613
-1020
-278
-330
-6
299
-549
1412
213
-1084
-456
14
967
-1030
536
-303
935
887
-180
355
437
423
2051
1155
-2130
256
-1077
-666
-71
-231
-1055
695
-169
-745
1586
-534
-776
674
-652
845
483
334
927
-248
-1570
-371
-675
895
-776
-592
-267
-108
225
367
-681
-438
-701
-429
-87
579
-478
307
743
763
155
-1167
220
1077
91
209
-243
-741
852
20
2151
-376
-315
59
322
829
-363
-308
-318
-352
-895
-1621
579
-447
-447
-390
-271
-808
688
276
688
1055
-362
-1867
1186
381
1121
-747
-1473
339
370
1233
-517
1778
469
154
110
-304
1068
-293
441
-87
-355
382
1916
355
171
605
-1185
1033
358
-340
212
170
303
-1531
-1515
-645
-2258
-612
685
-1057
-207
-205
1448
796
1407
-654
559
-1281
617
1179
890
-459
-954
668
-950
304
882
-802
-332
-172
451
-1164
-456
311
-81
505
-1325
658
-117
322
-433
1076
190
-89
451
197
30
-539
907
872
-645
416
749
-581
1241
536
298
56
-172
-624
-502
1315
-1511
3510
572
-60
-226
805
662
-216
105
720
-1074
-88
-1276
-799
1601
655
-43
174
446
42
964
-835
308
977
202
469
821
-244
62
740
-722
164
1098
-766
-268
732
-167
292
-719
-1104
408
918
-174
-149
-91
-1148
1201
-1132
560
-162
331
283
-470
-245
-148
1084
-506
833
966
-851
154
237
517
-301
1135
176
73
-621
56
705
907
-848
-49
2033
-435
1
-320
-878
1
1736
860
-1019
466
1243
20
-716
106
415
-654
728
427
217
982
-507
700
1422
-694
-74
-1641
56
-5
722
362
-3
-885
647
-346
-461
-547
-1742
-3
2587
562
1072
-1240
-1154
655
-585
417
854
-635
-848
-28
-537
143
868
-1144
-371
932
737
-82
883
732
1123
-873
439
132
1151
-731
545
74
-427
54
1632
355
359
-142
470
-1431
-673
1126
38
1004
511
-1063
-404
1287
1533
592
342
50
1569
604
-688
-741
-345
246
1662
347
-93
1042
1990
773
525
98
-522
-334
-212
-979
-166
677
-791
-477
-694
238
-568
-1432
-1216
48
-239
-190
-472
382
42
568
498
45
-45
555
-627
-604
1006
-362
-1314
536
-618
70
394
-422
-315
304
466
-705
-392
839
120
-1058
773
307
-226
519
-528
-571
0
897
604
-520
768
119
-1613
302
-1256
177
-56
-307
425
-1578
828
36
516
-99
426
-219
1671
-259
-265
522
-377
3
-1377
464
-414
-1771
67
-434
-1393
278
642
-217
188
169
-152
-466
1280
-1432
-903
-2002
959
485
-438
443
50
91
542
-1042
-330
-737
948
297
207
-135
230
-678
-542
288
-1405
657
860
862
-443
-554
276
-1279
245
-421
218
-141
-1178
-353
324
-193
-681
-992
-278
-897
50
958
-743
-96
356
-34
122
-1090
540
-111
-927
266
734
397
-1377
-469
-648
2197
-858
27
212
506
698
463
2172
-590
-940
1242
-1488
-161
-1072
198
-668
-481
-1836
-537
-1312
-69
1019
-1053
1196
-151
-479
-51
216
-904
160
1106
146
766
795
710
502
646
-1536
-119
-245
453
393
751
-72
-862
-771
-2928
196
17
-1054
829
-602
1101
-224
266
95
-368
704
-109
537
590
832
870
725
99
159
-1558
109
-1238
558
-323
-1316
1551
-761
-567
1460
-320
-590
143
341
616
492
173
-185
1105
115
-366
110
1456
547
266
-263
-427
-1046
-17
1339
-44
1352
33
-1496
299
-376
75
263
-735
-495
-1561
1113
-60
394
281
-1448
61
-549
595
891
372
-342
402
-711
-548
-107
-1158
-189
459
-346
145
1645
-1710
960
-302
324
573
-624
484
-1181
1175
-983
317
372
410
462
-325
-177
-611
-209
1419
624
885
349
-1977
-688
392
1654
-311
1070
397
-747
-1677
-1256
1006
801
-1394
272
278
-282
-1165
-349
488
1115
-266
185
228
-269
-5
114
-302
-561
458
-971
-237
-388
1695
115
-361
-373
455
-396
128
-461
740
-1315
-178
155
-43
-2345
621
201
647
-56
206
-220
113
34
182
122
2269
-1447
-618
-88
16
367
721
616
47
-688
618
282
189
1348
-431
-556
703
937
-825
308
-232
-668
-690
-194
980
1214
-682
-272
526
-1650
-111
1733
1119
551
-565
-662
-753
-1040
-1297
839
1376
-649
-235
-873
-571
-420
1035
702
-805
-594
-512
1004
-1608
333
-82
-691
-378
657
1320
-904
-1173
1191
-1898
-765
-996
-68
1324
258
-2314
-200
-439
-510
-495
478
-216
1339
519
-659
8
934
-749
-144
-12
-554
369
1109
-525
-13
-1271
243
107
-1213
390
-452
1334
-1606
600
-482
-1614
40
-344
326
-172
-258
-668
331
-1058
844
112
-242
-802
-913
436
57
-289
1154
947
-268
-16
-539
-1360
1314
-78
154
71
-643
204
-1535
-302
303
-164
257
-1155
1617
111
-58
-492
-420
-930
-390
860
817
669
-1011
1700
481
268
-131
1075
147
-523
-184
-753
-1375
27
373
-216
935
-496
-1689
-748
-2067
1819
6
1035
589
1077
-604
570
-561
-1407
-257
-806
-395
374
14
642
516
2182
-275
1695
-227
-343
-297
104
-1842
86
438
449
-2
-284
1215
-614
-69
-435
-1259
4
-761
-58
1082
-324
187
-158
101
-56
733
-660
-718
-1319
-291
-1116
-759
591
300
1404
1611
720
-856
953
384
338
782
-206
776
281
99
1339
-48
264
504
-1570
1157
-799
53
-328
-137
-668
457
1563
-540
-1053
-1040
-1163
-68
-307
885
-361
-1085
376
-133
-1180
1120
1201
-234
197
-397
-46
-1280
-345
-115
107
852
127
832
-281
-399
11
1136
327
1821
390
1012
-2
-862
-577
1332
-424
-477
-723
1189
-925
0
2076
-234
405
699
1375
-3106
2219
-250
140
-7
271
-727
-1025
-250
130
-901
741
1375
-1476
-1141
1619
870
1405
1169
1174
800
1358
-1141
315
711
1298
-194
2476
120
-343
2038
1646
1137
381
-1348
587
1024
456
-153
-1851
-907
-1157
-857
-1243
-481
1806
171
-1038
1229
-1211
713
-399
1563
2635
-1492
636
203
-87
170
1461
346
1165
635
-349
-766
1170
2784
880
1091
-230
933
-217
914
72
26
-49
803
-158
-24
-5
-54
1256
1126
-241
-699
-766
455
-504
-1922
-59
-330
-125
607
172
-1113
-481
-1165
874
-1049
170
571
-51
729
-747
283
150
783
-15
-682
-883
1054
-41
-146
-279
1820
344
-1110
340
1604
-867
195
-308
204
769
803
227
641
26
1718
-675
-116
1522
1228
-1000
-417
1248
277
122
939
1428
40
507
282
1420
467
746
-996
-1278
585
110
-223
-947
-367
334
596
-65
529
755
775
-718
1017
576
-2023
282
412
-787
-291
185
139
-129
-1082
-188
1603
-1125
-494
96
325
-573
-135
141
-253
1224
-992
305
320
-328
967
-1460
-88
398
-2105
109
-668
231
1543
-405
1336
119
-1239
324
-930
-848
631
657
1242
676
-681
450
2169
816
-174
448
479
2127
370
842
809
52
196
843
1053
142
-105
673
961
700
532
343
-324
-96
-651
872
-219
-956
963
1064
-1155
-43
-886
-847
1368
-1087
595
894
1054
118
354
-661
552
891
-8
111
901
-897
629
-454
34
-341
419
-5
-299
203
435
-757
-194
-365
1218
-784
1599
703
1250
-874
-668
897
1116
-1813
1154
-32
-593
-1137
-170
1291
187
-91
-1782
-1501
386
-190
668
-225
-922
862
-832
-950
-1139
1332
-6
-433
312
-380
-535
-463
-607
-432
89
-1882
991
662
-1001
-1854
-18
535
-671
-399
-437
-341
397
-551
886
379
-164
-1044
1697
-1206
-277
463
-49
-729
-6
-946
-423
-913
-601
256
-768
-1566
1121
266
-993
32
391
1430
-473
-474
814
-173
-668
96
-2086
2081
-677
-1285
630
844
1053
-921
-352
-623
-649
-133
594
-932
1089
935
-253
-132
-287
119
-129
-193
291
744
-788
-386
242
1095
1186
-213
-859
-1496
265
-575
1019
1215
-621
-421
-1115
512
275
98
-629
667
196
-175
-602
-442
133
329
-193
-910
-1817
-121
-198
1272
-1095
238
246
1094
179
-582
-535
986
-2090
570
-320
-417
748
113
-713
-176
-759
-317
490
-474
327
-250
1527
-459
2193
-807
774
-597
-83
-1195
203
-459
-105
-382
-977
-60
-1225
-77
263
587
-204
439
-883
2262
-307
-438
-589
413
-696
1327
33
957
-138
1481
-1026
411
-224
-550
1228
1389
102
884
92
-201
611
-19
319
-94
1266
232
-832
-1164
2219
168
1107
-261
936
-1592
1042
172
240
-1130
-812
450
442
-1314
-156
-806
640
-704
270
733
-626
76
12
-212
-414
-1406
994
-286
-722
-267
-2642
283
-668
-878
1576
-25
-1181
-505
2211
-572
-711
-1707
71
-971
360
938
633
-78
905
1171
-140
633
613
1161
700
1970
-438
378
-726
-330
1098
460
-183
238
-118
141
955
211
-176
77
191
-407
872
-642
-825
770
310
239
-1412
1023
1026
125
1106
-1262
-577
-599
1126
-1506
465
-252
-880
368
-1235
1725
-356
-207
672
1217
359
1420
-314
-704
531
2392
-401
-993
-1517
-1291
-596
-685
423
-2407
277
683
453
1195
305
71
573
783
-201
-68
-301
46
124
322
498
-125
-1483
436
323
2375
177
-218
-859
-1245
1128
118
108
87
515
122
8
-1036
2076
146
-1081
185
-534
-1027
755
703
-3144
-961
266
965
1185
550
-984
434
696
-157
302
287
44
161
-710
-875
-1206
270
-357
1712
-613
606
1194
-879
1103
-682
101
-1346
1211
-1646
496
-868
1039
-971
1471
-235
-1048
576
363
233
788
-1049
796
-296
-326
-439
-35
-933
-1383
-1502
-588
-565
-519
-1118
631
1227
745
31
913
481
-402
-700
-503
751
-855
1716
-19
372
-441
-329
119
-224
-596
-429
1109
-1134
-1053
-322
-927
619
810
1320
-1297
202
-43
211
582
1205
-469
29
1737
408
-96
-796
252
-707
117
-192
73
1160
539
463
-175
-53
526
-220
581
671
-690
16
391
997
-1222
-316
-8
-506
188
387
-1097
718
275
750
-314
428
-334
137
-555
-146
1394
105
-518
-1851
-457
-332
-2281
463
1363
-994
438
-682
199
-1030
517
33
381
-784
-921
45
1154
-249
-87
2385
191
-1093
-387
-628
-86
-742
57
268
629
-579
380
69
-752
-818
1049
747
1245
1470
487
-314
-109
-459
839
221
574
-1156
-290
-760
-1541
-169
-965
-306
93
244
785
-1068
-1039
770
1183
502
-286
410
-413
-351
-80
100
-1966
1389
100
-174
-969
-349
-1013
72
-1201
342
16
-1697
-622
400
333
-167
244
2003
-824
-1601
-459
582
575
-895
-366
-1086
-999
18
-1966
1400
-1238
396
-1641
-427
240
535
-888
-1347
-572
-266
677
-198
2062
570
-660
-228
229
763
-1123
-522
-1753
30
-2534
1089
770
-380
-996
271
-1726
497
1192
1759
140
-719
-405
-1020
-750
-396
-648
440
314
700
818
-532
92
-313
1343
2226
-723
1122
-799
-1336
-1056
581
1878
-428
-151
1012
1962
-205
-701
-1016
-459
-564
-466
665
199
-1969
162
1062
-105
-643
-846
983
-1839
35
1128
-999
705
-1746
388
275
1113
155
1155
880
248
1881
1428
790
588
340
-1275
-811
271
-1833
727
72
303
617
191
-752
814
761
-1426
299
210
-40
-228
-16
-524
-133
-103
669
471
1509
533
-10
-861
717
1286
-555
-441
-94
1417
-11
301
80
611
-909
-830
183
921
2096
-1428
534
-94
125
354
-454
-606
-33
-194
343
431
-796
979
-346
1002
322
-563
204
994
-399
226
-729
-801
-312
1192
1641
566
-129
-346
-1690
-49
-951
792
-871
-115
740
1753
680
1129
1160
-85
-1020
-749
458
-1493
243
-507
-584
-1018
-1226
1177
-280
-1640
-708
-499
-678
-973
120
-372
1373
-11
467
-1891
-839
-1057
78
129
-799
-55
-595
82
-662
1298
-448
-1510
-984
457
-1131
-1505
-621
41
1188
266
-645
1264
1241
-1826
-142
659
274
1002
-903
-474
-251
1198
-1084
-15
-151
-452
-145
-752
515
-43
-267
304
-969
1093
-83
-446
625
-529
368
-1842
-978
-155
-635
-59
-726
81
509
437
979
-314
-1163
406
163
-323
58
227
853
138
368
740
1166
93
-72
-365
-1490
291
-312
1541
162
-1244
-180
1807
45
-1109
-382
270
910
100
143
1605
-896
1038
439
1004
-94
-1023
-283
28
-428
1012
357
-947
257
1125
-113
-1107
-696
655
-939
-224
481
799
54
7
-623
197
1384
-453
-2004
41
1778
493
0
-136
33
-75
269
-251
-1134
144
-1174
-1276
-800
27
1315
547
-279
-903
-259
440
303
-546
246
10
-277
1379
272
411
949
345
1085
-209
602
246
366
-974
465
1500
751
-708
-667
47
267
-44
993
-383
632
-54
-87
-173
-317
-814
828
138
303
-377
-423
7
956
225
1380
483
191
446
1099
633
-659
1024
-52
856
-1194
1237
-641
240
1569
1106
27
-959
-1509
-176
-95
-97
-6
943
439
-48
-1133
-1043
2351
-597
507
-1490
-888
842
326
-572
-86
908
392
-232
782
318
-1014
-220
-1305
-641
-899
969
657
-542
-860
-510
137
172
-868
-829
249
902
-107
1333
-421
1683
-383
-532
-1337
-353
-618
-1124
-77
-324
371
-1361
115
472
-322
-277
-1199
2106
-1646
-130
348
-1321
-521
-408
1252
-655
-1176
942
-934
-401
-638
1060
-1757
109
807
-1530
-933
-1393
1022
-396
-44
-15
266
-631
969
979
69
-509
-943
-1027
-206
1118
424
559
78
1387
901
841
510
22
-7
-54
-183
1261
736
1237
-485
310
506
-83
-1395
367
251
769
1546
976
-617
-565
549
178
-1280
-562
992
1439
719
18
830
896
695
-853
309
1595
-485
-781
-178
-869
1173
-1277
678
-964
-818
-106
-353
-186
-504
-341
-1418
-310
-1266
455
-610
61
605
82
46
618
1392
-2366
-1313
1344
-80
-1128
965
-306
-471
-170
1224
139
2264
995
-973
-640
-415
-1473
6
1260
-179
92
-154
-804
404
-758
-1707
535
-89
-232
-2113
-205
505
-306
-248
-922
-1033
-952
-549
4
-24
-784
385
479
894
659
-1135
501
1084
-780
1253
-1459
1316
-721
164
1190
7
-835
-187
-68
-1146
502
917
-192
1729
-595
-43
274
-137
120
138
-521
237
262
-54
-158
693
1145
2
-522
-889
-1053
231
-220
-563
1328
-1088
-29
-649
1260
-1232
889
328
455
-840
178
1756
-609
-234
-448
161
46
-712
812
299
99
-407
423
-1133
-327
-498
1152
514
-419
691
902
1069
-1770
-992
-271
-1997
-62
-31
931
481
-1086
1729
886
2484
-1644
1533
1142
1766
-159
-1551
613
850
506
-429
762
-1884
602
-117
610
1912
-589
-290
-495
-457
881
-725
-380
-2067
-1046
-72
395
-111
-86
354
337
-442
-871
-1351
-581
835
-533
178
-1719
664
-664
-296
-568
-450
810
473
498
-997
-379
-740
-789
899
1984
-74
403
-663
120
1347
310
-137
-2235
4
-200
-64
594
-1259
-884
279
1284
1090
618
-2871
-342
-1003
417
-476
-386
-386
958
383
-487
1602
763
-206
554
993
-22
-297
860
-77
-102
812
-838
643
-394
-1408
165
-515
513
-243
288
1212
-1474
-389
342
868
-309
-448
693
-396
-471
65
-1883
-247
2363
252
672
166
801
-72
151
-43
748
-657
1859
404
634
-568
362
877
103
-23
128
974
296
-88
2295
-279
373
326
515
894
-108
117
118
-82
-539
763
-1230
1738
-319
-500
-1232
1012
369
211
1782
-98
-643
954
-1053
656
1134
1255
-1043
654
-222
2686
638
323
-743
730
-117
-7
-846
-920
566
853
55
-95
256
522
375
-844
-566
-705
-431
854
-854
151
790
356
-899
213
280
752
1147
-720
-132
698
508
-432
531
1090
1001
446
661
1584
612
1278
836
1263
1027
47
-287
-1534
1405
-1265
243
-181
-109
-295
1443
819
484
-32
68
226
737
-963
-521
620
180
-800
-160
-370
-340
316
1127
1244
-3
-555
691
951
-560
-491
313
-764
87
136
1384
-192
-379
-970
793
793
-544
705
-950
-210
-264
-594
-168
779
-1244
1025
280
749
517
1855
-420
259
527
-457
-938
-1582
-212
1461
1116
463
-1633
628
-6
-828
-498
362
-725
86
646
-305
237
-1166
-294
144
119
-300
1439
38
-570
370
-564
809
-200
-1215
40
976
341
356
284
667
208
1088
-475
-195
446
-238
-1752
-1640
926
-1517
-1267
605
-542
343
-351
1966
-971
-613
-265
27
-801
45
1313
833
-1198
297
1179
1395
640
-1018
1833
32
536
574
-678
-544
-456
-450
-900
-778
-180
1898
246
-929
-196
-156
-613
-167
-794
105
24
1095
-905
155
-106
88
-498
6
1550
-790
-1068
2746
-1185
-699
1705
-337
910
-141
565
378
-400
-151
-1526
-299
-27
415
-1213
793
-286
801
169
620
-715
935
218
-225
-769
994
625
514
-1108
1531
203
-1986
-274
-969
-856
652
1145
-522
-102
-124
1048
338
1746
-999
230
-321
667
-440
552
1095
943
-759
50
-15
557
739
-793
-848
551
1131
-610
252
-1625
-269
-353
489
-369
-653
-321
296
-1033
-472
790
-103
413
-540
53
345
70
-43
-1272
419
-264
-742
-618
825
-665
-642
725
1127
-316
-1185
1004
-735
-120
-244
1052
307
1095
896
354
229
-295
-512
27
-246
132
650
-562
-598
-819
774
889
258
580
-254
423
-945
570
-615
-506
187
-853
76
824
-130
1263
-882
98
662
-388
-363
259
733
-446
-576
12
-666
-584
158
667
-1237
-1072
806
1934
850
-490
-321
-450
39
478
77
1488
745
-585
-515
488
877
258
-162
993
1359
-183
538
416
-293
-1327
-349
-900
1907
1227
1107
1962
-1376
-402
-1311
-163
1533
989
127
62
-427
1223
-37
-213
1378
-1186
195
609
964
-295
-112
74
-282
1173
-629
1163
691
456
939
-1246
-1725
-367
-1025
-412
-500
212
-515
-322
-6
899
-484
-802
-304
-354
-418
-17
344
570
-88
-52
332
-32
-183
868
544
1109
-7
767
-428
887
-77
-600
-487
981
-598
-718
-1207
-538
-790
1594
687
-151
-230
-1416
15
181
-138
743
1484
56
-985
-1404
-732
442
773
1252
-2049
324
241
-2371
-197
1006
959
-954
-2435
-119
63
328
322
-849
-972
942
-216
-367
155
937
776
-557
-285
-142
95
406
485
-1007
-292
-314
-96
-1399
-971
1284
336
-1068
859
-1379
192
589
555
1330
-100
-570
1056
501
-413
43
-21
-595
738
1093
-390
-804
398
208
-337
-470
716
1616
338
822
-194
451
39
1171
-398
-1817
-307
-994
107
-349
-22
392
1683
-1096
-1110
-248
-338
779
-1884
251
-1175
66
-652
2
-1857
973
-246
120
-81
469
712
72
1449
-1213
-542
1253
-1726
281
713
144
-94
1381
1132
460
-762
-655
-629
-62
527
146
942
-805
-172
-487
568
198
-121
-1024
-39
201
450
549
1902
-979
168
-142
178
891
116
-598
-791
357
-1021
-1070
-423
682
-412
428
-637
299
-226
590
-635
-669
899
-1290
105
-924
-499
349
716
-828
-360
-478
-9
144
-1828
385
545
374
-1931
385
-58
-147
-1567
260
-50
-881
-607
351
367
513
1159
-900
0
-2607
-266
-729
989
-1741
559
426
162
-635
-83
583
-164
26
106
-481
-867
-1214
2140
-1682
148
-191
-1448
121
14
-56
-1002
-243
158
52
909
-27
1081
-755
-272
532
1800
69
-1300
-1125
-1868
-293
794
577
147
-989
1720
1310
-1598
336
-1351
423
377
267
644
298
480
59
1927
-731
-811
-42
-417
114
-586
787
-899
-2
889
1910
-222
-777
-507
-1476
-1372
791
1301
-435
273
119
-262
-557
-73
-134
493
835
438
1668
-681
954
888
-235
1338
544
695
-443
912
1525
-271
1234
-222
12
-63
108
934
1437
1824
361
294
-1092
-779
-799
934
1562
-604
122
-450
-75
-513
778
1116
1751
998
-1220
624
990
1165
84
392
-602
341
46
544
-913
2143
-541
1379
617
1369
391
1
-147
543
-1603
-879
97
-11
3128
410
78
-622
1008
947
-1343
559
-576
-312
340
1499
-1432
-738
57
-905
463
124
634
493
-622
1185
37
142
485
394
-402
708
-774
777
449
262
1001
1512
-677
-257
669
-103
159
-784
-835
865
-1552
-552
1537
153
-2237
788
1058
-1776
1026
-498
-2161
-276
-356
-1101
421
-138
1397
558
-671
1942
186
-780
1128
-953
-263
-1210
183
1242
-74
22
-831
-785
-922
530
-258
9
-478
-1120
420
-405
-1010
1498
375
1273
-1133
1060
483
522
-330
815
897
-762
290
-2522
419
-895
-931
-1475
-130
-85
-550
-677
138
-1036
-466
-1374
-912
-872
-13
-557
-654
-228
-233
-850
572
-253
1287
-447
533
-1112
415
-962
-732
-503
233
861
604
-635
52
66
944
-79
-371
480
1304
-108
-494
187
703
-288
-950
665
-90
-1920
207
-124
-1700
124
-842
1385
73
666
-160
99
-450
400
-587
882
312
-661
-1123
-285
168
2629
-2882
-1037
76
544
-1047
-26
1062
1672
1380
-719
-779
-1206
444
-1442
-687
165
494
973
-216
-454
-373
227
-765
852
254
-167
-598
1262
1214
898
-664
1016
-66
-751
1456
-816
2015
406
328
-58
-660
-1123
-271
383
-195
-742
637
-213
1525
621
-1244
-165
-754
-565
111
-313
220
840
-681
44
2109
-707
-313
1438
652
-1242
194
-631
69
-21
96
358
-360
1165
299
-541
-2042
-167
161
-1111
-146
-1377
-2224
-182
190
396
-41
-1196
-178
183
1155
-612
269
-287
-4
635
-912
6
650
1133
564
128
-24
-595
717
475
1440
-5
-817
-150
-53
846
-837
924
135
-411
-305
2155
836
-1521
-539
-85
1195
528
-302
-1086
147
-1298
1170
1312
-1195
-273
160
-45
-142
92
547
313
994
938
710
-629
-681
-30
578
257
40
-1372
260
-865
-175
1109
1086
500
886
225
244
-1372
-843
-1367
-452
-654
-218
538
-2181
589
-192
-896
804
-190
-1538
1246
-1146
156
-989
-761
-631
-915
886
-5
1262
-81
-1017
-407
-1306
-420
-589
1126
188
-405
86
-433
-799
-353
487
-1384
899
-15
-346
-1417
-930
-225
-764
1065
-508
-146
-5
-16
1010
-356
12
1154
-405
-1183
514
-904
963
1230
-1112
-2144
-58
-1192
-710
1026
1269
-579
1015
795
94
769
1420
-885
273
1909
108
145
-698
499
851
-458
-1456
652
396
711
1193
2
-545
302
-416
392
886
702
23
-1716
-1715
-1411
528
-1024
222
-430
77
43
239
495
1315
-822
-334
785
-23
-1092
-677
-1258
349
-417
454
431
-978
-1236
-604
208
-523
-2048
-182
-271
-1255
1273
1943
119
-313
273
-483
1671
-327
306
-289
-99
394
-881
179
372
403
-626
202
-625
-663
383
279
-543
1402
-445
20
158
-164
-547
-2033
-440
-44
1006
45
-333
823
-609
640
-522
271
1424
1352
1872
-486
-999
1416
532
409
-407
306
963
-530
393
401
-885
-65
781
-434
-97
-1369
1191
-587
1161
405
361
-2284
-617
1319
-157
354
234
-828
1083
-163
233
-204
-978
1795
-545
1477
-638
1389
54
888
770
486
-853
535
584
-706
575
-258
-91
225
322
701
-276
-573
-1106
-925
1563
-542
-1133
127
780
-790
224
901
102
-466
902
912
-340
-558
-32
1036
-160
-320
-523
739
-566
1036
68
1266
799
425
-893
-556
-280
250
-114
578
-688
104
-461
1111
-826
196
543
72
970
-542
33
581
193
-763
402
-1353
1038
943
-411
728
-1335
-50
813
-737
-26
-599
312
63
551
-13
692
748
380
1042
90
-1739
1648
506
-211
-3
-339
239
873
1044
1084
-462
-862
-697
-1432
-328
525
-1082
1181
-34
-617
1425
1552
-783
-872
518
878
34
1110
168
-252
-695
-252
-407
686
-352
839
-336
-904
451
-577
-435
-1532
168
172
561
-776
763
780
1885
110
-121
-66
-650
-434
1148
-384
0
522
1040
959
746
-261
-1514
450
-280
-136
372
111
-295
1253
579
-21
-226
2355
313
-4
-250
825
1427
515
-1078
791
320
1475
-134
1157
-522
753
2468
-1166
935
2602
-902
70
-198
636
-321
-100
1219
944
-667
96
462
1186
503
1166
228
1365
-560
622
756
-588
1668
53
-488
-1136
315
1955
-461
-454
-219
-1280
173
469
387
-273
416
901
951
1272
284
330
41
204
664
617
1065
-566
270
-410
-1982
-433
-256
403
-41
-62
258
-1646
-1107
1162
-1189
635
-1368
-459
-1660
1203
603
-339
-670
-261
-2079
505
159
609
394
411
-570
621
-292
49
620
516
513
-509
428
-25
-647
1460
60
-290
-336
23
-631
1328
1757
-860
814
-412
-461
-1036
-113
372
-913
-899
-84
968
1076
728
-1144
489
-919
-976
-1061
-617
357
-636
-561
607
621
-109
884
49
-483
-893
1324
101
-268
402
-1275
1011
1171
-615
574
-1229
696
856
-528
-1244
-933
-498
383
-545
-837
246
163
439
974
1751
-20
539
-17
-527
-6
245
1194
591
158
120
-1244
-936
-1052
827
-163
-159
600
279
697
406
1014
517
-1117
-1166
860
-1197
670
240
640
-665
-773
-411
-52
546
-304
38
-229
-619
-1069
-759
1294
671
285
428
620
-1509
276
359
-770
-434
-723
808
-1293
-876
-1031
54
-208
196
1314
1081
121
-804
1978
50
502
-935
1235
-175
-262
-194
-405
-1492
-664
597
506
268
897
-1640
-733
110
808
-1070
551
-676
2433
208
-1213
-327
-254
-938
-332
-58
55
-441
-178
-696
-55
619
1778
779
218
269
-385
841
-1337
1259
-10
792
1088
-205
-877
531
-1303
503
-654
-300
-94
122
-481
-612
1035
421
528
-436
38
-1284
784
219
-867
789
-160
1453
374
-91
1861
783
341
425
-323
-1120
-931
-89
988
-541
1161
-638
1168
687
-894
488
939
-344
1306
-2131
283
181
-117
-1251
-519
232
-1573
-824
670
1066
416
154
550
-355
669
690
-1926
-294
296
-1105
-2317
-1106
-1
-315
-270
26
-86
-417
555
-125
-521
-30
1400
691
-801
254
1355
-197
-47
173
387
-413
687
-219
1894
1356
-1985
-762
386
-852
65
534
199
595
734
-877
-825
-294
40
-658
-478
766
198
-913
-374
-376
-1078
-595
-326
1509
481
652
590
1172
-175
-562
-1768
-974
-935
237
2119
607
-505
-135
393
298
0
-637
-45
413
-368
-226
-173
596
-342
434
1929
493
-556
177
686
-1483
624
245
-818
-116
288
1210
1334
90
89
317
-219
333
-1930
2522
362
-734
510
189
-476
851
1046
-759
270
-574
-405
1332
2144
-624
713
-693
-335
-606
-20
-189
-1606
-682
-1092
3
-1100
-1257
-161
674
91
-909
-1164
500
1155
-77
497
203
-161
178
-467
40
-236
-624
-1804
582
-1943
934
-862
-487
80
809
-480
1346
407
-304
-441
1746
-27
-253
-1290
-168
-209
-2147
-349
-122
-2113
-282
-272
-1767
-986
58
-1040
449
1289
-94
-105
-321
42
874
899
-446
2643
67
816
522
858
-410
-606
734
-944
639
36
575
219
-692
677
-125
-284
897
-359
-757
-1176
1152
1173
265
-582
49
1114
-408
-887
1744
-429
397
1109
-526
30
-632
-538
396
191
-87
-101
675
-1553
-1227
966
-334
435
650
1039
-56
540
240
954
-16
-1023
-1528
-624
-404
-1012
750
36
1301
134
176
-2057
-662
-197
548
-290
-554
1147
34
454
-2996
-830
344
75
-1025
-535
-209
-341
1010
-324
617
-712
-1890
-348
1680
169
-896
-931
199
-561
99
516
-843
332
-1682
520
33
-1515
-1272
-396
-1431
246
-934
645
-740
-6
-535
1014
-47
-1022
291
-363
-431
830
905
-634
-584
-20
1518
-230
303
-629
-892
-246
-853
14
49
-705
-306
-190
438
-1163
541
445
1446
718
484
-462
572
-1156
-264
-469
-1099
1307
1482
-404
737
488
-229
562
-37
2182
-79
541
-1320
-305
232
-229
-743
94
-47
-204
10
454
1326
278
600
297
83
543
824
-619
-191
-828
-288
-185
1513
978
512
-711
215
1176
807
-1788
400
-451
-1351
632
631
626
106
804
1289
-687
-765
343
-1034
-452
372
-1300
-796
1299
214
-1479
615
-688
32
-34
956
1155
-1417
-1064
217
-713
627
-155
-781
572
-130
-1191
172
133
-986
442
-470
-97
-191
-814
1775
-192
-1204
892
-553
-603
438
1476
142
1002
534
-162
-1353
737
-322
-158
-697
-350
-510
840
366
823
315
-1048
-676
1075
313
490
-56
395
-692
-1260
1228
-1868
718
1037
-100
-2383
1023
-121
870
870
-531
1426
-517
1319
-353
1384
-502
-418
659
-1058
-610
-1335
-321
-1096
2377
-347
-1653
71
914
1248
-201
-149
-251
-889
-570
483
-575
952
294
75
-1361
-416
-364
245
-1005
310
776
874
-564
-548
922
168
1614
950
242
-890
-1256
348
283
1222
-672
142
-1173
-298
-1003
1521
-187
1562
621
-240
281
-55
-243
-325
-224
-1234
553
34
-268
281
717
967
-155
31
428
465
-928
-253
647
-119
1305
-294
-812
505
-481
-323
971
249
-355
234
-709
-535
-1884
403
-1304
-367
718
-324
-1174
-1106
-99
829
1431
-1944
-353
-69
311
822
-55
369
-644
-758
-1128
457
283
-903
-168
-302
-1898
-4
-2191
249
618
-294
-292
333
-1274
833
-172
58
760
-533
1120
373
-11
105
-448
1119
618
110
-613
-584
-1189
940
534
-157
1249
-2632
-1204
-450
185
-429
-2007
5
823
943
-1300
-835
-786
836
334
-323
-401
-496
-562
-1853
-2121
475
-794
359
1723
-100
749
214
1292
-405
-967
-258
1720
-484
-564
-834
79
609
542
-125
-324
26
-52
-768
692
-146
-882
780
-1022
-1031
626
-1923
-2056
598
-273
-209
804
-1789
1274
456
1936
-305
65
219
-1039
-1340
-1832
-1117
-276
1284
865
411
634
-2347
-19
-1218
80
2686
-685
764
7
391
13
405
1257
1035
308
1761
-398
358
-440
371
529
-401
-1315
-256
252
914
1238
-248
-238
-798
554
565
-839
1110
930
328
-53
-976
718
208
835
510
798
-837
-1708
-1787
-741
-600
-1154
2200
188
1056
646
-238
-155
-148
514
-443
-1352
-1334
1038
1193
-533
-1152
-1125
-931
1750
1538
1378
-9
-13
974
-210
156
-453
-370
79
1176
-277
-470
3
1073
-625
-942
-435
324
649
-158
270
-629
124
519
-442
-1205
-1028
-11
-12
-716
639
58
-1277
216
376
-128
-1098
342
203
-592
-1386
97
1468
1045
-861
526
307
334
121
-490
913
-141
-309
94
58
806
118
2223
-1010
681
-201
36
-948
-392
-281
-911
-780
-524
476
1366
787
-393
-1521
569
-1163
262
1337
865
500
-354
-1585
644
25
-1000
-516
-182
520
964
162
-1313
168
-1149
284
-8
-409
-469
-150
962
288
2244
465
434
965
-34
350
491
77
146
-940
734
38
-782
-507
-107
545
-264
1509
83
-824
-143
83
-147
1485
-244
-387
-565
126
-618
-1707
-1686
143
-118
-545
-417
-400
-888
370
17
8
1325
-306
-1124
54
-773
-312
903
-204
932
774
-1697
1919
638
1081
2332
536
654
489
1416
-400
192
543
-317
332
-946
-437
-1474
-646
-744
151
471
2208
40
1043
744
-219
-50
-74
-1575
388
-974
231
-470
660
108
-416
-448
-211
-914
1840
-1853
2012
-778
61
122
342
966
-1263
100
112
678
-9
-813
-1649
60
-672
-556
23
-182
-376
356
515
1214
1246
-249
426
-172
828
763
-1533
-740
133
-31
569
-77
537
128
1231
-312
-812
-1833
-2252
1090
-843
-398
-372
-404
1613
160
-1597
2607
1158
241
754
1171
-203
-227
-430
1862
410
1879
-889
-1153
-918
-60
-363
-754
207
-917
443
-250
-557
-728
-336
-859
-729
402
-73
19
830
363
295
240
1115
-497
-652
321
1259
1549
-684
-974
1187
704
725
-345
-599
-1130
368
142
765
-1107
-421
-849
-350
680
-1299
511
-812
441
445
1403
-692
-546
-912
-162
1006
-1198
-450
-101
92
-770
100
2087
182
377
42
967
-10
-1031
-307
-1237
287
174
-232
-559
825
610
582
-428
-612
336
-936
-955
-608
-602
375
1151
-237
-913
-281
-346
1017
212
-239
22
-1291
746
-480
209
1039
118
267
-497
234
575
1730
-259
-1034
799
933
2071
361
526
-1785
-1142
-1215
458
1814
613
-156
-545
420
-1071
-1043
-557
-1001
-924
640
211
-2226
2042
-1662
-144
2168
-1205
-325
36
409
-701
-903
380
955
-143
-162
-101
-582
452
227
349
-318
784
-1635
858
-100
1327
-1186
-28
43
-147
-779
-1552
-119
-77
-397
1315
257
-426
157
474
788
209
851
-336
1029
-832
706
-212
483
-697
1616
703
483
40
-1528
643
49
-685
1637
-34
-615
-826
-416
363
58
54
78
675
263
1487
-293
-1134
-409
-267
-310
-207
839
1203
-249
-1010
-812
-1159
-207
461
272
71
889
1177
-471
-605
431
760
528
1802
624
-926
-704
-1478
384
229
741
-1891
942
619
765
877
993
-131
-468
700
-347
87
-1109
363
-431
212
-243
-1717
-485
1096
379
-765
-980
118
126
955
1287
-556
324
218
77
423
-856
53
-196
591
216
-771
-69
-1060
-1743
701
1140
630
605
-151
-657
2984
-545
1166
-182
-963
-582
-323
-1854
347
649
-97
-463
33
1006
392
-771
-51
356
502
-288
-892
33
-416
617
-441
234
-653
-191
44
186
-1395
-378
1124
696
-718
-1795
227
-843
571
1386
-806
331
649
588
1419
1503
-905
652
100
1132
601
-729
1026
633
-7
-1046
-229
-1334
256
1369
-211
722
297
-377
1439
781
832
-647
419
193
763
-119
-565
-607
-349
1099
1362
-1114
-947
-98
641
-1001
-2564
-168
-576
1424
1122
-1070
1308
-1346
733
-944
1288
376
-25
2012
1395
-153
641
926
424
-1242
331
-1490
-697
-1435
908
-232
-780
-205
1118
-416
-663
802
-387
-345
827
-390
120
1301
209
214
-1265
-309
432
-679
833
882
492
1148
-1181
484
430
-413
14
-439
-1242
416
-774
-875
642
1191
489
349
-563
435
1775
2014
329
375
171
-93
1287
-1499
111
364
851
-218
331
38
-858
38
-1258
1850
778
-2007
-936
76
-251
-40
687
931
866
-309
-2547
-675
-1671
-672
-107
493
-1058
-668
-1058
-4
-271
1148
-614
-1635
-1689
-830
1062
-392
1468
-281
-197
-502
-1079
1304
251
460
678
260
-316
-554
35
-853
1939
-1068
-63
416
-258
-490
-615
1289
749
-976
248
-192
1680
-1028
723
-1574
-680
-13
-671
139
149
759
-1053
677
-298
1259
373
812
-6
-86
-1400
49
1324
-1064
150
47
-889
-291
0
-748
223
-2214
-1456
-49
-818
1354
-438
2042
-32
-268
-1593
1018
-533
1207
735
-1131
-54
5
-560
521
280
-79
-176
53
-364
-1317
564
-1499
360
-74
378
517
229
-536
349
-84
488
-274
688
1657
-1172
-736
632
-1297
1333
1413
-462
-331
-177
175
940
-19
-695
-415
-1749
1354
-527
773
181
-760
-745
1375
-1670
1463
-198
477
-1736
243
345
1130
1877
303
-890
-258
790
897
551
739
-702
-1621
-1058
-291
410
-1583
166
210
-266
-750
-60
617
1103
146
340
-440
606
-829
955
-13
361
-558
57
1059
675
255
404
-115
-149
1622
-863
1334
-735
1147
-649
-949
-451
-1550
-421
-1051
736
170
1530
980
1255
-97
779
-550
649
1003
445
-92
-410
308
-198
149
126
-2107
-212
-333
-377
-705
774
649
-515
-1206
202
-265
224
-554
-642
-580
-541
-557
996
840
-32
-907
322
-272
816
-562
-206
1540
80
1180
-1098
-322
869
1062
58
-498
-1385
-629
1990
1385
556
-939
-1905
781
-358
99
427
-318
-285
152
700
-674
177
-647
1428
-590
569
1107
786
-1723
-146
822
-50
221
778
347
-414
119
273
298
-1394
661
-394
-440
-1268
-1303
1089
-972
-95
-1581
1200
461
-1007
-2018
712
1793
-1717
125
469
898
340
-587
973
872
495
-1566
-89
-435
185
963
-822
725
691
843
-1858
-425
136
-882
-471
-202
659
1861
-316
-316
39
199
-588
133
663
-706
-1044
-1353
26
285
959
228
826
1114
148
-463
-28
953
-847
-2764
-305
1435
-765
264
1660
141
423
250
-1342
-116
-1532
-199
1707
-751
-724
-1470
143
-789
-1190
1856
-568
796
53
-766
653
245
192
-465
539
656
-590
880
-191
405
1075
38
749
-416
920
-423
-2346
-852
-1493
-838
1078
-676
862
-736
-825
242
-301
125
1297
-415
1052
-295
377
-640
1488
614
-99
1357
328
-1755
988
-898
1141
487
549
232
-305
426
42
617
-1398
87
-588
-22
-838
-1834
-801
-1969
-969
-1451
279
-584
152
566
525
-171
1412
679
-971
-434
936
-73
1109
361
-700
-285
-391
1170
-918
910
502
552
1119
-722
-641
-306
-82
44
637
-163
-1188
-677
-1641
214
725
-564
828
-673
466
-558
667
928
1082
-782
-740
-282
-865
587
-1287
-454
713
380
608
455
-134
562
-378
-1043
544
-659
507
585
927
639
-429
-665
1091
447
-563
530
-253
-841
667
-918
-328
-802
303
192
-482
-353
-463
957
-690
109
-404
-540
761
-1077
208
-995
1139
1016
91
-437
1256
-519
-1031
1490
575
449
-1265
839
104
-1182
814
1583
321
373
305
-1124
105
1612
1400
-883
-1021
420
1718
834
1916
229
1242
-274
474
-781
-936
706
-47
823
188
280
990
97
955
126
413
-1233
151
-680
1274
94
-1096
-194
-1485
-2179
-1259
-491
-703
-111
707
-525
-558
-592
196
1338
-463
1357
-1135
368
-726
15
757
458
-764
618
159
-1169
-322
-507
-431
108
1005
411
-142
-235
1188
997
196
-204
659
-324
928
-1384
-1166
787
-274
568
-254
664
-627
524
296
249
-348
693
329
1470
1031
294
-129
-1291
354
-19
-202
-1470
708
1502
914
-963
577
-112
588
731
-62
4
626
-982
571
1159
-838
-1613
-232
983
-853
82
-1084
108
302
1454
-401
-1581
-1341
-438
-494
-240
173
-1184
2755
-520
-111
-148
-1745
-97
-957
-1278
-89
413
142
-1046
-354
448
-996
-33
-925
-54
718
962
522
786
913
606
308
35
737
-290
-1127
939
-268
-433
800
48
-495
-630
-536
920
-940
-643
-595
420
-653
1087
-1466
-552
986
449
561
-1260
-1237
-358
-128
-1083
408
-534
563
857
-161
657
-1514
1247
321
-368
-63
-205
281
-1282
157
-167
-796
-290
870
-168
413
-487
233
-33
80
-79
15
423
-322
-440
-177
206
-544
-521
688
128
923
262
-1034
699
616
-239
557
-459
-292
95
144
-289
-587
395
87
-84
-1267
-972
-1102
-243
-352
-465
-1332
-1069
-204
558
-1173
-16
-208
-203
410
138
-1564
-176
-1625
-224
414
-1560
-1008
1295
-783
-573
-270
-425
-472
-84
284
-75
-716
-1468
-1095
346
389
393
384
1103
-1503
214
-319
26
-421
-91
-870
-437
-350
435
987
414
1370
723
66
-486
-921
-440
-282
-466
490
-1197
52
1247
-725
945
2135
1111
-258
1018
299
1196
276
-1007
-717
280
-571
-76
-753
1096
1198
1216
-710
761
820
778
-299
-313
89
274
-601
1041
-955
1267
-1099
-1237
1054
847
294
1166
-756
1248
496
-894
303
-55
-1610
726
-588
160
1252
2325
263
-133
-1218
-1012
906
-454
-1007
-342
-376
-1126
-561
1545
47
-249
1732
1172
-395
-1373
-207
191
-578
568
-239
847
203
161
-304
179
-470
66
-829
-1482
-652
47
986
427
-703
-197
777
479
-1422
273
435
238
-757
1519
516
645
-1894
-1158
-1151
580
198
1232
-220
-459
-708
527
-843
630
-930
1264
-1011
-187
-660
865
214
-19
-932
-4
295
299
-232
1114
-124
470
1000
-562
-689
-182
101
145
-123
-88
-304
-376
387
-1159
-935
-829
-1141
567
-886
-662
-2036
1104
-612
-1229
88
904
-1802
440
-264
680
830
-2023
1975
422
165
1300
1473
1872
817
41
951
363
-418
-935
118
199
608
-556
546
31
553
-793
-478
878
919
436
426
111
34
1136
-633
-1008
-665
576
-1266
-1310
-1443
701
353
-984
348
-383
-918
-868
-820
1178
218
57
-723
-953
-650
-1196
663
279
-90
278
1024
-348
169
-1213
-381
-126
-782
-233
-658
-407
-673
1019
-1284
172
868
126
-792
87
-1570
642
122
-1402
-302
696
470
225
1190
754
1072
1474
651
-689
35
-1080
-29
307
1907
-886
232
222
-187
870
-695
-263
667
975
-491
-1239
-963
160
-985
-415
377
528
-540
71
-1399
-327
-395
1026
-367
887
839
-167
-1405
-1946
2106
792
-1732
425
-127
-1485
527
-516
543
413
-83
596
-146
437
-1347
-374
93
1828
-885
374
909
-698
423
-1376
111
-623
-435
325
-440
-846
497
-850
675
1166
1061
-224
379
-296
-557
717
-446
-1270
-1739
-183
-130
-466
627
515
183
437
-719
632
975
-811
69
322
-839
664
301
157
-383
820
909
-532
-392
683
601
-167
142
-225
-709
218
803
-13
174
-381
-384
746
621
-813
1727
-891
-740
35
-988
-192
-1172
952
-698
-493
-175
662
1123
-489
370
35
248
1208
-132
-1205
-245
734
-163
544
-224
897
-140
610
978
1009
855
1031
1032
705
-927
-268
-939
-107
-945
610
-263
-783
-744
2
-893
323
-96
127
-797
664
-770
-215
-501
-16
818
-1968
-1107
1101
352
1368
-1378
-68
-799
-207
466
210
551
-925
-2124
130
-377
-1245
-103
-1577
356
-876
190
163
-506
-1282
-1936
976
-855
539
-520
255
-420
845
-1196
1830
-261
635
-718
567
-688
-941
-315
437
969
-1122
998
-1130
-17
-1087
-675
485
-705
320
1973
-507
182
-1345
355
-376
-404
120
94
833
1095
-154
-1121
-517
-1582
-87
1470
1032
-114
-967
722
1428
742
1040
341
-198
43
-442
113
-442
-1323
971
297
-526
-388
237
-687
-367
-472
1103
-1375
-951
466
1183
-47
1028
102
-77
-439
-1490
-914
-575
36
802
860
661
-2071
235
-1269
-250
652
-1149
-425
1478
-261
-36
-922
-307
-191
244
524
-1662
1392
-142
516
-717
-1389
-718
303
1138
999
-412
29
355
1356
142
513
-1521
-896
1852
-832
-1314
53
906
399
-577
929
-723
-1051
443
-518
126
959
-229
-77
905
59
288
924
121
-382
549
72
184
306
-248
-701
110
62
1614
596
-826
-94
70
-137
306
-1046
502
33
-17
-707
-505
199
-40
-729
-399
550
-146
297
44
-932
1534
-191
143
1625
2003
-296
1026
143
685
59
-772
-322
-157
-1324
-746
-942
1015
-238
-768
-609
343
609
-1054
-940
-633
-364
-969
171
-284
-678
-544
1922
887
-80
-570
-1720
981
182
-1275
713
-1345
-466
-100
249
741
875
284
-1049
-289
-370
237
1352
425
1018
1693
2369
5
463
-17
-1392
-685
545
-185
598
1167
1103
653
-215
287
-1146
566
696
404
26
1235
-656
1739
1086
-272
-81
890
-672
781
166
-615
-1185
-516
-694
684
-197
-243
1454
-341
771
-90
-1747
573
-109
-220
-290
-836
808
744
-507
-1071
-903
325
-427
-350
856
-105
-213
1069
260
678
-1036
-873
-1292
-1084
302
205
-701
-336
1230
-1505
778
-1071
306
-212
685
724
1031
-303
700
728
-690
-472
64
-950
606
1097
-1257
-453
-435
153
1351
368
-1767
-34
-371
1488
274
-1851
1392
-1379
535
675
1692
-128
-1302
1284
14
-509
1056
-466
-316
485
1154
1050
395
-1048
-981
-1854
-811
-263
727
-911
1088
1372
-47
307
-1208
-554
657
-178
132
2003
-291
-172
-984
331
360
-571
-517
-648
-192
-481
-729
-900
-449
257
-2031
-457
-430
-747
1336
516
599
187
-516
-1443
-1254
-430
-188
