50 100 900
0 0
0 7
0 19
0 45
1 30
1 39
2 9
2 15
2 30
3 0
5 14
5 17
6 15
7 3
7 21
7 25
8 9
8 10
8 17
9 0
10 49
11 35
11 37
12 8
12 27
12 43
13 28
13 48
15 1
15 15
15 22
15 31
15 34
16 7
16 18
16 29
16 42
17 1
17 43
18 11
19 12
19 46
20 25
21 7
22 1
22 12
22 23
22 43
22 48
24 1
25 34
25 44
26 7
26 29
27 28
27 36
28 20
28 49
29 25
29 27
29 44
30 35
31 15
31 27
31 35
32 29
33 1
33 9
33 16
33 39
34 3
34 21
35 24
35 42
36 13
36 46
37 3
37 8
37 40
38 5
38 33
39 17
39 35
40 20
40 29
41 20
41 36
42 15
42 16
42 20
42 34
43 19
44 13
45 22
45 29
45 36
46 21
48 35
49 1
49 29
43
0
37
51
96
86
6
67
88
9
97
2
20
16
19
50
14
74
84
38
46
61
30
87
42
78
23
45
68
29
5
92
62
89
48
44
47
1
13
82
21
76
40
79
26
85
18
31
56
94
98
70
77
39
36
41
64
71
7
28
58
3
57
22
52
55
32
10
4
27
49
66
8
90
93
81
69
80
34
25
83
35
59
72
33
65
15
91
95
54
73
11
12
75
24
53
60
17
99
63
610
-119
-2524
-532
-756
430
1018
-935
634
1182
-181
-850
-121
898
-1649
852
49
-1090
35
1382
-514
131
-782
-1127
602
858
-1332
-430
580
-911
1916
149
65
460
-543
1033
189
896
820
664
1188
-1042
-480
1037
266
537
171
-525
-1242
-1516
1393
719
1286
-481
-291
570
-599
-1011
-747
-128
961
-1271
-215
1168
316
-149
534
521
-136
493
242
1413
321
28
-67
681
-638
423
356
153
1491
1737
1320
445
874
185
-874
1152
732
546
-1200
853
-440
-676
152
-354
-1280
1346
137
-505
-1085
-1045
39
743
264
-191
1226
-260
-958
-64
-709
-682
659
-210
1782
-696
-1675
127
-662
-2
482
-761
-496
507
1743
135
880
1405
945
55
-459
1057
500
-1244
778
-846
634
-323
-1218
-821
570
-452
1179
-225
526
290
-236
866
-281
868
-23
1078
-66
457
548
375
1191
-966
-778
910
395
-47
2392
412
922
-208
-436
889
-634
-1767
644
558
127
-254
960
-699
1680
-97
741
237
90
1218
-750
218
-85
52
-1005
349
1131
-554
193
486
-223
-1083
-214
919
590
714
-419
182
433
946
646
-250
239
-794
-725
248
-737
444
77
-96
-787
-629
-1331
-284
-614
-38
92
-900
583
551
-1488
206
95
-25
289
17
-2118
-463
-973
1137
2198
-389
-1296
-857
-2030
-208
-9
-451
-2130
-347
-2072
-1182
-463
-446
171
398
-965
-1256
635
1183
1308
-286
1388
-1177
523
-258
-1153
-385
-628
-1494
-109
-612
-939
229
-225
554
-879
-375
-31
-359
-852
-974
152
-220
449
503
-241
-950
51
1508
506
-60
-371
816
1328
331
985
-275
1190
-1155
-417
-488
206
-841
-340
-995
-1188
-1331
-518
1250
-1012
-1085
1144
991
-35
920
1587
-256
-1700
-360
-1215
-244
-118
177
2051
668
-238
-208
180
2066
1823
961
-185
-740
-622
731
-116
1089
-535
-1669
-735
217
1496
-39
-411
2
-486
-1551
614
68
1892
334
-399
-509
1044
-962
104
-744
704
644
264
-1036
1310
-214
774
389
-893
-593
816
-182
370
1050
403
-774
378
-371
-864
-242
-1422
446
21
1064
-1698
381
450
321
10
3
664
-769
-85
-671
987
-665
1447
659
-1003
105
165
-656
1458
-617
1026
2259
528
-15
1067
336
603
-596
536
-1089
158
-250
-1240
-1499
92
-842
96
20
-329
1220
120
-266
-1391
-378
-510
-691
79
125
112
-667
-991
635
-29
-1242
-1446
-709
-1049
-1073
451
-252
-1010
-266
35
443
1186
1479
-1319
1064
638
-959
-5
359
1273
-687
17
-266
-483
-95
587
-284
-1536
-5
-469
-344
1618
-1600
-1502
294
764
96
299
-1323
-1142
32
941
-1593
489
627
788
-534
139
-428
-332
-143
-16
425
910
361
-601
-197
188
117
-1475
-324
-167
1091
-765
231
324
292
125
695
-512
-305
74
782
-60
-594
838
-329
-1089
986
340
383
-85
189
713
-922
-575
-173
103
-601
387
-990
-772
-570
1317
519
113
1074
-595
-540
-396
-620
-532
1626
396
89
4
-394
91
494
1075
-106
406
1571
1377
-953
-117
-192
-519
638
-288
1165
1236
-844
-233
253
2725
72
-1725
1755
1220
-451
993
-155
1261
-539
163
-111
372
797
-1307
-82
-273
634
714
170
477
-32
-854
133
-869
957
-1280
-30
380
473
248
1332
312
119
244
-519
758
-77
30
-508
63
438
1096
-358
-185
553
62
-73
1009
-1596
-823
270
-388
-2431
-827
-465
-565
1390
-1165
-927
203
-891
-453
-1513
1039
-793
592
-1275
942
42
173
-119
2095
-258
-1129
-1442
2506
207
495
1504
-105
1203
-1710
36
-1711
-370
4
-369
885
2782
-522
-2076
-378
915
-251
-842
884
411
-3
-818
-916
-587
382
1603
812
-89
1738
851
-785
-81
864
-941
-1224
-229
314
-11
662
-778
140
-549
760
-530
1770
398
-435
-437
257
684
1368
-235
79
-559
694
66
1083
-1541
1317
686
2576
156
774
1281
888
-1080
-1806
382
468
-463
1478
239
308
1633
18
-300
998
1030
-636
738
-730
-788
630
-480
3
-387
-81
-1488
117
-615
1460
-768
709
81
1315
-424
921
187
935
1752
688
76
-1282
1115
-686
-57
137
1144
-115
-471
267
1787
-93
-680
-2044
-740
1031
-150
-2688
1928
1066
561
18
875
-2518
322
-1396
842
-33
-330
-966
-18
-246
63
23
745
762
1244
1021
249
-1951
260
98
637
-1128
-1989
-157
264
-1372
-30
2017
-522
487
-957
650
154
-1406
-595
356
-487
187
231
184
-983
1039
583
369
650
-1768
447
-250
-6
-1453
812
172
-911
1926
1466
1337
576
-718
746
-260
-1037
683
924
-537
632
211
-1029
-128
-1041
41
368
1097
1156
125
-295
232
-919
982
-628
-729
-763
-22
408
-727
538
1074
-870
-678
222
-38
1375
-735
47
-551
1646
1100
-454
297
-200
1331
-367
153
-496
-427
-427
-107
-27
-700
1258
609
-1333
587
2021
81
-1190
-473
-2486
756
-248
126
-48
2041
-950
342
308
339
-135
-207
301
-964
-395
-1076
-620
815
-1372
-1284
-112
541
358
1028
-49
388
89
-105
537
-1317
734
594
-595
232
-581
-148
-413
-1486
-616
-521
1799
213
-288
708
676
1291
-140
-735
518
-771
1652
1208
557
257
730
1842
548
940
-765
-656
1979
-1115
1524
11
-891
-821
-1313
-282
71
539
1188
-930
-1144
774
-202
-444
-31
-1219
925
-435
-1589
-134
-90
-190
-752
-84
-1067
331
1104
-233
-463
-465
-479
513
333
-40
2053
-561
-166
-624
-288
526
401
2074
-785
926
143
-15
31
780
-1756
-414
-656
1878
-1576
-1061
539
1530
-216
28
338
269
-42
-568
645
313
-1178
636
-1467
1295
625
533
94
-100
-1339
1437
1874
257
-1120
-191
2006
562
-1042
535
184
-532
829
1963
824
-1064
769
389
-141
-185
269
-621
496
-175
1
178
-851
741
215
-4
-345
-853
-467
-1574
-1731
-1388
-1148
-4
1129
1824
-1304
1457
730
-250
-975
-493
841
-51
-763
-761
1203
-1038
251
-896
716
-816
-85
404
68
976
2371
2515
415
1122
162
717
183
1065
-448
259
891
1202
-576
741
-570
6
323
-897
-1922
1535
1465
-1065
830
263
-1823
-442
215
-1920
-1737
1121
949
38
-766
-726
-675
-427
-485
-1407
-154
1224
2266
129
1058
-1072
-907
-945
-1119
884
1917
-305
484
-2582
1414
-1975
-325
1352
-335
-474
-564
-1131
701
-466
-141
-539
936
-923
385
520
-857
1505
-344
214
193
-977
367
1786
120
-872
1953
-155
-752
-1782
1175
506
194
-507
-89
893
-188
711
-963
9
-1094
-468
406
-1863
109
-849
-169
-535
900
1893
788
809
1300
-522
821
295
-736
157
-618
73
709
-325
-241
-197
-50
-7
222
-147
52
-970
-859
628
1076
-363
-972
28
-853
872
-251
-1109
276
-36
-877
330
273
-358
-293
718
-1120
-1540
-185
1574
53
-741
-763
205
329
-1419
-1099
54
963
-519
-791
-248
-1875
-702
743
1513
-786
-428
-475
588
2325
-932
15
-887
-1257
-1607
-222
752
458
220
474
-1453
733
1060
896
778
746
0
-755
633
-1189
504
271
222
-552
1004
553
-427
-1619
-951
1955
-241
986
222
-298
-734
774
313
657
100
-618
1550
1310
-648
-1536
-911
-373
633
-1057
2261
270
-348
15
836
-517
146
-510
1363
-456
-91
-1463
-827
114
1214
882
1412
889
-815
1673
-809
205
-733
-411
775
1038
58
80
-398
-1004
523
1028
795
287
480
345
1765
48
-2330
711
-1054
-738
358
94
-253
232
-734
691
2197
177
715
79
-1800
-805
-1242
-710
144
155
-546
-386
-323
-149
74
-1361
589
-640
609
20
429
70
-1870
53
-1467
379
310
613
-598
-466
521
-286
1321
-1244
-209
-887
504
-743
2159
1170
-331
429
1971
-1001
-196
684
2310
-212
213
131
-860
16
1924
-237
341
1035
969
-659
-493
-792
-2181
-701
-306
413
-44
47
-293
-470
-477
-901
1435
790
-1043
-31
-65
1932
-29
1607
-2678
-342
-1085
155
-1862
614
-1793
259
1009
-415
-1214
115
-567
-1500
1041
-137
571
1964
-468
73
-1998
1069
-1522
649
1663
8
-320
481
1131
656
2436
-2017
-1102
-211
-202
209
-201
73
-1299
272
-296
-2068
661
-301
-326
79
-148
415
706
231
-1797
13
-233
-175
-1847
387
336
-1277
670
-292
-1354
-33
-748
-1401
-214
532
1933
444
-230
-182
-506
-1086
-1276
-974
142
-1322
11
-872
-709
362
1572
1042
268
-231
817
-1719
910
915
801
698
-456
307
-1476
-1026
623
389
401
-2114
405
256
-1002
-458
-2379
-693
767
-730
-192
-283
674
-1081
560
-254
-1233
218
-887
-191
-231
432
621
-567
-491
-757
-234
982
584
802
907
630
-1327
573
-734
-996
-177
80
2133
1410
755
262
122
-1438
412
-961
608
730
1397
966
385
-1903
175
1121
1221
830
-1426
-42
209
-976
-2423
-46
-1183
-737
1943
-323
-641
190
720
-172
-200
-746
134
978
-1730
-429
-1303
234
-1096
76
1299
74
-375
-56
795
99
29
-794
-1324
-509
46
387
1252
507
333
798
-1067
856
-751
-1092
-93
857
-1088
-47
113
397
244
-1270
492
-29
826
-282
-146
-535
-1084
679
544
735
-1664
1475
580
-233
1918
663
-385
169
653
-557
-1219
1635
116
-902
538
-353
577
46
-289
99
-175
416
-274
611
-2657
933
-437
281
364
458
974
295
935
2300
116
-279
-530
-24
-781
-1419
418
-344
568
443
-98
-810
349
157
-1399
-678
202
1615
-994
20
-187
1816
315
-216
-1498
158
2473
1116
-314
710
-85
387
264
-413
-609
-1848
-663
-390
255
-164
-180
-227
512
1587
485
169
428
594
1304
-417
-348
552
-521
-756
-1314
-98
-2452
871
-1122
346
-272
-136
-2523
-273
-838
-2494
442
760
-1046
1246
567
1018
-1149
-950
-668
-599
220
-33
1185
-191
-872
411
826
1520
-1231
-973
21
1624
-2291
964
-1642
-903
532
-143
663
-1153
585
693
-249
-555
-2230
250
-474
-663
38
-566
-1127
2198
-722
16
-130
237
435
-112
-97
-513
-360
470
179
453
536
-1265
1733
-1774
-781
-370
31
-342
707
-13
69
-1684
968
445
778
-621
-305
1416
-79
1331
1704
-804
205
-694
751
2444
888
253
9
152
953
921
-380
-723
-904
-870
-2018
-1298
-1251
-887
437
-1067
-1058
-285
-556
-1467
549
223
-2550
169
-1044
-47
-1350
-973
1167
-603
942
861
998
-645
76
-905
543
-209
1223
-250
-1700
39
-422
-474
1682
-721
-1483
-722
-1507
-737
-508
-1349
-988
-1306
-630
112
-322
-148
-606
506
-624
-111
1522
-515
940
-279
432
121
53
-33
1009
-676
-482
82
-374
-583
-604
-731
-107
531
-881
-151
-245
652
1749
-638
1320
488
1261
-1312
-430
534
-596
-1140
-437
1077
-1319
-329
-756
641
187
-849
454
1116
962
1308
-1685
772
1288
-311
1013
675
499
-161
-2144
224
-1199
1879
743
-606
1708
248
537
-1506
236
331
-297
-1349
679
-633
614
1383
435
-1360
141
1576
-360
-213
-599
1005
1266
-1482
-1412
774
-424
592
167
641
5
-904
-509
-1709
590
-960
-523
-762
-1067
1322
72
-1437
-128
-812
-399
220
-175
-670
247
-1027
382
-1086
-965
216
51
-601
-213
560
-402
-2014
92
-29
943
34
-448
569
-772
-367
682
1970
-557
-128
-1962
-806
-530
30
-295
-2294
-562
269
638
165
-500
-3426
-219
-147
-1172
-1574
-617
277
-147
-477
2507
748
2046
453
-255
206
435
738
-1213
-380
-1093
-909
-128
-429
-917
182
-1371
-751
448
361
-630
644
-736
-1084
1681
-1600
-225
180
-893
978
-268
1146
-814
-1160
726
93
-563
-804
982
-434
333
237
-237
375
-898
648
20
-673
717
-809
433
-478
446
251
298
-709
1787
-1153
1034
-168
909
864
805
-1043
52
-185
535
-1434
169
546
1882
506
-260
-798
-682
727
-930
831
-747
1178
1340
17
-1787
-341
1387
166
-1501
1167
-207
739
1552
311
1173
-6
-489
-939
-284
59
-888
-256
-105
454
396
-567
76
-669
1517
643
194
1160
-6
664
457
-611
-343
-545
-77
-611
1317
-288
644
-813
-352
-1050
156
-865
-339
-450
614
-906
-638
-622
2378
29
-633
-1350
-772
-1514
-1008
657
-55
-826
-258
373
-1376
-1174
-497
364
-614
-955
325
41
1468
767
-670
415
-496
1402
-447
1273
-885
270
-1957
853
-1650
142
856
685
-917
-1611
736
-1345
-207
655
-236
-2089
-566
795
1200
-262
738
-1046
213
-469
199
-361
384
613
-1765
114
-555
640
-615
211
1028
517
-231
1447
645
1756
-1030
-923
269
1095
600
656
508
1606
325
-849
96
398
-897
-103
-712
-1507
534
939
796
1121
46
534
176
408
-1035
1093
-427
-248
755
208
301
855
-232
1335
-595
-443
430
505
-1206
1909
914
137
703
268
84
1178
215
-684
-954
-1065
-1447
400
-645
-309
414
-668
-328
2037
-1310
1769
697
-1076
311
-715
-1453
-4
-371
-460
-1032
-1575
224
-1549
-451
500
-660
-113
971
-506
930
-53
103
153
-313
341
-46
-368
959
18
1166
462
462
983
236
561
-1007
579
1433
-811
-348
-311
437
-815
137
-897
1110
-844
2142
-502
681
662
160
391
779
256
-186
448
-243
210
-254
-628
-371
130
-810
194
684
-1223
247
1290
1157
-254
-1560
-39
1205
-1674
-580
2203
-270
-598
-1896
1060
-127
-727
-272
-1638
637
298
-208
686
163
348
257
1591
1464
619
-1724
746
122
11
-962
1775
-87
215
452
164
1014
1347
-1709
-467
725
-150
957
-31
95
-638
1074
-1692
938
794
581
-957
-699
11
20
1303
2096
1408
-491
-755
-213
513
-656
-1092
-297
-353
-6
320
-588
1511
227
-1160
-488
15
1035
-1102
573
-324
1001
949
-193
380
468
452
2194
1236
-2279
274
-1152
-712
-76
-247
-1129
743
-181
-797
1697
-572
-830
721
-698
905
517
357
992
-265
-1680
-398
-722
958
-831
-634
-286
-115
241
392
-729
-468
-750
-459
-94
620
-512
329
795
817
166
-1249
236
1153
98
224
-260
-793
912
21
2302
-403
-338
64
345
888
-389
-329
-341
-377
-957
-1735
620
-478
-478
-417
-290
-864
736
295
736
1129
-388
-1998
1269
407
1200
-799
-1576
363
396
1319
-554
1903
502
165
118
-326
1143
-314
472
-93
-380
409
2050
380
183
648
-1268
1105
383
-364
227
182
324
-1639
-1621
-690
-2416
-655
733
-1131
-222
-220
1550
852
1506
-700
598
-1370
660
1262
953
-492
-1021
715
-1017
326
944
-858
-356
-184
482
-1245
-488
332
-86
541
-1418
705
-125
345
-464
1152
203
-96
483
211
32
-576
971
934
-690
445
801
-622
1328
574
319
60
-184
-667
-537
1407
-1617
3757
612
-64
-242
861
708
-231
112
771
-1149
-94
-1366
-855
1714
701
-46
187
477
45
1032
-894
329
1045
216
502
878
-261
66
792
-773
175
1175
-820
-287
783
-179
313
-770
-1182
437
982
-186
-160
-97
-1229
1286
-1212
600
-173
355
303
-503
-262
-158
1160
-541
892
1033
-911
165
254
554
-322
1214
189
79
-665
60
755
971
-907
-52
2176
-465
1
-343
-939
1
1858
920
-1091
499
1330
22
-767
114
444
-700
779
457
233
1050
-542
750
1522
-743
-79
-1757
60
-5
772
387
-3
-947
692
-370
-493
-585
-1864
-3
2769
602
1147
-1327
-1235
701
-626
446
914
-680
-907
-30
-574
153
929
-1225
-397
997
789
-88
945
783
1202
-935
470
141
1231
-782
583
79
-457
58
1747
380
384
-152
503
-1531
-720
1205
41
1074
547
-1137
-433
1378
1640
633
366
54
1679
647
-736
-793
-369
263
1778
371
-99
1115
2130
828
562
105
-559
-357
-227
-1047
-178
725
-846
-510
-742
255
-608
-1532
-1301
51
-256
-204
-505
409
45
607
533
48
-48
594
-671
-647
1077
-388
-1406
574
-661
75
421
-451
-338
326
498
-754
-420
898
129
-1132
828
328
-242
555
-565
-611
0
960
646
-556
822
127
-1726
323
-1344
190
-60
-329
455
-1689
886
39
552
-106
455
-234
1788
-277
-283
558
-404
3
-1473
496
-443
-1895
72
-465
-1490
298
687
-232
201
180
-163
-499
1370
-1532
-966
-2142
1026
519
-469
474
53
98
580
-1115
-353
-789
1014
318
222
-145
246
-726
-580
308
-1504
703
920
923
-474
-593
295
-1369
262
-450
233
-151
-1261
-378
347
-206
-729
-1061
-297
-959
53
1025
-796
-102
381
-37
131
-1167
578
-119
-992
285
786
424
-1474
-502
-693
2351
-918
29
227
541
747
495
2324
-632
-1005
1329
-1593
-172
-1147
212
-715
-515
-1965
-575
-1404
-74
1091
-1127
1280
-162
-512
-55
231
-967
171
1184
157
820
851
760
537
692
-1644
-127
-262
484
421
803
-77
-922
-825
-3133
210
18
-1128
887
-644
1178
-240
284
102
-394
753
-117
574
632
890
931
776
106
170
-1667
116
-1325
597
-346
-1408
1659
-815
-606
1563
-343
-632
154
365
659
526
186
-198
1182
123
-392
118
1558
585
284
-281
-457
-1119
-18
1433
-47
1447
35
-1601
320
-403
80
282
-786
-529
-1670
1191
-64
422
301
-1550
65
-587
637
954
398
-366
430
-761
-587
-115
-1239
-202
492
-370
156
1760
-1830
1027
-323
347
613
-668
518
-1264
1257
-1052
339
398
439
495
-347
-190
-654
-224
1518
668
947
374
-2115
-736
419
1770
-333
1145
425
-800
-1795
-1344
1077
857
-1492
291
298
-302
-1247
-374
522
1193
-284
198
244
-287
-5
122
-323
-600
490
-1040
-254
-415
1814
123
-386
-400
487
-424
137
-493
792
-1408
-190
166
-46
-2509
665
215
693
-60
221
-235
121
36
195
130
2428
-1549
-661
-94
17
393
772
660
50
-736
662
302
203
1443
-461
-595
752
1003
-883
329
-248
-715
-738
-208
1049
1299
-730
-292
563
-1766
-119
1855
1197
589
-605
-708
-806
-1113
-1388
898
1473
-695
-252
-935
-612
-450
1108
751
-861
-636
-548
1074
-1720
356
-88
-740
-405
703
1413
-967
-1256
1274
-2031
-819
-1066
-73
1417
276
-2476
-214
-470
-546
-529
512
-231
1433
556
-706
8
999
-802
-154
-12
-593
395
1187
-562
-14
-1360
260
115
-1298
417
-484
1427
-1719
642
-515
-1727
42
-368
349
-184
-276
-715
355
-1132
903
120
-259
-858
-977
467
61
-309
1235
1013
-286
-17
-577
-1455
1406
-83
165
77
-688
219
-1642
-324
324
-175
275
-1236
1731
119
-62
-527
-449
-995
-417
920
875
716
-1082
1819
515
287
-140
1150
158
-560
-196
-805
-1472
29
399
-231
1000
-530
-1808
-800
-2212
1947
6
1107
630
1153
-647
610
-601
-1506
-275
-862
-423
400
15
687
553
2335
-294
1813
-243
-367
-318
111
-1971
92
468
480
-2
-304
1300
-657
-73
-466
-1347
5
-814
-62
1158
-347
200
-169
109
-60
785
-707
-768
-1412
-311
-1194
-812
633
321
1502
1724
771
-916
1020
411
361
837
-220
831
301
106
1433
-52
283
539
-1680
1238
-856
57
-351
-147
-715
489
1673
-578
-1127
-1113
-1245
-73
-328
947
-386
-1162
403
-142
-1262
1198
1285
-251
211
-425
-50
-1370
-370
-123
115
911
136
891
-301
-427
12
1216
350
1949
417
1083
-2
-922
-618
1425
-454
-510
-774
1273
-990
0
2222
-250
433
748
1471
-3324
2375
-267
150
-8
290
-778
-1097
-268
139
-964
793
1472
-1579
-1222
1733
931
1504
1251
1257
856
1453
-1221
337
761
1389
-208
2650
128
-367
2181
1762
1216
407
-1442
628
1096
488
-163
-1981
-970
-1239
-917
-1330
-515
1933
183
-1111
1315
-1296
763
-427
1672
2820
-1596
681
217
-93
182
1564
370
1246
679
-374
-820
1252
2980
942
1168
-246
999
-232
978
77
28
-53
860
-169
-25
-5
-57
1344
1205
-258
-748
-820
487
-539
-2057
-63
-354
-133
649
184
-1191
-514
-1247
935
-1123
182
611
-55
780
-800
302
160
838
-16
-730
-944
1128
-44
-156
-299
1947
368
-1188
364
1717
-928
209
-329
218
823
859
243
686
28
1839
-723
-124
1629
1315
-1070
-446
1336
296
131
1005
1528
43
542
302
1520
500
799
-1066
-1368
626
118
-239
-1013
-393
357
638
-70
567
808
829
-768
1088
617
-2165
302
441
-843
-311
198
149
-138
-1158
-201
1716
-1203
-528
103
348
-614
-144
151
-271
1310
-1062
327
343
-351
1035
-1562
-94
426
-2253
117
-715
247
1652
-433
1430
128
-1326
347
-995
-907
675
703
1329
724
-729
481
2321
873
-186
480
512
2277
396
901
866
55
210
902
1127
152
-113
721
1029
749
569
367
-346
-103
-697
933
-235
-1023
1030
1138
-1236
-46
-948
-906
1464
-1163
637
956
1128
127
379
-707
591
953
-8
119
965
-960
673
-486
36
-365
449
-6
-320
218
466
-810
-208
-391
1304
-839
1711
752
1337
-936
-715
960
1194
-1940
1235
-34
-634
-1216
-182
1382
200
-97
-1907
-1606
413
-204
714
-241
-987
922
-891
-1016
-1219
1425
-7
-463
334
-407
-572
-496
-650
-462
95
-2014
1060
708
-1071
-1985
-20
573
-718
-427
-467
-365
425
-589
949
406
-176
-1117
1816
-1291
-296
495
-52
-780
-7
-1012
-453
-977
-643
274
-822
-1676
1200
285
-1062
34
418
1531
-506
-508
871
-185
-715
103
-2232
2227
-725
-1375
674
903
1127
-986
-377
-667
-694
-143
636
-998
1165
1001
-271
-141
-307
128
-138
-206
312
797
-843
-413
259
1171
1269
-228
-919
-1600
284
-615
1090
1300
-665
-450
-1193
548
294
105
-673
714
210
-187
-644
-473
142
352
-207
-974
-1945
-129
-211
1362
-1172
255
263
1171
192
-623
-573
1056
-2237
610
-342
-446
800
121
-763
-189
-812
-339
524
-507
350
-268
1634
-491
2347
-864
828
-639
-89
-1279
217
-491
-112
-409
-1046
-65
-1311
-82
282
628
-218
469
-945
2421
-329
-468
-630
442
-744
1420
35
1024
-148
1585
-1098
440
-239
-588
1314
1486
109
946
99
-216
654
-20
341
-100
1354
248
-891
-1246
2374
180
1185
-280
1002
-1704
1115
184
257
-1209
-869
482
473
-1406
-167
-863
685
-753
289
785
-670
81
12
-227
-443
-1505
1064
-306
-773
-286
-2828
302
-714
-940
1686
-27
-1264
-540
2366
-612
-760
-1826
76
-1040
385
1004
678
-84
969
1253
-150
677
656
1243
750
2108
-468
405
-777
-353
1175
493
-195
255
-126
151
1022
225
-189
83
204
-436
933
-687
-883
824
332
256
-1511
1095
1098
134
1184
-1350
-618
-641
1205
-1612
498
-270
-942
394
-1321
1846
-381
-221
720
1302
384
1520
-337
-754
568
2560
-429
-1063
-1624
-1382
-638
-733
452
-2576
296
731
485
1279
327
76
613
838
-215
-73
-322
49
132
344
533
-133
-1587
467
346
2542
189
-233
-919
-1333
1207
126
115
93
551
130
9
-1109
2222
156
-1156
197
-571
-1099
808
752
-3364
-1028
284
1033
1268
588
-1053
465
745
-168
323
308
47
172
-760
-937
-1290
289
-382
1832
-656
649
1278
-940
1181
-730
108
-1440
1296
-1762
530
-929
1112
-1039
1574
-252
-1122
617
389
249
844
-1122
852
-317
-349
-470
-38
-999
-1480
-1607
-629
-605
-555
-1196
676
1313
797
34
977
515
-430
-749
-538
804
-915
1837
-20
398
-472
-352
127
-240
-638
-459
1187
-1214
-1126
-345
-992
663
867
1412
-1388
216
-46
225
623
1289
-502
32
1858
436
-103
-852
270
-756
126
-206
78
1241
576
496
-187
-57
563
-235
622
718
-738
18
418
1067
-1308
-338
-9
-541
201
414
-1174
768
295
803
-336
458
-358
147
-594
-156
1492
112
-554
-1980
-490
-356
-2441
495
1458
-1064
469
-730
213
-1102
553
35
408
-839
-986
48
1235
-267
-93
2552
204
-1170
-415
-672
-92
-794
61
287
673
-619
407
73
-805
-875
1122
799
1332
1574
522
-336
-116
-491
898
237
614
-1237
-311
-814
-1649
-181
-1033
-328
99
262
840
-1143
-1112
824
1266
537
-306
439
-442
-376
-85
108
-2104
1487
107
-186
-1037
-373
-1084
77
-1285
366
17
-1816
-666
428
356
-179
261
2143
-882
-1714
-491
623
615
-958
-392
-1162
-1070
19
-2104
1499
-1325
424
-1756
-457
256
572
-950
-1441
-612
-284
724
-212
2207
610
-707
-244
246
817
-1201
-559
-1876
32
-2712
1165
824
-407
-1066
290
-1847
531
1276
1882
150
-769
-433
-1092
-803
-423
-694
471
336
749
876
-569
99
-335
1437
2382
-774
1201
-855
-1430
-1130
622
2009
-458
-161
1083
2100
-219
-750
-1087
-491
-604
-498
711
213
-2107
174
1136
-112
-688
-905
1052
-1968
38
1207
-1069
755
-1869
415
294
1191
166
1236
942
266
2013
1528
846
629
364
-1364
-868
290
-1962
778
77
325
660
204
-805
871
814
-1526
320
225
-43
-244
-17
-561
-142
-110
716
504
1615
570
-11
-922
768
1376
-594
-472
-101
1517
-11
323
86
654
-973
-889
196
985
2243
-1529
571
-100
134
379
-486
-649
-35
-208
367
461
-852
1047
-371
1072
345
-603
218
1064
-427
242
-780
-857
-334
1275
1756
606
-138
-370
-1808
-53
-1018
848
-932
-123
791
1877
728
1209
1242
-91
-1091
-802
490
-1598
260
-543
-625
-1090
-1311
1260
-299
-1755
-758
-534
-726
-1042
128
-399
1469
-12
500
-2024
-898
-1131
83
138
-855
-59
-637
88
-708
1389
-479
-1616
-1053
489
-1211
-1611
-665
44
1271
285
-691
1352
1328
-1954
-152
705
293
1072
-967
-507
-269
1282
-1160
-16
-162
-484
-155
-805
552
-46
-286
325
-1037
1170
-89
-477
669
-566
393
-1971
-1047
-166
-680
-63
-777
87
545
468
1048
-336
-1244
435
174
-346
62
243
913
147
393
792
1248
99
-77
-391
-1595
312
-334
1649
173
-1332
-192
1934
48
-1186
-409
289
974
107
153
1718
-959
1110
470
1074
-100
-1095
-303
30
-457
1083
382
-1013
275
1204
-121
-1185
-745
700
-1005
-240
514
855
58
8
-667
211
1481
-485
-2144
44
1903
527
1
-146
36
-80
288
-269
-1213
154
-1256
-1366
-856
29
1407
585
-299
-966
-277
471
324
-584
264
11
-297
1476
291
440
1016
369
1161
-223
644
264
392
-1043
497
1605
804
-757
-714
50
285
-48
1063
-410
676
-58
-93
-186
-339
-872
886
148
325
-403
-453
7
1023
241
1477
517
204
477
1176
678
-705
1096
-56
916
-1278
1324
-686
256
1679
1184
29
-1027
-1615
-188
-102
-103
-6
1010
470
-52
-1212
-1116
2516
-639
543
-1595
-950
901
349
-613
-92
972
420
-248
837
340
-1085
-235
-1396
-686
-962
1037
703
-580
-920
-546
146
184
-929
-887
267
965
-115
1426
-450
1801
-410
-570
-1431
-378
-662
-1203
-83
-346
397
-1456
123
505
-345
-297
-1283
2253
-1762
-139
372
-1414
-558
-437
1340
-700
-1258
1008
-999
-429
-683
1135
-1880
117
863
-1637
-998
-1491
1093
-423
-47
-16
285
-675
1037
1048
74
-545
-1009
-1100
-221
1196
453
598
83
1485
964
900
545
23
-8
-58
-196
1349
787
1324
-519
331
541
-88
-1492
392
269
823
1654
1045
-661
-604
588
190
-1370
-602
1061
1540
770
19
888
959
743
-913
331
1707
-519
-835
-191
-930
1256
-1366
726
-1032
-875
-113
-378
-199
-539
-365
-1518
-331
-1354
487
-652
65
648
88
49
661
1489
-2532
-1405
1439
-86
-1207
1033
-327
-504
-182
1310
149
2422
1064
-1041
-685
-444
-1577
7
1349
-192
99
-164
-861
432
-811
-1826
572
-95
-248
-2262
-219
540
-328
-265
-987
-1105
-1019
-588
4
-26
-839
412
512
957
705
-1215
536
1160
-835
1341
-1561
1409
-772
176
1274
7
-893
-200
-73
-1226
537
981
-206
1850
-637
-46
293
-146
128
147
-558
254
280
-58
-169
741
1225
2
-558
-951
-1126
247
-236
-603
1421
-1165
-31
-695
1349
-1319
952
351
487
-899
190
1879
-652
-250
-480
172
50
-762
869
320
105
-435
453
-1212
-350
-533
1233
550
-449
740
965
1144
-1894
-1062
-290
-2137
-67
-33
996
514
-1162
1850
948
2658
-1759
1641
1223
1890
-170
-1660
656
909
542
-459
816
-2016
644
-125
653
2046
-631
-311
-529
-489
943
-776
-406
-2212
-1120
-77
423
-118
-92
379
361
-474
-932
-1446
-622
893
-570
191
-1839
711
-711
-316
-608
-482
867
506
533
-1067
-405
-791
-844
963
2123
-79
431
-710
128
1442
332
-146
-2392
4
-214
-68
635
-1348
-946
299
1374
1167
661
-3072
-366
-1074
446
-510
-413
-413
1026
410
-521
1714
816
-221
592
1063
-24
-318
920
-82
-109
869
-897
688
-422
-1507
176
-551
549
-260
308
1298
-1577
-416
365
929
-331
-479
741
-423
-504
70
-2015
-265
2529
270
719
178
857
-77
161
-46
800
-703
1989
433
678
-608
387
938
111
-24
137
1042
316
-94
2456
-298
399
349
551
957
-116
126
126
-87
-577
816
-1317
1860
-341
-535
-1318
1083
395
226
1907
-105
-688
1021
-1127
702
1213
1343
-1116
700
-238
2875
683
346
-795
781
-125
-7
-905
-985
606
913
59
-102
274
558
401
-903
-605
-754
-462
914
-913
162
846
381
-962
228
299
805
1227
-770
-141
747
544
-462
568
1167
1071
477
707
1695
654
1368
895
1351
1099
50
-307
-1641
1504
-1354
260
-194
-116
-316
1544
876
518
-34
72
242
789
-1031
-558
663
193
-856
-171
-396
-363
338
1206
1331
-3
-594
740
1018
-599
-526
335
-818
93
146
1481
-205
-405
-1038
849
848
-582
754
-1016
-224
-282
-636
-180
834
-1331
1097
299
801
553
1986
-450
277
564
-489
-1004
-1693
-227
1563
1194
495
-1748
672
-7
-886
-533
388
-776
92
691
-326
254
-1248
-315
154
127
-321
1540
41
-610
396
-604
866
-214
-1301
43
1044
365
381
304
714
223
1165
-508
-208
477
-255
-1875
-1755
991
-1623
-1356
647
-580
367
-376
2104
-1039
-656
-284
29
-858
48
1405
892
-1282
318
1261
1493
685
-1090
1961
35
574
614
-726
-583
-488
-481
-963
-833
-193
2031
264
-994
-210
-167
-656
-179
-849
113
25
1172
-968
165
-113
94
-533
6
1658
-846
-1143
2939
-1268
-748
1825
-360
973
-151
605
405
-428
-162
-1633
-320
-29
444
-1298
849
-306
857
180
664
-765
1000
233
-241
-823
1064
669
550
-1186
1638
217
-2125
-293
-1037
-916
698
1226
-559
-109
-133
1122
361
1869
-1070
246
-343
714
-471
590
1172
1009
-813
54
-16
596
790
-848
-908
589
1210
-653
270
-1738
-288
-378
523
-395
-698
-343
317
-1105
-505
846
-110
442
-578
57
369
75
-46
-1361
448
-282
-794
-661
883
-712
-688
776
1206
-338
-1268
1075
-786
-129
-262
1125
328
1171
959
379
245
-315
-548
28
-264
141
695
-602
-640
-876
828
951
276
621
-272
452
-1012
610
-658
-542
200
-913
82
881
-139
1351
-943
104
708
-415
-389
277
784
-477
-616
13
-713
-625
169
714
-1323
-1147
863
2070
910
-524
-344
-482
41
512
82
1592
797
-626
-551
523
939
276
-174
1063
1454
-196
576
445
-313
-1421
-374
-964
2041
1313
1185
2099
-1472
-430
-1403
-174
1640
1058
136
66
-457
1309
-40
-228
1475
-1270
209
652
1032
-316
-120
79
-302
1255
-674
1245
739
488
1005
-1333
-1846
-392
-1097
-441
-535
227
-552
-345
-6
962
-518
-858
-326
-379
-447
-19
368
610
-94
-56
356
-34
-196
929
582
1187
-7
821
-458
949
-82
-642
-521
1050
-640
-768
-1292
-576
-845
1706
735
-161
-246
-1515
16
194
-148
796
1588
60
-1054
-1502
-784
473
827
1340
-2192
347
258
-2538
-210
1076
1026
-1021
-2605
-128
67
351
345
-909
-1040
1008
-231
-393
165
1003
831
-596
-305
-152
101
434
519
-1077
-313
-336
-103
-1497
-1039
1374
360
-1143
919
-1476
206
631
594
1423
-107
-610
1130
537
-442
46
-23
-636
789
1170
-417
-860
426
223
-361
-502
767
1729
362
880
-207
482
42
1253
-426
-1945
-329
-1064
114
-373
-23
419
1801
-1173
-1187
-265
-362
834
-2016
269
-1257
71
-697
2
-1987
1041
-263
129
-87
502
762
77
1551
-1298
-580
1341
-1847
300
763
154
-101
1478
1212
493
-815
-701
-673
-66
564
156
1008
-861
-184
-522
608
212
-130
-1096
-41
215
482
588
2035
-1048
180
-152
190
953
124
-640
-847
382
-1093
-1146
-453
729
-441
458
-681
320
-241
632
-679
-715
963
-1380
113
-988
-534
373
766
-886
-385
-511
-10
154
-1956
412
583
401
-2066
412
-62
-157
-1677
278
-53
-943
-649
376
393
549
1240
-963
0
-2790
-285
-780
1058
-1863
598
456
173
-680
-89
624
-176
28
113
-515
-928
-1299
2290
-1800
158
-204
-1549
130
15
-60
-1072
-260
169
56
973
-29
1157
-808
-291
569
1926
74
-1391
-1204
-1999
-314
849
618
157
-1059
1841
1402
-1710
360
-1446
452
403
285
690
319
514
63
2062
-782
-868
-45
-446
122
-627
842
-962
-2
951
2044
-237
-831
-543
-1579
-1468
847
1392
-465
292
127
-281
-596
-78
-144
528
893
469
1785
-729
1021
950
-252
1432
582
744
-474
976
1632
-290
1321
-238
13
-67
116
999
1537
1952
386
315
-1168
-834
-856
999
1672
-646
130
-482
-80
-548
833
1194
1874
1068
-1306
668
1059
1247
90
419
-645
365
49
582
-978
2294
-579
1476
660
1465
419
1
-157
581
-1716
-941
103
-12
3348
439
84
-665
1078
1014
-1437
598
-616
-334
364
1604
-1533
-789
61
-969
495
133
679
528
-665
1268
39
152
519
421
-430
758
-828
832
481
280
1071
1618
-724
-276
716
-110
170
-839
-894
926
-1661
-591
1645
164
-2393
843
1133
-1901
1098
-533
-2313
-296
-381
-1178
450
-148
1495
597
-718
2078
199
-835
1207
-1020
-281
-1295
196
1329
-79
24
-889
-840
-987
567
-276
10
-512
-1199
449
-434
-1081
1603
402
1363
-1213
1134
517
559
-353
872
960
-816
311
-2699
449
-958
-997
-1579
-139
-91
-588
-724
147
-1108
-499
-1471
-976
-933
-14
-596
-700
-244
-250
-910
612
-271
1377
-478
570
-1190
444
-1029
-783
-538
249
921
646
-679
56
71
1011
-84
-397
514
1396
-116
-529
200
752
-308
-1016
712
-97
-2055
221
-132
-1820
132
-901
1482
78
712
-171
106
-481
428
-628
944
334
-707
-1202
-305
179
2813
-3084
-1110
81
582
-1121
-28
1136
1789
1477
-770
-834
-1290
475
-1543
-736
177
529
1041
-231
-486
-399
243
-819
912
271
-179
-640
1350
1300
962
-711
1087
-70
-804
1558
-873
2156
434
351
-63
-707
-1201
-290
409
-209
-794
682
-228
1632
665
-1332
-176
-807
-605
119
-335
236
899
-729
47
2257
-757
-335
1539
698
-1329
208
-676
73
-22
103
383
-385
1247
320
-579
-2185
-179
172
-1189
-157
-1474
-2380
-194
204
423
-44
-1280
-191
196
1236
-654
288
-307
-4
679
-976
6
696
1212
603
137
-26
-637
768
508
1541
-6
-874
-160
-57
906
-896
989
144
-439
-326
2306
894
-1628
-577
-91
1279
565
-323
-1162
158
-1389
1252
1404
-1278
-293
171
-48
-152
98
585
335
1064
1004
759
-673
-729
-33
618
275
43
-1468
279
-925
-187
1187
1162
535
948
241
262
-1469
-903
-1463
-483
-700
-233
576
-2334
630
-205
-959
861
-203
-1646
1333
-1226
167
-1059
-814
-676
-979
948
-5
1350
-87
-1088
-436
-1398
-449
-630
1205
201
-434
92
-463
-855
-378
521
-1481
962
-16
-370
-1517
-995
-241
-818
1139
-544
-156
-5
-17
1081
-381
13
1235
-433
-1266
550
-967
1031
1316
-1190
-2294
-62
-1275
-760
1098
1358
-620
1087
851
101
823
1520
-947
292
2043
115
155
-747
534
911
-490
-1558
698
424
761
1277
2
-584
323
-445
420
948
751
25
-1837
-1835
-1510
565
-1096
238
-460
82
46
256
530
1408
-880
-357
840
-24
-1169
-725
-1346
374
-447
486
461
-1046
-1323
-646
222
-560
-2191
-195
-290
-1343
1362
2080
128
-335
292
-516
1788
-350
327
-310
-106
421
-942
191
398
432
-670
216
-669
-709
410
298
-581
1500
-476
21
169
-176
-586
-2176
-471
-47
1077
48
-356
881
-652
685
-558
290
1524
1447
2004
-520
-1069
1515
569
438
-436
327
1031
-567
421
429
-947
-70
835
-465
-104
-1465
1275
-629
1243
433
386
-2445
-661
1412
-168
379
251
-887
1159
-175
250
-219
-1047
1921
-583
1581
-683
1486
58
950
824
521
-913
572
625
-756
615
-277
-97
241
345
750
-296
-613
-1183
-990
1673
-580
-1213
136
835
-845
239
964
110
-499
965
976
-364
-597
-34
1109
-171
-342
-560
791
-605
1109
73
1354
855
455
-955
-595
-299
267
-122
619
-736
111
-494
1189
-884
210
581
77
1038
-580
36
622
206
-817
430
-1448
1111
1009
-440
779
-1429
-53
870
-789
-28
-641
334
68
590
-14
741
801
407
1115
96
-1861
1764
541
-226
-3
-362
256
934
1117
1160
-495
-923
-746
-1532
-351
562
-1158
1264
-36
-661
1525
1661
-838
-933
555
940
36
1187
179
-270
-744
-269
-435
734
-376
898
-360
-967
483
-617
-465
-1639
180
184
600
-830
816
835
2018
117
-130
-70
-696
-464
1228
-411
-1
559
1113
1027
799
-279
-1620
482
-300
-145
398
119
-316
1341
620
-22
-242
2520
334
-4
-267
882
1527
552
-1154
846
342
1578
-144
1238
-559
806
2641
-1248
1001
2784
-965
74
-212
680
-344
-107
1304
1010
-714
103
494
1269
538
1247
244
1461
-599
666
809
-630
1785
57
-522
-1216
337
2092
-494
-485
-235
-1370
185
502
415
-292
445
964
1017
1362
304
354
44
219
710
661
1140
-606
289
-439
-2121
-463
-274
431
-44
-67
277
-1762
-1185
1244
-1273
679
-1464
-491
-1777
1288
645
-363
-717
-279
-2224
541
170
651
422
439
-610
665
-313
52
664
552
549
-545
458
-26
-692
1563
64
-311
-359
24
-675
1421
1881
-920
871
-441
-493
-1109
-121
398
-977
-962
-90
1036
1152
779
-1225
523
-984
-1044
-1135
-660
382
-680
-601
650
665
-117
946
52
-517
-956
1417
108
-287
430
-1364
1082
1253
-658
614
-1316
744
916
-565
-1331
-998
-533
410
-583
-896
263
174
470
1042
1874
-22
577
-19
-564
-6
262
1278
633
170
128
-1332
-1001
-1126
885
-175
-170
642
299
745
434
1085
554
-1196
-1247
921
-1281
717
257
685
-712
-828
-440
-55
585
-325
40
-245
-662
-1144
-812
1385
718
305
458
663
-1615
295
384
-824
-464
-774
865
-1383
-938
-1103
57
-223
210
1406
1157
130
-860
2117
53
537
-1000
1321
-187
-280
-208
-434
-1597
-710
639
541
287
960
-1755
-785
118
865
-1145
590
-724
2603
222
-1299
-350
-271
-1004
-356
-62
58
-472
-190
-745
-59
663
1903
834
234
287
-412
900
-1431
1347
-11
848
1165
-219
-938
568
-1395
539
-700
-322
-101
130
-514
-655
1108
451
565
-467
41
-1375
839
234
-928
845
-171
1554
401
-98
1991
838
365
455
-345
-1199
-996
-96
1058
-579
1243
-682
1250
735
-957
523
1005
-368
1397
-2280
303
193
-126
-1338
-555
248
-1683
-882
717
1140
445
164
589
-379
716
739
-2062
-314
317
-1182
-2480
-1183
-1
-337
-289
28
-92
-446
594
-134
-558
-32
1498
740
-858
272
1451
-210
-50
186
414
-442
735
-234
2027
1451
-2124
-815
413
-912
69
572
213
636
786
-938
-882
-315
43
-704
-511
819
212
-977
-400
-402
-1153
-637
-349
1614
514
698
631
1254
-188
-602
-1892
-1042
-1001
254
2268
649
-541
-144
420
319
0
-681
-48
442
-394
-242
-186
638
-366
465
2065
527
-595
189
734
-1587
668
262
-875
-124
308
1295
1427
96
95
339
-234
356
-2066
2699
388
-786
546
202
-510
910
1120
-813
289
-614
-433
1426
2294
-668
763
-741
-359
-648
-22
-203
-1718
-730
-1168
3
-1177
-1345
-172
721
97
-973
-1246
535
1236
-83
532
217
-172
191
-500
43
-252
-667
-1931
623
-2080
999
-923
-521
86
866
-514
1441
435
-326
-472
1868
-28
-271
-1381
-180
-223
-2297
-373
-130
-2261
-301
-292
-1891
-1056
62
-1113
481
1379
-101
-112
-343
45
935
962
-478
2829
72
873
559
919
-439
-648
785
-1010
684
38
615
234
-741
725
-134
-304
959
-384
-810
-1258
1233
1255
284
-622
53
1193
-437
-950
1867
-459
425
1187
-563
32
-677
-576
424
204
-93
-108
723
-1662
-1313
1033
-358
466
696
1112
-60
578
257
1021
-18
-1094
-1636
-667
-432
-1083
803
38
1392
144
188
-2202
-708
-211
587
-311
-593
1227
37
485
-3207
-888
369
80
-1097
-573
-224
-365
1081
-347
660
-762
-2023
-373
1798
181
-959
-996
213
-600
106
552
-902
355
-1800
556
36
-1621
-1361
-424
-1531
264
-1000
690
-792
-7
-573
1085
-50
-1094
312
-388
-462
888
969
-678
-625
-21
1624
-246
325
-674
-954
-263
-912
15
53
-755
-327
-203
469
-1245
578
476
1548
768
518
-495
612
-1237
-283
-501
-1176
1399
1585
-432
789
522
-246
602
-40
2335
-84
579
-1413
-327
248
-246
-796
101
-50
-218
11
486
1419
297
642
318
89
581
882
-662
-205
-886
-308
-197
1619
1047
548
-761
230
1258
863
-1913
428
-483
-1446
677
675
670
113
861
1379
-735
-818
367
-1106
-483
398
-1391
-852
1391
229
-1583
659
-736
34
-37
1023
1236
-1516
-1139
232
-763
671
-166
-835
612
-139
-1275
184
142
-1055
473
-503
-104
-204
-871
1899
-205
-1288
955
-592
-645
469
1579
152
1073
571
-174
-1448
789
-344
-170
-746
-375
-546
899
392
881
337
-1122
-724
1150
335
524
-60
423
-740
-1349
1314
-1999
769
1110
-107
-2551
1095
-130
931
931
-568
1526
-553
1412
-378
1481
-537
-448
705
-1132
-653
-1429
-343
-1173
2544
-371
-1769
76
978
1335
-215
-159
-268
-952
-610
517
-616
1019
315
80
-1456
-445
-389
262
-1076
332
830
936
-604
-586
987
179
1727
1016
259
-953
-1345
372
303
1308
-719
152
-1255
-318
-1073
1628
-200
1672
664
-257
301
-59
-260
-348
-240
-1321
592
36
-286
301
768
1035
-166
34
459
498
-993
-271
693
-127
1396
-314
-869
540
-515
-345
1039
266
-380
250
-759
-573
-2017
431
-1396
-393
768
-346
-1256
-1184
-106
887
1531
-2080
-378
-74
333
880
-59
395
-689
-812
-1207
489
303
-966
-180
-323
-2031
-4
-2345
267
662
-315
-312
357
-1364
891
-184
62
814
-571
1198
399
-12
112
-480
1198
661
117
-656
-625
-1272
1006
571
-168
1336
-2817
-1288
-481
198
-459
-2148
5
881
1009
-1391
-894
-842
895
358
-345
-429
-530
-601
-1983
-2269
509
-850
384
1844
-107
802
229
1383
-433
-1035
-276
1841
-518
-603
-893
84
652
580
-133
-347
28
-56
-821
741
-156
-944
834
-1093
-1103
670
-2057
-2200
639
-292
-224
860
-1915
1363
488
2071
-327
70
234
-1112
-1434
-1961
-1195
-295
1374
925
439
679
-2512
-20
-1303
86
2875
-733
818
8
419
14
434
1345
1107
330
1885
-426
383
-471
397
566
-430
-1407
-274
270
978
1325
-266
-255
-854
592
605
-897
1188
995
351
-57
-1044
769
222
894
546
854
-895
-1828
-1912
-793
-642
-1235
2354
201
1130
691
-255
-166
-158
551
-474
-1447
-1428
1111
1277
-570
-1233
-1204
-997
1873
1646
1475
-9
-14
1042
-225
167
-485
-396
84
1259
-296
-502
3
1149
-669
-1008
-466
347
695
-169
289
-673
133
555
-473
-1290
-1100
-12
-13
-766
683
62
-1367
232
402
-137
-1175
366
217
-633
-1483
104
1571
1118
-922
563
328
357
130
-525
977
-151
-331
100
62
863
127
2379
-1080
729
-216
39
-1014
-419
-301
-975
-835
-561
510
1462
843
-420
-1627
609
-1245
280
1431
926
535
-379
-1696
690
27
-1070
-552
-194
556
1031
173
-1406
179
-1229
304
-9
-438
-502
-160
1029
309
2402
497
465
1032
-36
374
525
82
157
-1006
786
40
-837
-542
-115
583
-283
1615
89
-882
-153
89
-157
1589
-261
-414
-604
135
-662
-1827
-1804
153
-127
-583
-446
-428
-950
396
19
9
1418
-327
-1203
58
-827
-334
966
-219
998
828
-1816
2054
682
1157
2495
574
700
523
1516
-428
206
581
-339
356
-1012
-467
-1578
-691
-796
161
504
2363
43
1116
796
-234
-53
-79
-1685
415
-1042
247
-503
706
115
-445
-479
-226
-978
1969
-1983
2154
-832
65
130
366
1034
-1352
107
120
726
-10
-870
-1765
64
-719
-595
25
-194
-402
381
551
1300
1333
-266
456
-184
886
816
-1640
-792
142
-33
608
-83
575
137
1317
-334
-869
-1961
-2410
1166
-902
-426
-399
-433
1727
172
-1710
2790
1239
258
806
1254
-218
-243
-460
1993
439
2011
-952
-1234
-982
-64
-388
-807
222
-981
474
-268
-596
-779
-359
-920
-780
430
-78
20
888
388
316
257
1193
-532
-697
344
1347
1657
-732
-1042
1271
753
776
-369
-641
-1209
393
152
818
-1185
-450
-909
-375
727
-1390
546
-869
471
476
1501
-740
-584
-976
-173
1077
-1282
-481
-108
99
-824
107
2234
195
404
45
1035
-11
-1103
-328
-1324
308
186
-248
-598
883
653
623
-458
-655
359
-1001
-1022
-650
-644
402
1232
-254
-977
-301
-370
1089
226
-256
24
-1382
798
-514
223
1112
126
286
-532
250
616
1851
-277
-1106
855
999
2216
387
563
-1911
-1222
-1301
490
1941
656
-167
-583
450
-1146
-1116
-596
-1071
-989
685
226
-2382
2186
-1779
-155
2320
-1290
-348
39
438
-750
-966
407
1022
-153
-173
-108
-622
484
243
374
-340
840
-1750
918
-107
1420
-1269
-30
46
-157
-833
-1661
-128
-82
-424
1407
275
-456
168
507
843
223
911
-360
1101
-890
756
-227
517
-746
1729
753
517
43
-1635
688
53
-733
1752
-36
-659
-884
-445
388
62
58
84
722
282
1591
-314
-1213
-438
-286
-332
-221
898
1288
-266
-1081
-869
-1240
-221
493
291
76
951
1259
-504
-647
461
814
565
1928
667
-991
-754
-1582
410
245
793
-2024
1008
663
819
938
1062
-140
-501
749
-371
93
-1187
389
-462
227
-260
-1838
-520
1173
406
-818
-1049
126
135
1022
1377
-595
347
234
82
453
-916
57
-210
633
231
-825
-74
-1134
-1865
750
1220
674
648
-161
-703
3193
-583
1248
-194
-1030
-623
-346
-1984
372
695
-104
-495
35
1076
419
-825
-54
381
537
-308
-954
35
-446
660
-472
250
-699
-204
47
199
-1493
-405
1203
745
-768
-1921
243
-902
611
1483
-863
354
694
630
1519
1609
-968
698
107
1212
643
-780
1098
677
-8
-1120
-245
-1428
274
1465
-226
773
318
-403
1540
836
890
-692
449
207
816
-127
-605
-649
-374
1176
1457
-1193
-1013
-105
686
-1071
-2744
-180
-616
1524
1200
-1145
1400
-1441
784
-1010
1379
402
-27
2153
1493
-164
686
991
453
-1330
354
-1595
-746
-1536
971
-248
-834
-219
1196
-446
-709
858
-414
-369
885
-417
128
1392
223
229
-1354
-331
462
-727
892
944
526
1229
-1264
518
460
-442
15
-469
-1329
445
-829
-936
688
1275
523
374
-603
466
1900
2156
352
401
183
-100
1377
-1604
118
389
911
-233
354
40
-918
40
-1346
1980
832
-2148
-1002
81
-269
-43
735
997
927
-331
-2726
-722
-1788
-719
-114
527
-1132
-715
-1132
-4
-290
1229
-657
-1750
-1807
-889
1137
-419
1571
-300
-211
-537
-1155
1395
268
492
726
279
-338
-593
37
-912
2075
-1143
-67
446
-276
-524
-658
1379
802
-1044
265
-206
1798
-1100
773
-1685
-727
-14
-718
149
160
812
-1127
724
-319
1348
399
869
-7
-92
-1498
53
1417
-1139
161
50
-951
-311
0
-801
238
-2369
-1558
-53
-876
1449
-469
2185
-34
-287
-1704
1090
-570
1292
787
-1211
-58
6
-599
558
300
-84
-188
57
-390
-1409
604
-1604
386
-80
404
553
245
-574
374
-90
522
-293
736
1774
-1254
-788
676
-1388
1426
1512
-494
-354
-190
188
1006
-20
-744
-444
-1872
1449
-564
827
194
-813
-797
1472
-1787
1565
-212
511
-1858
261
369
1210
2009
324
-952
-276
845
960
589
790
-751
-1735
-1132
-312
439
-1694
178
224
-285
-802
-64
661
1180
156
364
-471
649
-887
1022
-14
386
-597
61
1134
722
273
432
-123
-159
1736
-924
1427
-787
1227
-694
-1016
-482
-1658
-450
-1124
788
182
1637
1049
1343
-104
834
-589
694
1074
476
-99
-439
330
-212
159
135
-2255
-227
-357
-404
-755
828
694
-552
-1291
216
-284
240
-593
-687
-620
-579
-596
1066
898
-34
-971
345
-292
873
-601
-221
1648
86
1263
-1175
-345
930
1137
62
-533
-1482
-673
2130
1482
595
-1005
-2038
835
-383
106
457
-340
-305
162
750
-722
189
-692
1528
-632
609
1185
842
-1844
-157
879
-53
237
833
372
-443
128
292
319
-1491
708
-421
-471
-1357
-1395
1166
-1040
-102
-1692
1285
493
-1078
-2160
762
1918
-1837
134
502
961
364
-628
1041
933
530
-1676
-96
-466
198
1031
-880
776
740
902
-1989
-455
145
-944
-504
-216
705
1991
-338
-338
42
213
-630
142
710
-755
-1117
-1448
27
306
1026
244
884
1192
158
-496
-30
1019
-907
-2958
-326
1535
-819
282
1777
151
453
268
-1436
-124
-1640
-213
1826
-804
-774
-1573
153
-845
-1274
1987
-608
852
57
-820
699
263
205
-498
577
702
-631
942
-204
433
1150
41
801
-445
984
-453
-2511
-912
-1598
-896
1154
-724
922
-787
-883
259
-322
133
1388
-444
1125
-316
404
-685
1592
658
-106
1452
351
-1878
1057
-961
1222
521
587
248
-326
455
45
661
-1497
93
-629
-24
-897
-1963
-857
-2107
-1037
-1552
298
-625
163
606
562
-183
1512
726
-1039
-464
1002
-78
1187
387
-749
-305
-418
1252
-983
974
537
591
1198
-772
-686
-327
-88
47
681
-175
-1271
-724
-1756
229
776
-604
886
-721
498
-597
713
993
1158
-836
-792
-302
-926
628
-1377
-486
763
407
650
487
-144
602
-405
-1116
582
-705
542
626
992
684
-459
-712
1168
479
-603
567
-271
-900
714
-983
-351
-859
324
205
-516
-377
-495
1024
-738
117
-432
-577
814
-1152
223
-1065
1219
1088
97
-468
1344
-555
-1103
1595
615
481
-1354
897
112
-1265
871
1694
344
399
326
-1203
113
1725
1498
-945
-1093
449
1838
892
2050
245
1329
-293
507
-836
-1002
755
-51
880
201
300
1059
103
1022
135
443
-1319
161
-727
1364
101
-1173
-208
-1589
-2332
-1347
-525
-752
-119
757
-562
-597
-633
210
1432
-496
1452
-1215
394
-777
16
810
490
-818
661
170
-1251
-345
-542
-462
116
1076
440
-152
-251
1271
1067
209
-218
705
-346
993
-1481
-1248
842
-294
608
-271
711
-671
561
317
266
-373
742
352
1573
1103
314
-138
-1382
379
-21
-216
-1573
758
1608
978
-1031
618
-120
630
782
-66
4
670
-1051
611
1240
-896
-1726
-248
1052
-912
88
-1161
116
323
1556
-429
-1692
-1435
-469
-529
-257
185
-1267
2949
-557
-119
-158
-1868
-104
-1024
-1368
-96
442
152
-1119
-379
479
-1066
-35
-990
-58
768
1029
559
841
977
648
329
37
789
-311
-1207
1005
-286
-463
856
51
-530
-674
-574
985
-1006
-688
-637
449
-699
1164
-1569
-591
1055
480
601
-1349
-1324
-383
-137
-1159
437
-571
602
917
-172
703
-1621
1334
344
-394
-67
-220
300
-1372
168
-179
-852
-311
931
-179
442
-522
249
-35
85
-85
16
452
-344
-471
-190
220
-582
-558
736
137
988
280
-1107
748
659
-256
596
-491
-313
101
154
-310
-628
422
93
-89
-1356
-1040
-1180
-260
-377
-498
-1425
-1144
-218
597
-1256
-17
-223
-217
438
148
-1674
-188
-1739
-239
443
-1669
-1079
1385
-838
-613
-289
-455
-506
-90
304
-80
-766
-1571
-1172
371
417
421
411
1181
-1609
229
-342
27
-450
-97
-931
-468
-375
465
1057
444
1466
774
70
-520
-986
-471
-302
-499
524
-1281
55
1335
-776
1012
2285
1188
-276
1089
320
1280
296
-1077
-767
300
-611
-82
-806
1173
1282
1301
-759
815
878
833
-320
-335
96
293
-643
1114
-1022
1356
-1176
-1324
1128
906
315
1248
-809
1335
531
-957
324
-59
-1723
777
-629
171
1340
2488
281
-142
-1303
-1083
969
-486
-1078
-366
-402
-1205
-600
1653
51
-266
1853
1255
-422
-1469
-222
204
-618
608
-255
907
217
172
-325
191
-503
70
-888
-1586
-698
51
1055
457
-753
-211
831
513
-1522
293
466
254
-811
1626
553
690
-2027
-1239
-1231
621
212
1319
-236
-492
-758
564
-902
675
-995
1353
-1081
-200
-706
926
229
-21
-997
-5
316
320
-248
1192
-133
503
1070
-601
-737
-195
108
155
-131
-94
-326
-402
414
-1241
-1000
-888
-1221
606
-948
-708
-2178
1181
-654
-1315
94
967
-1929
471
-282
727
889
-2164
2114
452
177
1392
1576
2004
874
44
1018
389
-447
-1001
127
213
651
-595
585
34
592
-848
-512
940
983
467
456
119
36
1216
-678
-1079
-712
616
-1354
-1402
-1544
750
378
-1053
372
-410
-983
-929
-877
1261
233
61
-774
-1019
-696
-1280
710
299
-97
298
1096
-372
181
-1298
-408
-134
-836
-249
-704
-436
-720
1091
-1374
184
929
134
-847
93
-1680
687
130
-1501
-323
745
503
241
1274
807
1147
1578
697
-737
37
-1155
-31
329
2040
-948
248
237
-200
931
-744
-281
714
1044
-525
-1326
-1031
171
-1054
-444
404
565
-578
76
-1497
-350
-423
1098
-393
949
898
-178
-1503
-2083
2254
848
-1853
455
-136
-1589
564
-553
582
441
-89
638
-156
467
-1442
-400
99
1956
-947
400
973
-746
453
-1472
118
-667
-466
348
-471
-905
532
-910
723
1247
1136
-240
406
-317
-596
767
-477
-1360
-1861
-196
-139
-499
671
551
195
468
-769
677
1043
-868
74
344
-898
710
322
167
-410
877
972
-569
-419
730
643
-179
151
-240
-759
233
859
-14
187
-407
-411
799
665
-870
1848
-953
-792
37
-1057
-206
-1254
1019
-747
-528
-187
709
1202
-524
396
38
265
1293
-142
-1290
-262
786
-175
582
-239
960
-150
653
1046
1080
915
1103
1105
755
-992
-287
-1005
-115
-1011
653
-282
-838
-797
2
-955
346
-102
136
-853
710
-824
-230
-536
-17
876
-2106
-1185
1179
377
1464
-1475
-73
-855
-221
498
225
589
-990
-2273
139
-403
-1332
-110
-1688
381
-937
203
175
-542
-1371
-2071
1045
-914
576
-557
273
-449
905
-1280
1958
-280
680
-768
607
-736
-1007
-337
468
1037
-1200
1068
-1209
-18
-1164
-722
519
-754
342
2111
-542
195
-1439
380
-403
-432
128
101
892
1172
-165
-1200
-554
-1693
-93
1574
1104
-122
-1035
772
1528
794
1113
365
-212
46
-473
121
-473
-1415
1039
318
-563
-415
253
-735
-393
-506
1180
-1471
-1018
499
1266
-50
1100
109
-82
-470
-1595
-978
-616
39
859
920
707
-2217
251
-1358
-267
698
-1229
-455
1581
-279
-39
-987
-329
-204
261
560
-1779
1489
-152
552
-767
-1486
-768
324
1218
1069
-441
31
380
1451
151
549
-1628
-959
1982
-891
-1406
57
969
427
-618
995
-774
-1124
474
-554
135
1026
-245
-83
969
63
308
989
130
-409
587
77
197
328
-266
-750
118
66
1727
638
-884
-101
75
-146
327
-1119
537
35
-18
-756
-540
213
-43
-780
-427
588
-157
318
47
-997
1641
-204
153
1739
2144
-317
1098
153
733
63
-826
-345
-168
-1417
-798
-1008
1086
-254
-822
-652
367
652
-1128
-1006
-678
-390
-1037
183
-304
-726
-582
2057
950
-86
-610
-1841
1050
195
-1364
763
-1440
-499
-107
267
793
937
304
-1122
-310
-396
253
1447
455
1090
1812
2535
5
496
-18
-1489
-733
583
-198
640
1249
1180
699
-231
307
-1226
606
745
432
27
1321
-701
1861
1163
-291
-86
952
-719
836
178
-658
-1268
-552
-743
732
-211
-260
1556
-365
825
-97
-1870
614
-117
-236
-311
-895
865
796
-543
-1146
-966
348
-457
-374
916
-112
-228
1144
278
726
-1109
-934
-1383
-1160
323
219
-750
-360
1316
-1610
832
-1146
327
-227
733
775
1103
-324
749
779
-739
-506
68
-1017
648
1174
-1345
-485
-466
164
1446
394
-1891
-37
-397
1593
294
-1981
1490
-1476
572
723
1811
-137
-1393
1374
15
-545
1131
-499
-338
519
1235
1123
423
-1122
-1050
-1984
-868
-281
778
-975
1164
1468
-51
329
-1293
-592
703
-190
142
2143
-312
-184
-1053
354
385
-611
-553
-693
-206
-515
-780
-963
-480
275
-2173
-489
-460
-800
1430
552
641
200
-553
-1544
-1342
-460
-201
